10 8 250 100000 1
8 15 200 80000 1
10 2 123 49200 0
63 13 1575 630000 1
51 26 1275 510000 1
75 43 1875 750000 1
8 12 200 80000 1
17 20 425 170000 1
91 14 2275 910000 1
99 13 2475 990000 1
41 30 1025 410000 1
86 36 2150 860000 1
60 32 1500 600000 1
29 19 725 290000 1
85 28 2125 850000 1
44 12 1100 440000 1
1 2 25 10000 1
10 21 250 100000 1
5 8 125 50000 1
53 31 1325 530000 1
68 40 1700 680000 1
16 13 400 160000 1
58 55 1450 580000 1
1 2 25 10000 1
28 18 700 280000 1
2 4 50 20000 1
85 16 2125 850000 1
87 27 2175 870000 1
99 20 2475 990000 1
10 13 250 100000 1
42 20 1050 420000 1
35 1 94 37600 0
50 22 1250 500000 1
92 12 2300 920000 1
48 38 1200 480000 1
88 39 2200 880000 1
92 18 2300 920000 1
71 36 1775 710000 1
20 14 500 200000 1
13 6 325 130000 1
85 32 2125 850000 1
1 1 25 10000 1
20 18 500 200000 1
76 27 1900 760000 1
8 11 200 80000 1
56 75 1400 560000 1
56 19 1400 560000 1
44 26 1100 440000 1
92 21 2300 920000 1
64 37 1600 640000 1
10 18 250 100000 1
84 41 2100 840000 1
7 1 73 29200 0
10 1 76 30400 0
73 19 1825 730000 1
35 14 875 350000 1
5 10 125 50000 1
19 10 475 190000 1
45 13 1125 450000 1
65 43 1625 650000 1
37 64 925 370000 1
57 22 1425 570000 1
4 4 100 40000 1
34 5 402 160800 0
84 22 2100 840000 1
3 5 75 30000 1
81 12 1469 587600 0
46 34 1150 460000 1
3 1 49 19600 0
72 16 1800 720000 1
50 15 1250 500000 1
38 11 950 380000 1
10 14 250 100000 1
69 9 1562 624800 0
51 14 1275 510000 1
68 31 1700 680000 1
7 6 175 70000 1
72 17 1800 720000 1
24 10 600 240000 1
59 42 1475 590000 1
25 8 544 217600 0
18 17 450 180000 1
36 45 900 360000 1
19 26 475 190000 1
62 3 503 201200 0
2 3 50 20000 1
36 22 900 360000 1
11 15 275 110000 1
20 7 500 200000 1
39 24 975 390000 1
7 5 175 70000 1
22 3 321 128400 0
69 7 1155 462000 0
71 23 1775 710000 1
57 24 1425 570000 1
77 60 1925 770000 1
8 16 200 80000 1
47 28 1175 470000 1
50 23 1250 500000 1
97 3 354 141600 0
17 1 77 30800 0
55 31 1375 550000 1
94 25 2350 940000 1
9 11 225 90000 1
17 25 425 170000 1
54 19 1350 540000 1
4 2 100 40000 1
38 4 429 171600 0
59 15 1475 590000 1
13 10 325 130000 1
2 2 50 20000 1
86 11 2150 860000 1
91 21 2275 910000 1
22 10 550 220000 1
42 15 1050 420000 1
8 19 200 80000 1
96 14 2400 960000 1
41 22 1025 410000 1
29 8 725 290000 1
78 18 1950 780000 1
76 21 1900 760000 1
10 6 250 100000 1
21 1 62 24800 0
10 15 250 100000 1
70 12 1750 700000 1
60 7 1335 534000 0
33 18 825 330000 1
98 18 2450 980000 1
64 22 1600 640000 1
77 20 1925 770000 1
81 19 2025 810000 1
45 17 1125 450000 1
7 1 76 30400 0
27 24 675 270000 1
24 23 600 240000 1
56 8 913 365200 0
47 39 1175 470000 1
62 16 1550 620000 1
80 25 2000 800000 1
74 49 1850 740000 1
34 3 391 156400 0
4 7 100 40000 1
96 8 1537 614800 0
18 3 157 62800 0
45 108 1125 450000 1
34 14 850 340000 1
16 2 135 54000 0
59 21 1475 590000 1
90 27 2250 900000 1
58 16 1450 580000 1
68 8 1484 593600 0
63 27 1575 630000 1
29 1 60 24000 0
25 25 625 250000 1
46 35 1150 460000 1
96 27 2400 960000 1
28 8 700 280000 1
50 24 1250 500000 1
61 25 1525 610000 1
74 10 1850 740000 1
26 4 379 151600 0
75 23 1875 750000 1
73 3 339 135600 0
66 33 1650 660000 1
22 15 550 220000 1
28 2 286 114400 0
94 10 2198 879200 0
70 30 1750 700000 1
20 12 500 200000 1
95 5 556 222400 0
56 5 735 294000 0
38 7 750 300000 0
63 13 1575 630000 1
65 5 862 344800 0
10 2 180 72000 0
38 4 373 149200 0
85 7 1489 595600 0
25 8 625 250000 1
39 9 975 390000 1
41 7 630 252000 0
31 9 775 310000 1
61 11 1515 606000 0
54 2 243 97200 0
86 9 2150 860000 1
15 4 266 106400 0
65 6 760 304000 0
83 7 943 377200 0
48 8 853 341200 0
7 7 175 70000 1
53 6 824 329600 0
67 11 1675 670000 1
12 2 169 67600 0
58 11 1450 580000 1
21 3 229 91600 0
27 3 212 84800 0
29 11 725 290000 1
88 5 756 302400 0
73 15 1825 730000 1
3 2 75 30000 1
41 10 1023 409200 0
33 9 702 280800 0
8 4 200 80000 1
15 1 71 28400 0
58 7 827 330800 0
57 9 1425 570000 1
67 12 1675 670000 1
30 7 750 300000 1
87 7 725 290000 0
22 3 248 99200 0
99 1 84 33600 0
78 8 989 395600 0
29 2 258 103200 0
4 0 0 0 0
50 1 70 28000 0
54 5 422 168800 0
50 6 578 231200 0
35 1 111 44400 0
97 0 0 0 0
57 8 1425 570000 1
32 0 0 0 0
59 2 177 70800 0
82 2 195 78000 0
39 7 975 390000 1
32 7 800 320000 1
80 1 213 85200 0
87 8 701 280400 0
35 4 579 231600 0
37 4 712 284800 0
2 0 0 0 0
70 5 1029 411600 0
85 0 0 0 0
49 6 586 234400 0
99 0 0 0 0
8 1 76 30400 0
29 5 591 236400 0
88 1 110 44000 0
73 7 1464 585600 0
84 2 422 168800 0
5 1 47 18800 0
41 3 245 98000 0
84 0 0 0 0
68 0 0 0 0
44 4 301 120400 0
1 0 0 0 0
34 6 847 338800 0
98 2 571 228400 0
39 5 542 216800 0
58 6 1103 441200 0
3 1 69 27600 0
50 8 890 356000 0
63 0 0 0 0
34 7 850 340000 1
4 0 0 0 0
69 7 952 380800 0
69 5 1105 442000 0
81 2 385 154000 0
70 4 416 166400 0
79 0 0 0 0
12 8 300 120000 1
31 11 775 310000 1
5 4 125 50000 1
75 2 168 67200 0
65 22 1625 650000 1
78 16 1950 780000 1
56 10 1400 560000 1
26 8 645 258000 0
31 22 775 310000 1
86 21 2150 860000 1
24 14 600 240000 1
75 1 73 29200 0
59 16 1475 590000 1
18 1 43 17200 0
11 3 155 62000 0
63 5 478 191200 0
24 2 351 140400 0
77 9 1184 473600 0
17 9 425 170000 1
35 0 0 0 0
26 6 650 260000 1
96 4 656 262400 0
57 12 1425 570000 1
74 7 1005 402000 0
49 3 371 148400 0
12 3 189 75600 0
99 1 89 35600 0
52 7 1064 425600 0
52 7 1046 418400 0
4 1 69 27600 0
33 6 825 330000 1
40 0 0 0 0
38 5 465 186000 0
30 10 750 300000 1
29 7 725 290000 1
50 10 1132 452800 0
67 6 1148 459200 0
59 7 1155 462000 0
34 15 850 340000 1
82 13 2050 820000 1
80 17 2000 800000 1
75 0 0 0 0
45 17 1125 450000 1
11 8 275 110000 1
29 11 725 290000 1
87 12 2175 870000 1
27 3 267 106800 0
14 3 189 75600 0
80 4 724 289600 0
33 6 542 216800 0
71 20 1775 710000 1
82 0 0 0 0
73 0 0 0 0
63 20 1575 630000 1
72 23 1800 720000 1
44 12 1100 440000 1
37 5 599 239600 0
86 7 808 323200 0
84 6 843 337200 0
76 9 1455 582000 0
55 12 1375 550000 1
14 2 157 62800 0
26 18 650 260000 1
70 1 148 59200 0
43 22 1075 430000 1
54 18 1350 540000 1
54 3 595 238000 0
27 13 675 270000 1
34 5 577 230800 0
65 13 1625 650000 1
83 10 1766 706400 0
77 6 662 264800 0
54 15 1350 540000 1
43 6 916 366400 0
26 1 128 51200 0
49 2 217 86800 0
70 15 1750 700000 1
65 8 1625 650000 1
17 13 425 170000 1
14 17 350 140000 1
21 7 525 210000 1
64 16 1600 640000 1
82 15 2050 820000 1
13 11 325 130000 1
2 1 50 20000 1
64 7 1277 510800 0
45 1 57 22800 0
65 11 1625 650000 1
52 3 631 252400 0
11 6 275 110000 1
54 0 0 0 0
81 14 2025 810000 1
27 2 195 78000 0
61 11 1367 546800 0
36 0 0 0 0
32 2 227 90800 0
24 13 600 240000 1
30 15 750 300000 1
60 9 1066 426400 0
69 0 0 0 0
95 7 1400 560000 0
47 11 1154 461600 0
29 4 446 178400 0
34 1 109 43600 0
65 21 1625 650000 1
19 0 0 0 0
51 0 0 0 0
73 14 1825 730000 1
6 4 150 60000 1
4 0 0 0 0
74 1 202 80800 0
60 10 1105 442000 0
38 8 901 360400 0
76 0 0 0 0
85 12 2125 850000 1
89 9 2078 831200 0
6 0 0 0 0
21 2 213 85200 0
86 5 644 257600 0
77 23 1925 770000 1
7 3 175 70000 1
