9 1.56097560976
20 1.56339869281
12 1.5661971831
2 1.53846153846
11 1.53846153846
4 1.53846153846
15 1.53846153846
1 1.53846153846
7 1.53846153846
10 1.56144578313
8 1.53846153846
19 1.5829787234
20 1.57525773196
1 1.53846153846
7 1.53846153846
8 1.53846153846
2 1.53846153846
18 1.53846153846
8 1.53846153846
16 1.57108433735
5 1.53846153846
8 1.53846153846
8 1.53846153846
6 1.53846153846
16 1.53846153846
8 1.53846153846
7 1.54545454545
20 1.56551724138
18 1.54736842105
15 1.53846153846
5 1.53846153846
15 1.54136125654
18 1.57090909091
20 1.53846153846
7 1.53846153846
13 1.5829787234
1 1.53846153846
9 1.53846153846
9 1.55897435897
13 1.53846153846
14 1.56404494382
20 1.53846153846
7 1.54545454545
2 1.53846153846
13 1.53846153846
20 1.53846153846
7 1.54838709677
18 1.53846153846
6 1.55789473684
13 1.53846153846
2 1.53846153846
17 1.55460992908
10 1.53846153846
20 1.53846153846
17 1.53846153846
5 1.53846153846
10 1.54285714286
10 1.54434782609
11 1.53846153846
18 1.53846153846
12 1.53846153846
18 1.56330275229
20 1.53846153846
1 1.53846153846
3 1.53846153846
12 1.53846153846
1 1.53846153846
6 1.54366197183
1 1.53846153846
1 1.53846153846
5 1.53846153846
9 1.56307692308
18 1.56595744681
10 1.55384615385
1 1.53846153846
19 1.53846153846
19 1.55130434783
13 1.5606557377
10 1.53846153846
7 1.55636363636
4 1.53846153846
19 1.58048780488
3 1.53846153846
2 1.53846153846
15 1.55460992908
5 1.53846153846
8 1.54666666667
11 1.53846153846
9 1.54893617021
19 1.53846153846
16 1.53846153846
13 1.55102040816
2 1.53846153846
5 1.53846153846
17 1.53846153846
11 1.53846153846
7 1.53846153846
7 1.53846153846
3 1.53846153846
5 1.53846153846
11 1.54343434343
9 1.544
6 1.53846153846
6 1.55897435897
17 1.54611398964
3 1.53846153846
5 1.54385964912
20 1.53846153846
8 1.53846153846
2 1.53846153846
10 1.53846153846
14 1.53846153846
10 1.53846153846
11 1.55675675676
10 1.5452991453
18 1.53846153846
6 1.53846153846
13 1.56129032258
84 1.53846153846
58 1.56088888889
69 1.58260869565
66 1.55910543131
31 1.53846153846
94 1.55789473684
32 1.53846153846
84 1.53846153846
41 1.53846153846
91 1.54838709677
34 1.53846153846
93 1.54261119082
63 1.56629213483
