4 2 40 40000 1
8 1 64 64112 0
10 1 100 100000 1
14 1 139 139072 0
5 3 50 50000 1
9 4 90 90000 1
7 1 70 70000 1
20 2 200 200000 1
9 1 90 90000 1
1 1 10 10000 1
13 1 130 130000 1
12 3 120 120000 1
20 6 200 200000 1
6 1 60 60000 1
13 2 130 130000 1
7 1 70 70000 1
17 1 154 154112 0
19 1 86 86208 0
15 5 150 150000 1
2 1 20 20000 1
18 1 123 123184 0
20 3 161 161248 0
17 2 170 170000 1
7 1 70 70000 1
6 1 60 60000 1
13 4 130 130000 1
2 1 20 20000 1
13 2 130 130000 1
8 1 62 62096 0
8 2 80 80000 1
2 1 20 20000 1
10 2 100 100000 1
16 1 129 129072 0
19 3 190 190000 1
1 1 10 10000 1
3 1 30 30000 1
12 2 120 120000 1
4 1 40 40000 1
5 3 50 50000 1
2 1 20 20000 1
19 4 190 190000 1
5 1 50 50000 1
3 1 30 30000 1
20 2 200 200000 1
11 1 110 110000 1
11 4 110 110000 1
13 1 95 95040 0
13 1 99 99152 0
2 1 20 20000 1
5 1 50 50000 1
5 1 50 50000 1
1 1 10 10000 1
11 1 110 110000 1
13 4 130 130000 1
11 1 107 107056 0
10 1 72 72016 0
1 1 10 10000 1
5 1 50 50000 1
16 4 160 160000 1
4 1 40 40000 1
7 1 70 70000 1
12 3 120 120000 1
2 1 20 20000 1
14 2 140 140000 1
13 1 84 84272 0
13 1 82 82016 0
12 1 110 110080 0
6 1 55 55040 0
14 1 118 118144 0
8 1 67 67136 0
15 4 150 150000 1
11 1 110 110000 1
18 2 180 180000 1
16 3 160 160000 1
10 1 95 95040 0
1 1 10 10000 1
8 1 61 61088 0
20 1 167 167216 0
6 3 60 60000 1
18 1 106 106208 0
16 1 70 70240 0
18 3 180 180000 1
15 5 150 150000 1
4 1 40 40000 1
18 1 68 68144 0
8 1 62 62096 0
10 1 84 84032 0
7 2 70 70000 1
4 1 40 40000 1
12 3 120 120000 1
13 1 98 98064 0
15 2 150 150000 1
20 6 200 200000 1
1 1 10 10000 1
17 4 170 170000 1
19 1 116 116368 0
11 4 110 110000 1
4 1 40 40000 1
18 4 180 180000 1
10 1 94 94032 0
2 1 20 20000 1
8 1 80 80000 1
16 1 129 129152 0
1 1 10 10000 1
6 1 60 60000 1
3 1 30 30000 1
2 1 20 20000 1
12 2 120 120000 1
13 1 120 120160 0
12 1 75 75040 0
7 1 70 70000 1
19 5 190 190000 1
1 1 10 10000 1
20 1 65 65120 0
19 1 127 127376 0
20 3 200 200000 1
3 1 30 30000 1
5 1 50 50000 1
2 1 20 20000 1
12 1 92 92016 0
10 1 65 65120 0
16 1 87 87216 0
14 4 140 140000 1
9 1 83 83024 0
9 3 90 90000 1
11 1 109 109072 0
18 2 180 180000 1
9 1 90 90000 1
8 1 80 80000 1
5 3 50 50000 1
16 2 150 150080 0
13 1 125 125040 0
9 1 89 89072 0
11 3 110 110000 1
29 1 86 86208 0
28 2 280 280000 1
3 1 30 30000 1
97 8 970 970000 1
37 6 370 370000 1
53 3 530 530000 1
56 1 110 110080 0
30 3 300 300000 1
77 1 114 114032 0
52 1 88 88144 0
78 3 587 588096 0
100 4 1000 1000000 1
