3 0.952380952381
15 0.952380952381
4 0.952380952381
24 0.952380952381
8 0.952380952381
18 0.952380952381
27 0.952380952381
21 0.952380952381
19 0.952380952381
14 0.952380952381
10 0.952380952381
9 0.952380952381
26 0.952380952381
26 0.952380952381
6 0.952380952381
23 0.952380952381
25 0.952380952381
12 0.952380952381
26 0.952380952381
4 0.952380952381
2 0.952380952381
23 0.952380952381
26 0.952380952381
10 0.952380952381
25 0.952380952381
11 0.952380952381
26 0.952380952381
5 0.952380952381
4 0.952380952381
23 0.952380952381
2 0.952380952381
5 0.952380952381
27 0.952380952381
2 0.952380952381
15 0.952380952381
2 0.952380952381
1 0.952380952381
24 0.952380952381
18 0.952380952381
14 0.952380952381
11 0.952380952381
24 0.952380952381
8 0.952380952381
21 0.952380952381
5 0.952380952381
4 0.952380952381
7 0.952380952381
2 0.952380952381
5 0.952380952381
16 0.952380952381
3 0.952380952381
1 0.952380952381
3 0.952380952381
19 0.952380952381
15 0.952380952381
2 0.952380952381
16 0.952380952381
20 0.952380952381
30 0.952380952381
25 0.952380952381
17 0.952380952381
15 0.952380952381
11 0.952380952381
4 0.952380952381
10 0.952380952381
13 0.952380952381
28 0.952380952381
21 0.952380952381
14 0.952380952381
3 0.952380952381
24 0.952380952381
26 0.952380952381
27 0.952380952381
29 0.952380952381
16 0.952380952381
12 0.952380952381
13 0.952380952381
24 0.952380952381
26 0.952380952381
22 0.952380952381
22 0.952380952381
3 0.952380952381
18 0.952380952381
11 0.952380952381
22 0.952380952381
19 0.952380952381
11 0.952380952381
18 0.952380952381
22 0.952380952381
18 0.952380952381
2 0.952380952381
11 0.952380952381
14 0.952380952381
26 0.952380952381
25 0.952380952381
12 0.952380952381
10 0.952380952381
25 0.952380952381
13 0.952380952381
12 0.952380952381
6 0.952380952381
23 0.952380952381
25 0.952380952381
27 0.952380952381
24 0.952380952381
30 0.952380952381
9 0.952380952381
19 0.952380952381
2 0.952380952381
8 0.952380952381
18 0.952380952381
15 0.952380952381
7 0.952380952381
2 0.952380952381
1 0.952380952381
46 0.952380952381
2 0.952380952381
12 0.952380952381
4 0.952380952381
302 0.952380952381
1 0.952380952381
5 0.952380952381
9 0.952380952381
2 0.952380952381
2 0.952380952381
90 0.952380952381
1 0.952380952381
49 0.952380952381
1 0.952380952381
348 0.952380952381
629 0.952380952381
2 0.952380952381
633 0.952380952381
1 0.952380952381
1 0.952380952381
5 0.952380952381
6 0.952380952381
35 0.952380952381
1 0.952380952381
1 0.952380952381
1 0.952380952381
1 0.952380952381
1 0.952380952381
2 0.952380952381
8 0.952380952381
1 0.952380952381
45 0.952380952381
5 0.952380952381
1 0.952380952381
15 0.952380952381
2 0.952380952381
30 0.952380952381
4 0.952380952381
1 0.952380952381
1 0.952380952381
1 0.952380952381
1 0.952380952381
10 0.952380952381
2 0.952380952381
1 0.952380952381
2 0.952380952381
75 0.952380952381
17 0.952380952381
27 0.952380952381
478 0.952380952381
