14 0 0 0 0
92 2 411 242000 0
36 3 612 360000 1
70 3 1190 700000 1
97 0 0 0 0
23 4 391 230000 1
51 7 867 510000 1
18 1 197 116800 0
63 5 1071 630000 1
20 0 0 0 0
67 3 1139 670000 1
40 0 0 0 0
41 5 697 410000 1
15 0 0 0 0
82 7 1394 820000 1
54 5 918 540000 1
13 0 0 0 0
38 2 346 203800 0
3 0 0 0 0
62 0 0 0 0
26 4 442 260000 1
89 1 275 161800 0
17 0 0 0 0
97 4 1649 970000 1
43 0 0 0 0
95 7 1615 950000 1
67 6 1139 670000 1
2 0 0 0 0
94 0 0 0 0
37 1 327 193600 0
18 0 0 0 0
26 0 0 0 0
30 0 0 0 0
88 7 1496 880000 1
40 1 400 236200 0
43 0 0 0 0
23 1 346 203600 0
74 3 888 525200 0
89 5 1513 890000 1
5 0 0 0 0
26 4 442 260000 1
45 0 0 0 0
72 4 1224 720000 1
47 0 0 0 0
11 2 187 110000 1
8 0 0 0 0
15 1 156 91800 0
61 1 228 134600 0
1 0 0 0 0
82 0 0 0 0
34 0 0 0 0
17 4 289 170000 1
36 1 284 167600 0
1 0 0 0 0
15 0 0 0 0
20 0 0 0 0
92 0 0 0 0
93 7 1581 930000 1
73 2 423 250200 0
27 3 459 270000 1
40 1 485 285400 0
21 0 0 0 0
28 0 0 0 0
57 7 969 570000 1
5 0 0 0 0
36 2 612 360000 1
58 3 986 580000 1
29 0 0 0 0
98 6 1666 980000 1
5 1 85 50000 1
92 1 200 118000 0
68 3 1156 680000 1
43 4 731 430000 1
55 0 0 0 0
36 0 0 0 0
90 1 236 139600 0
13 0 0 0 0
72 4 1224 720000 1
74 1 212 124800 0
27 5 459 270000 1
21 1 128 75400 0
80 2 516 304600 0
90 0 0 0 0
36 3 612 360000 1
75 3 1275 750000 1
39 0 0 0 0
67 5 1139 670000 1
42 3 714 420000 1
5 0 0 0 0
55 1 324 191200 0
90 3 1342 789600 0
48 3 816 480000 1
81 6 1377 810000 1
64 4 1088 640000 1
1 0 0 0 0
