10 1.96078431373
1 1.96078431373
2 1.96078431373
11 1.96078431373
8 1.96078431373
17 1.96078431373
10 1.96078431373
4 1.96078431373
19 1.96078431373
14 1.96078431373
4 1.96078431373
12 1.96078431373
6 1.96078431373
17 1.96078431373
13 1.96078431373
2 1.96078431373
14 1.96078431373
8 1.96078431373
7 1.96078431373
7 1.96078431373
5 1.96078431373
8 1.96078431373
7 1.96078431373
18 1.96078431373
18 1.96380090498
20 1.96078431373
9 1.96078431373
8 1.96078431373
2 1.96078431373
10 1.96078431373
19 1.96078431373
7 1.96078431373
4 1.96078431373
10 1.96078431373
20 1.96078431373
20 1.96078431373
17 1.96078431373
15 1.96078431373
4 1.96078431373
2 1.96078431373
18 1.96078431373
15 1.96078431373
4 1.96078431373
4 1.96078431373
2 1.96078431373
5 1.96078431373
17 1.96078431373
11 1.96078431373
17 1.96078431373
7 1.96078431373
15 1.96078431373
5 1.96078431373
10 1.96078431373
16 1.96078431373
3 1.96078431373
8 1.96078431373
11 1.96078431373
8 1.96078431373
12 1.96078431373
4 1.96078431373
20 1.96078431373
8 1.96078431373
1 1.96078431373
16 1.96078431373
7 1.96078431373
13 1.96078431373
16 1.96078431373
3 1.96078431373
7 1.96078431373
13 1.96078431373
20 1.96078431373
1 1.96078431373
8 1.96078431373
11 1.96078431373
8 1.96078431373
6 1.96078431373
7 1.96078431373
2 1.96078431373
5 1.96078431373
4 1.96078431373
8 1.96078431373
20 1.96078431373
2 1.96078431373
2 1.96078431373
14 1.96078431373
2 1.96078431373
9 1.96078431373
1 1.96078431373
10 1.96078431373
13 1.96078431373
2 1.96078431373
20 1.96078431373
14 1.96078431373
16 1.96078431373
4 1.96078431373
17 1.96078431373
12 1.96078431373
4 1.96078431373
7 1.96078431373
3 1.96078431373
16 1.96078431373
19 1.96078431373
11 1.96078431373
16 1.96078431373
10 1.96078431373
17 1.96078431373
14 1.96078431373
12 1.96078431373
1 1.96078431373
7 1.96078431373
15 1.96078431373
18 1.96078431373
13 1.96078431373
6 1.96078431373
5 1.96078431373
5 1.96078431373
10 1.96078431373
11 1.96078431373
60 1.96211365902
55 1.96952748312
54 1.96422644293
72 1.96078431373
70 1.96078431373
86 1.99858256556
82 1.96078431373
76 1.99343087489
91 1.96433324461
45 1.96312554873
