14 1 14 140000 1
12 3 12 120000 1
13 2 13 130000 1
1 1 1 10000 1
15 1 15 150000 1
16 1 16 160000 1
15 3 15 150000 1
20 1 16 160000 0
10 5 10 100000 1
9 1 9 90000 1
10 1 10 100000 1
3 1 3 30000 1
2 1 2 20000 1
13 1 11 110000 0
12 1 12 120000 1
10 2 10 100000 1
4 1 4 40000 1
5 1 5 50000 1
18 2 18 180000 1
20 5 20 200000 1
15 1 12 120000 0
2 1 2 20000 1
20 1 15 150000 0
11 1 11 110000 1
7 2 7 70000 1
17 1 17 170000 1
15 6 15 150000 1
20 1 10 100000 0
14 1 11 110000 0
4 1 4 40000 1
12 2 12 120000 1
6 1 6 60000 1
18 5 18 180000 1
18 1 10 100000 0
5 2 5 50000 1
19 1 17 170000 0
14 4 14 140000 1
5 3 5 50000 1
9 1 9 90000 1
9 1 7 70000 0
8 1 8 80000 1
19 7 19 190000 1
10 2 10 100000 1
2 1 2 20000 1
15 1 11 110000 0
1 1 1 10000 1
3 1 3 30000 1
18 8 18 180000 1
17 2 17 170000 1
17 2 17 170000 1
10 1 10 100000 1
18 1 11 110000 0
13 1 8 80000 0
19 1 19 190000 1
18 3 18 180000 1
16 3 16 160000 1
10 1 8 80000 0
3 2 3 30000 1
11 5 11 110000 1
12 2 12 120000 1
1 1 1 10000 1
13 3 13 130000 1
5 1 5 50000 1
7 1 7 70000 1
8 1 8 80000 1
1 1 1 10000 1
12 5 12 120000 1
12 2 12 120000 1
8 1 8 80000 1
10 1 10 100000 1
2 1 2 20000 1
13 1 12 120000 0
4 1 4 40000 1
7 1 7 70000 1
18 1 8 80000 0
16 1 10 100000 0
18 1 18 180000 1
7 3 7 70000 1
11 1 11 110000 1
15 2 15 150000 1
1 1 1 10000 1
6 1 6 60000 1
18 2 18 180000 1
14 1 14 140000 1
9 1 9 90000 1
1 1 1 10000 1
16 1 13 130000 0
18 1 13 130000 0
1 1 1 10000 1
2 1 2 20000 1
10 2 10 100000 1
13 1 10 100000 0
6 2 6 60000 1
16 3 16 160000 1
9 1 9 90000 1
8 1 8 80000 1
14 1 14 140000 1
5 2 5 50000 1
13 1 13 130000 1
10 1 10 100000 1
5 3 5 50000 1
18 2 18 180000 1
6 1 6 60000 1
8 2 8 80000 1
20 1 19 190000 0
20 2 20 200000 1
16 1 13 130000 0
3 1 3 30000 1
4 1 4 40000 1
15 2 15 150000 1
19 3 19 190000 1
12 1 12 120000 1
10 2 10 100000 1
12 5 12 120000 1
5 1 5 50000 1
16 2 16 160000 1
15 1 12 120000 0
19 2 19 190000 1
12 2 12 120000 1
3 1 3 30000 1
7 1 7 70000 1
3 1 3 30000 1
15 2 15 150000 1
17 3 17 170000 1
19 2 19 190000 1
1 1 1 10000 1
11 4 11 110000 1
12 2 12 120000 1
10 2 10 100000 1
93 8 93 930000 1
82 2 28 280000 0
27 6 27 270000 1
53 7 53 530000 1
67 10 67 670000 1
42 1 11 110000 0
24 7 24 240000 1
77 1 12 120000 0
49 5 49 490000 1
94 10 94 940000 1
89 3 60 600000 0
34 5 34 340000 1
