14 2.5
12 2.5
13 2.5
1 2.5
15 2.5
16 2.5
15 2.5
20 2.5
10 2.5
9 2.5
10 2.5
3 2.5
2 2.5
13 2.5
12 2.5
10 2.5
4 2.5
5 2.5
18 2.5
20 2.5
15 2.5
2 2.5
20 2.5
11 2.5
7 2.5
17 2.5
15 2.5
20 2.5
14 2.5
4 2.5
12 2.5
6 2.5
18 2.5
18 2.5
5 2.5
19 2.5
14 2.5
5 2.5
9 2.5
9 2.5
8 2.5
19 2.5
10 2.5
2 2.5
15 2.5
1 2.5
3 2.5
18 2.5
17 2.5
17 2.5
10 2.5
18 2.5
13 2.5
19 2.5
18 2.5
16 2.5
10 2.5
3 2.5
11 2.5
12 2.5
1 2.5
13 2.5
5 2.5
7 2.5
8 2.5
1 2.5
12 2.5
12 2.5
8 2.5
10 2.5
2 2.5
13 2.5
4 2.5
7 2.5
18 2.5
16 2.5
18 2.5
7 2.5
11 2.5
15 2.5
1 2.5
6 2.5
18 2.5
14 2.5
9 2.5
1 2.5
16 2.5
18 2.5
1 2.5
2 2.5
10 2.5
13 2.5
6 2.5
16 2.5
9 2.5
8 2.5
14 2.5
5 2.5
13 2.5
10 2.5
5 2.5
18 2.5
6 2.5
8 2.5
20 2.5
20 2.5
16 2.5
3 2.5
4 2.5
15 2.5
19 2.5
12 2.5
10 2.5
12 2.5
5 2.5
16 2.5
15 2.5
19 2.5
12 2.5
3 2.5
7 2.5
3 2.5
15 2.5
17 2.5
19 2.5
1 2.5
11 2.5
12 2.5
10 2.5
93 2.5
82 2.5
27 2.5
53 2.5
67 2.5
42 2.5
24 2.5
77 2.5
49 2.5
94 2.5
89 2.5
34 2.5
