4 1 4 40000 1
12 1 12 120000 1
2 1 2 20000 1
20 2 20 200000 1
13 1 13 130000 1
20 1 20 200000 1
19 3 19 190000 1
15 1 15 150000 1
18 1 18 180000 1
1 1 1 10000 1
5 1 5 50000 1
19 1 19 190000 1
10 1 10 100000 1
2 1 2 20000 1
17 1 17 170000 1
11 1 11 110000 1
15 1 15 150000 1
6 1 6 60000 1
13 1 13 130000 1
7 1 7 70000 1
9 1 9 90000 1
16 3 16 160000 1
7 1 7 70000 1
1 1 1 10000 1
10 1 10 100000 1
4 1 4 40000 1
4 1 4 40000 1
11 1 11 110000 1
3 1 3 30000 1
18 1 18 180000 1
17 2 17 170000 1
16 1 16 160000 1
10 1 10 100000 1
7 1 7 70000 1
5 1 5 50000 1
13 1 13 130000 1
9 1 9 90000 1
2 1 2 20000 1
8 1 8 80000 1
5 1 5 50000 1
11 1 11 110000 1
3 1 3 30000 1
9 1 9 90000 1
20 2 20 200000 1
20 2 20 200000 1
20 1 20 200000 1
6 1 6 60000 1
16 2 16 160000 1
12 1 12 120000 1
10 1 10 100000 1
10 1 10 100000 1
14 3 14 140000 1
7 1 7 70000 1
15 1 15 150000 1
5 1 5 50000 1
10 1 10 100000 1
3 1 3 30000 1
8 2 8 80000 1
13 2 13 130000 1
3 1 3 30000 1
15 1 15 150000 1
15 1 15 150000 1
3 1 3 30000 1
14 1 14 140000 1
1 1 1 10000 1
5 1 5 50000 1
11 1 11 110000 1
18 2 18 180000 1
3 1 3 30000 1
7 1 7 70000 1
8 2 8 80000 1
19 1 19 190000 1
2 1 2 20000 1
5 1 5 50000 1
17 2 17 170000 1
15 2 15 150000 1
1 1 1 10000 1
5 1 5 50000 1
16 1 16 160000 1
3 1 3 30000 1
2 1 2 20000 1
5 1 5 50000 1
12 2 12 120000 1
3 1 3 30000 1
2 1 2 20000 1
1 1 1 10000 1
18 1 18 180000 1
3 1 3 30000 1
2 1 2 20000 1
5 1 5 50000 1
19 3 19 190000 1
16 1 16 160000 1
9 1 9 90000 1
18 1 18 180000 1
20 1 20 200000 1
5 1 5 50000 1
15 2 15 150000 1
4 1 4 40000 1
4 1 4 40000 1
20 3 20 200000 1
4 1 4 40000 1
11 1 11 110000 1
10 1 10 100000 1
19 1 19 190000 1
15 1 15 150000 1
20 2 20 200000 1
17 1 17 170000 1
2 1 2 20000 1
14 1 14 140000 1
9 1 9 90000 1
67 3 67 670000 1
17 3 17 170000 1
65 1 32 320000 0
51 1 33 330000 0
23 1 23 230000 1
39 1 30 300000 0
4 1 4 40000 1
36 1 36 360000 1
86 2 86 860000 1
79 2 79 790000 1
99 1 53 530000 0
72 1 27 270000 0
47 1 32 320000 0
99 1 42 420000 0
29 1 29 290000 1
60 5 60 600000 1
75 2 75 750000 1
