28 0.892857142857
2 0.892857142857
13 0.892857142857
13 0.892857142857
20 0.892857142857
4 0.892857142857
26 0.892857142857
4 0.892857142857
2 0.892857142857
23 0.892857142857
22 0.892857142857
18 0.892857142857
8 0.892857142857
6 0.892857142857
28 0.892857142857
24 0.892857142857
3 0.892857142857
30 0.892857142857
8 0.892857142857
7 0.892857142857
8 0.892857142857
22 0.892857142857
2 0.892857142857
4 0.892857142857
2 0.892857142857
21 0.892857142857
23 0.892857142857
28 0.892857142857
3 0.892857142857
9 0.892857142857
15 0.892857142857
9 0.892857142857
11 0.892857142857
8 0.892857142857
10 0.892857142857
20 0.892857142857
26 0.892857142857
13 0.892857142857
2 0.892857142857
14 0.892857142857
20 0.892857142857
3 0.892857142857
4 0.892857142857
3 0.892857142857
29 0.892857142857
3 0.892857142857
23 0.892857142857
19 0.892857142857
14 0.892857142857
29 0.892857142857
20 0.892857142857
5 0.892857142857
7 0.892857142857
14 0.892857142857
6 0.892857142857
17 0.892857142857
2 0.892857142857
25 0.892857142857
23 0.892857142857
23 0.892857142857
4 0.892857142857
8 0.892857142857
6 0.892857142857
13 0.892857142857
9 0.892857142857
2 0.892857142857
3 0.892857142857
6 0.892857142857
3 0.892857142857
4 0.892857142857
2 0.892857142857
18 0.892857142857
5 0.892857142857
8 0.892857142857
3 0.892857142857
27 0.892857142857
3 0.892857142857
6 0.892857142857
10 0.892857142857
29 0.892857142857
19 0.892857142857
16 0.892857142857
14 0.892857142857
3 0.892857142857
9 0.892857142857
3 0.892857142857
7 0.892857142857
17 0.892857142857
11 0.892857142857
19 0.892857142857
29 0.892857142857
6 0.892857142857
18 0.892857142857
11 0.892857142857
7 0.892857142857
22 0.892857142857
9 0.892857142857
8 0.892857142857
9 0.892857142857
4 0.892857142857
6 0.892857142857
3 0.892857142857
12 0.892857142857
16 0.892857142857
15 0.892857142857
8 0.892857142857
24 0.892857142857
11 0.892857142857
16 0.892857142857
7 0.892857142857
10 0.892857142857
30 0.892857142857
603 0.892857142857
621 0.892857142857
4 0.892857142857
1 0.892857142857
2 0.892857142857
1 0.892857142857
2 0.892857142857
26 0.892857142857
105 0.892857142857
2 0.892857142857
47 0.892857142857
5 0.892857142857
1 0.892857142857
1 0.892857142857
26 0.892857142857
1 0.892857142857
1 0.892857142857
1 0.892857142857
1 0.892857142857
3 0.892857142857
5 0.892857142857
4 0.892857142857
5 0.892857142857
5 0.892857142857
9 0.892857142857
1 0.892857142857
20 0.892857142857
1 0.892857142857
2 0.892857142857
1 0.892857142857
3 0.892857142857
1 0.892857142857
1 0.892857142857
2 0.892857142857
1 0.892857142857
1 0.892857142857
120 0.892857142857
139 0.892857142857
21 0.892857142857
2 0.892857142857
1 0.892857142857
1 0.892857142857
1 0.892857142857
3 0.892857142857
1 0.892857142857
27 0.892857142857
50 0.892857142857
2 0.892857142857
1 0.892857142857
50 0.892857142857
1 0.892857142857
9 0.892857142857
32 0.892857142857
1 0.892857142857
