11 1 11 110000 1
1 1 1 10000 1
13 1 13 130000 1
15 2 15 150000 1
20 1 20 200000 1
17 1 17 170000 1
7 1 7 70000 1
6 1 6 60000 1
12 1 12 120000 1
20 1 20 200000 1
8 1 8 80000 1
8 1 8 80000 1
20 1 20 200000 1
18 2 18 180000 1
7 1 7 70000 1
16 1 16 160000 1
8 1 8 80000 1
6 1 6 60000 1
18 2 18 180000 1
12 1 12 120000 1
7 1 7 70000 1
1 1 1 10000 1
5 1 5 50000 1
17 1 17 170000 1
15 1 15 150000 1
10 1 10 100000 1
10 1 10 100000 1
10 1 10 100000 1
14 1 14 140000 1
19 1 19 190000 1
9 1 9 90000 1
20 1 20 200000 1
18 1 18 180000 1
4 1 4 40000 1
11 1 11 110000 1
20 1 20 200000 1
11 1 11 110000 1
15 1 15 150000 1
1 1 1 10000 1
5 1 5 50000 1
3 1 3 30000 1
5 1 5 50000 1
13 1 13 130000 1
14 1 14 140000 1
10 1 10 100000 1
8 1 8 80000 1
10 1 10 100000 1
7 1 7 70000 1
4 1 4 40000 1
19 1 19 190000 1
19 2 19 190000 1
13 1 13 130000 1
15 1 15 150000 1
17 1 17 170000 1
20 1 20 200000 1
19 1 19 190000 1
10 1 10 100000 1
4 1 4 40000 1
17 1 17 170000 1
12 1 12 120000 1
8 1 8 80000 1
5 1 5 50000 1
8 1 8 80000 1
13 1 13 130000 1
11 1 11 110000 1
18 1 18 180000 1
10 1 10 100000 1
6 1 6 60000 1
8 1 8 80000 1
17 1 17 170000 1
10 1 10 100000 1
16 1 16 160000 1
5 1 5 50000 1
12 1 12 120000 1
11 1 11 110000 1
11 1 11 110000 1
5 1 5 50000 1
15 1 15 150000 1
14 1 14 140000 1
12 1 12 120000 1
16 2 16 160000 1
5 1 5 50000 1
19 1 19 190000 1
5 1 5 50000 1
5 1 5 50000 1
9 1 9 90000 1
1 1 1 10000 1
14 1 14 140000 1
11 1 11 110000 1
3 1 3 30000 1
11 1 11 110000 1
4 1 4 40000 1
13 1 13 130000 1
18 1 18 180000 1
9 1 9 90000 1
1 1 1 10000 1
1 1 1 10000 1
8 1 8 80000 1
7 1 7 70000 1
19 1 19 190000 1
17 1 17 170000 1
4 1 4 40000 1
9 1 9 90000 1
10 1 10 100000 1
18 1 18 180000 1
11 1 11 110000 1
7 1 7 70000 1
9 1 9 90000 1
6 1 6 60000 1
18 1 18 180000 1
3 1 3 30000 1
17 1 17 170000 1
4 1 4 40000 1
3 1 3 30000 1
2 1 2 20000 1
13 1 13 130000 1
53 1 53 530000 1
35 1 35 350000 1
64 4 64 640000 1
40 3 40 400000 1
92 1 30 300000 0
43 1 37 370000 0
30 1 30 300000 1
45 1 30 300000 0
22 2 22 220000 1
64 3 64 640000 1
47 1 44 440000 0
