14 0.735294117647
9 0.735294117647
4 0.735294117647
17 0.735294117647
23 0.735294117647
27 0.735294117647
7 0.735294117647
16 0.735294117647
14 0.735294117647
5 0.735294117647
10 0.735294117647
26 0.735294117647
12 0.735294117647
23 0.735294117647
6 0.735294117647
3 0.735294117647
10 0.735294117647
10 0.735294117647
3 0.735294117647
19 0.735294117647
16 0.735294117647
20 0.735294117647
4 0.735294117647
24 0.735294117647
4 0.735294117647
8 0.735294117647
23 0.735294117647
2 0.735294117647
6 0.735294117647
22 0.735294117647
23 0.735294117647
2 0.735294117647
8 0.735294117647
10 0.735294117647
27 0.735294117647
24 0.735294117647
5 0.735294117647
12 0.735294117647
3 0.735294117647
12 0.735294117647
20 0.735294117647
6 0.735294117647
9 0.735294117647
27 0.735294117647
3 0.735294117647
22 0.735294117647
4 0.735294117647
5 0.735294117647
3 0.735294117647
21 0.735294117647
14 0.735294117647
8 0.735294117647
4 0.735294117647
16 0.735294117647
3 0.735294117647
27 0.735294117647
23 0.735294117647
9 0.735294117647
10 0.735294117647
7 0.735294117647
3 0.735294117647
10 0.735294117647
18 0.735294117647
2 0.735294117647
3 0.735294117647
24 0.735294117647
14 0.735294117647
6 0.735294117647
25 0.735294117647
12 0.735294117647
15 0.735294117647
6 0.735294117647
10 0.735294117647
24 0.735294117647
4 0.735294117647
14 0.735294117647
7 0.735294117647
3 0.735294117647
5 0.735294117647
15 0.735294117647
3 0.735294117647
18 0.735294117647
6 0.735294117647
2 0.735294117647
25 0.735294117647
25 0.735294117647
11 0.735294117647
6 0.735294117647
5 0.735294117647
28 0.735294117647
8 0.735294117647
26 0.735294117647
11 0.735294117647
28 0.735294117647
3 0.735294117647
7 0.735294117647
5 0.735294117647
5 0.735294117647
24 0.735294117647
15 0.735294117647
2 0.735294117647
15 0.735294117647
28 0.735294117647
4 0.735294117647
11 0.735294117647
7 0.735294117647
4 0.735294117647
9 0.735294117647
21 0.735294117647
8 0.735294117647
2 0.735294117647
16 0.735294117647
3 0.735294117647
626 0.735294117647
1 0.735294117647
8 0.735294117647
1 0.735294117647
159 0.735294117647
1 0.735294117647
6 0.735294117647
1 0.735294117647
1 0.735294117647
1 0.735294117647
1 0.735294117647
9 0.735294117647
4 0.735294117647
1 0.735294117647
1 0.735294117647
52 0.735294117647
1 0.735294117647
14 0.735294117647
9 0.735294117647
1 0.735294117647
1 0.735294117647
1 0.735294117647
2 0.735294117647
82 0.735294117647
1 0.735294117647
1 0.735294117647
19 0.735294117647
166 0.735294117647
2 0.735294117647
2 0.735294117647
1 0.735294117647
1 0.735294117647
1 0.735294117647
11 0.735294117647
1 0.735294117647
3 0.735294117647
1 0.735294117647
1 0.735294117647
18 0.735294117647
1 0.735294117647
1 0.735294117647
2 0.735294117647
2 0.735294117647
3 0.735294117647
1 0.735294117647
95 0.735294117647
61 0.735294117647
1 0.735294117647
3 0.735294117647
2 0.735294117647
2 0.735294117647
687 0.735294117647
20 0.735294117647
3 0.735294117647
3 0.735294117647
