40 4 29 345018 0
67 2 18 247039 0
52 7 52 520000 1
56 4 23 289485 0
60 9 64 600000 1
46 1 4 56315 0
96 6 75 801488 0
82 18 88 820000 1
26 0 0 0 0
76 4 24 304454 0
63 2 24 378981 0
71 1 7 97531 0
37 0 0 0 0
90 4 23 314340 0
42 4 30 387656 0
18 0 0 0 0
92 7 65 738380 0
6 7 8 60000 1
79 4 35 464263 0
48 4 19 245392 0
80 15 89 800000 1
25 7 26 250000 1
96 6 54 620452 0
98 0 0 0 0
73 0 0 0 0
27 3 16 178796 0
5 6 7 50000 1
36 1 13 166098 0
1 1 2 10000 1
58 1 6 84363 0
63 7 65 630000 1
74 15 79 740000 1
62 5 31 375341 0
69 1 3 36966 0
90 5 49 622474 0
4 3 6 40000 1
16 0 0 0 0
25 2 14 181714 0
77 13 87 770000 1
97 7 96 970000 1
74 2 14 215757 0
60 0 0 0 0
58 3 19 258871 0
68 1 9 141105 0
70 14 70 700000 1
68 3 15 182371 0
5 1 5 49049 0
55 7 56 550000 1
10 8 12 100000 1
80 3 24 368055 0
63 14 70 630000 1
36 2 13 168021 0
67 4 28 398194 0
82 10 83 820000 1
18 8 18 180000 1
96 4 21 239971 0
16 4 17 160000 1
53 6 45 504534 0
82 16 81 820000 1
25 0 0 0 0
25 8 25 250000 1
7 8 9 70000 1
13 7 16 130000 1
20 7 21 200000 1
4 5 5 40000 1
80 7 82 800000 1
63 1 8 110522 0
60 2 13 192688 0
40 0 0 0 0
2 1 3 20000 1
46 3 19 251864 0
28 0 0 0 0
3 4 5 30000 1
1 0 0 0 0
71 19 75 710000 1
15 0 0 0 0
74 0 0 0 0
34 9 37 340000 1
57 5 32 401358 0
87 8 86 870000 1
19 13 23 190000 1
41 1 5 69214 0
65 14 67 650000 1
23 4 27 230000 1
83 16 96 830000 1
31 1 6 82229 0
1 1 2 10000 1
54 14 56 540000 1
68 1 6 83219 0
54 4 35 439803 0
60 6 60 598357 0
61 12 69 610000 1
97 11 103 970000 1
61 17 64 610000 1
67 3 35 470964 0
50 4 30 408862 0
78 3 17 217765 0
25 0 0 0 0
79 3 23 306808 0
96 2 16 235626 0
57 2 23 308524 0
94 0 0 0 0
52 9 61 520000 1
79 2 10 145203 0
89 13 94 890000 1
