4 2.22222222222
17 2.69841269841
12 2.35294117647
15 2.17391304348
6 2.22222222222
30 2.94117647059
23 2.64367816092
12 2.35294117647
11 2.44444444444
29 2.61261261261
15 2.38095238095
28 2.82828282828
15 2.63157894737
25 2.52525252525
23 2.83950617284
27 2.57142857143
14 2.59259259259
2 1.33333333333
4 1.90476190476
10 2.38095238095
13 1.9696969697
23 2.39583333333
8 2.22222222222
13 2.54901960784
11 2.44444444444
30 2.63157894737
28 2.39316239316
11 2.44444444444
16 2.42424242424
24 2.66666666667
7 2.12121212121
25 2.60416666667
4 1.90476190476
26 2.70833333333
30 2.63157894737
8 2.05128205128
12 2.66666666667
22 2.93333333333
10 2.22222222222
1 0.833333333333
13 2.40740740741
11 2.29166666667
19 2.4358974359
12 2.66666666667
7 2.12121212121
7 1.94444444444
17 2.57575757576
8 2.22222222222
7 2.12121212121
26 2.79569892473
3 2.0
29 2.7619047619
6 2.22222222222
9 2.30769230769
11 2.44444444444
13 2.28070175439
20 2.38095238095
3 1.42857142857
22 2.61904761905
15 2.5
9 2.0
20 2.77777777778
13 2.40740740741
10 2.38095238095
30 2.5
7 2.33333333333
19 2.4358974359
17 2.57575757576
27 2.57142857143
9 2.5
4 1.90476190476
19 2.75362318841
18 2.60869565217
28 2.91666666667
22 2.71604938272
8 2.05128205128
30 2.5
9 2.5
19 2.2619047619
28 2.82828282828
10 2.22222222222
27 2.8125
5 2.08333333333
14 2.59259259259
12 2.5
19 2.87878787879
14 2.45614035088
21 2.91666666667
20 2.66666666667
24 2.75862068966
9 2.0
3 1.66666666667
6 2.22222222222
15 2.27272727273
1 0.833333333333
15 2.63157894737
14 2.59259259259
12 2.22222222222
20 2.5641025641
26 2.79569892473
9 2.5
15 2.27272727273
13 2.54901960784
10 2.38095238095
10 2.38095238095
18 2.72727272727
8 2.05128205128
2 1.33333333333
27 2.8125
22 2.52873563218
6 2.22222222222
12 2.66666666667
20 2.29885057471
22 2.52873563218
26 2.62626262626
13 2.28070175439
23 2.7380952381
15 2.38095238095
13 2.54901960784
22 2.71604938272
13 2.28070175439
14 2.45614035088
21 2.41379310345
26 2.54901960784
14 2.45614035088
30 2.94117647059
4 1.90476190476
7 2.12121212121
17 2.46376811594
1 0.833333333333
4 2.22222222222
21 2.69230769231
18 2.30769230769
27 2.8125
30 2.63157894737
24 2.75862068966
13 2.54901960784
19 2.53333333333
15 2.38095238095
30 3.0303030303
8 2.22222222222
42 2.59259259259
1 0.833333333333
211 2.95518207283
181 3.15881326353
64 2.63374485597
3 1.42857142857
1 0.833333333333
775 3.20512820513
397 2.80962491154
1 0.833333333333
7 2.12121212121
2 1.33333333333
14 2.74509803922
1 0.833333333333
251 2.39047619048
606 2.82913165266
115 2.39583333333
127 2.37827715356
54 3.0
303 2.79778393352
1 0.833333333333
850 2.41751990899
1 0.833333333333
100 2.97619047619
1 0.833333333333
1 0.833333333333
212 2.87262872629
507 3.04504504505
59 3.07291666667
3 1.66666666667
31 2.58333333333
26 2.70833333333
1 0.833333333333
1 0.833333333333
61 2.82407407407
586 3.0378434422
3 2.0
100 2.71002710027
1 0.833333333333
18 2.30769230769
149 2.77467411546
9 2.30769230769
7 2.33333333333
1 0.833333333333
48 2.53968253968
1 0.833333333333
1 0.833333333333
1 0.833333333333
1 0.833333333333
1 0.833333333333
21 2.41379310345
6 2.0
2 1.33333333333
20 2.66666666667
37 2.93650793651
3 1.66666666667
189 3.11881188119
362 3.01666666667
35 2.48226950355
47 2.56830601093
1 0.833333333333
581 3.06920232435
2 1.33333333333
1 0.833333333333
16 2.42424242424
2 1.33333333333
376 2.77286135693
128 3.23232323232
6 2.22222222222
9 2.14285714286
53 2.71794871795
