18 1 8 180000 1
11 4 5 110000 1
20 1 8 200000 1
20 2 8 200000 1
10 1 4 100000 1
9 1 4 90000 1
13 1 8 128502 0
3 1 2 30000 1
16 1 6 160000 1
18 3 8 180000 1
13 1 5 130000 1
9 4 5 90000 1
20 5 11 200000 1
7 3 5 70000 1
1 1 2 10000 1
19 1 8 190000 1
2 1 2 20000 1
3 2 2 30000 1
5 1 3 50000 1
16 1 6 160000 1
6 1 3 60000 1
6 2 4 60000 1
12 4 5 120000 1
14 1 6 140000 1
20 1 8 200000 1
20 1 8 200000 1
10 1 4 100000 1
16 2 6 160000 1
17 1 8 170000 1
20 1 8 200000 1
3 1 2 30000 1
15 5 6 150000 1
5 1 3 50000 1
1 1 2 10000 1
18 1 8 180000 1
2 1 2 20000 1
17 3 7 170000 1
18 1 7 180000 1
18 3 8 180000 1
17 1 6 170000 1
17 3 11 170000 1
19 1 8 190000 1
15 4 6 150000 1
3 1 2 30000 1
1 1 2 10000 1
4 2 3 40000 1
12 1 5 120000 1
4 2 3 40000 1
13 1 5 130000 1
17 2 7 170000 1
2 1 2 20000 1
12 4 8 120000 1
19 2 8 190000 1
6 3 4 60000 1
8 1 4 80000 1
14 1 6 140000 1
16 2 8 160000 1
17 3 7 170000 1
3 2 2 30000 1
10 3 6 100000 1
18 4 8 180000 1
20 1 7 200000 1
6 3 4 60000 1
9 5 6 90000 1
14 3 6 140000 1
12 1 5 120000 1
18 1 8 180000 1
9 3 5 90000 1
5 1 3 50000 1
11 4 5 110000 1
2 1 2 20000 1
15 1 6 150000 1
15 4 6 150000 1
18 1 7 180000 1
10 1 4 100000 1
6 3 4 60000 1
17 1 6 170000 1
8 1 4 80000 1
8 1 4 80000 1
18 3 8 180000 1
3 1 2 30000 1
11 3 8 110000 1
18 1 8 180000 1
10 1 4 100000 1
11 1 5 110000 1
9 1 4 90000 1
2 1 2 20000 1
8 1 4 80000 1
15 1 6 150000 1
10 4 7 100000 1
2 1 2 20000 1
5 1 3 50000 1
7 1 3 70000 1
11 1 7 109922 0
11 2 7 110000 1
4 1 2 40000 1
2 1 2 20000 1
9 1 4 90000 1
11 1 5 110000 1
5 1 3 50000 1
4 1 2 40000 1
16 3 7 160000 1
2 1 2 20000 1
13 1 5 130000 1
17 1 8 170000 1
19 5 11 190000 1
8 4 4 80000 1
7 2 5 70000 1
7 1 3 70000 1
16 1 7 160000 1
2 1 2 20000 1
19 1 8 190000 1
10 1 4 100000 1
6 1 3 60000 1
19 1 8 190000 1
14 1 6 140000 1
2 1 2 20000 1
20 4 8 200000 1
11 1 5 110000 1
20 2 11 200000 1
12 3 5 120000 1
7 1 3 70000 1
3 1 2 30000 1
12 1 5 120000 1
66 5 41 660000 1
74 4 47 740000 1
76 1 30 760000 1
