18 4.41176470588
11 4.3137254902
20 4.90196078431
20 4.90196078431
10 4.90196078431
9 4.41176470588
13 3.14955882353
3 2.94117647059
16 5.22875816993
18 4.41176470588
13 5.09803921569
9 3.52941176471
20 3.56506238859
7 2.74509803922
1 0.980392156863
19 4.6568627451
2 1.96078431373
3 2.94117647059
5 3.26797385621
16 5.22875816993
6 3.92156862745
6 2.94117647059
12 4.70588235294
14 4.57516339869
20 4.90196078431
20 4.90196078431
10 4.90196078431
16 5.22875816993
17 4.16666666667
20 4.90196078431
3 2.94117647059
15 4.90196078431
5 3.26797385621
1 0.980392156863
18 4.41176470588
2 1.96078431373
17 4.7619047619
18 5.04201680672
18 4.41176470588
17 5.55555555556
17 3.0303030303
19 4.6568627451
15 4.90196078431
3 2.94117647059
1 0.980392156863
4 2.61437908497
12 4.70588235294
4 2.61437908497
13 5.09803921569
17 4.7619047619
2 1.96078431373
12 2.94117647059
19 4.6568627451
6 2.94117647059
8 3.92156862745
14 4.57516339869
16 3.92156862745
17 4.7619047619
3 2.94117647059
10 3.26797385621
18 4.41176470588
20 5.60224089636
6 2.94117647059
9 2.94117647059
14 4.57516339869
12 4.70588235294
18 4.41176470588
9 3.52941176471
5 3.26797385621
11 4.3137254902
2 1.96078431373
15 4.90196078431
15 4.90196078431
18 5.04201680672
10 4.90196078431
6 2.94117647059
17 5.55555555556
8 3.92156862745
8 3.92156862745
18 4.41176470588
3 2.94117647059
11 2.69607843137
18 4.41176470588
10 4.90196078431
11 4.3137254902
9 4.41176470588
2 1.96078431373
8 3.92156862745
15 4.90196078431
10 2.80112044818
2 1.96078431373
5 3.26797385621
7 4.57516339869
11 3.07904761905
11 3.081232493
4 3.92156862745
2 1.96078431373
9 4.41176470588
11 4.3137254902
5 3.26797385621
4 3.92156862745
16 4.48179271709
2 1.96078431373
13 5.09803921569
17 4.16666666667
19 3.38680926916
8 3.92156862745
7 2.74509803922
7 4.57516339869
16 4.48179271709
2 1.96078431373
19 4.6568627451
10 4.90196078431
6 3.92156862745
19 4.6568627451
14 4.57516339869
2 1.96078431373
20 4.90196078431
11 4.3137254902
20 3.56506238859
12 4.70588235294
7 4.57516339869
3 2.94117647059
12 4.70588235294
66 3.15638450502
74 3.08719232374
76 4.96732026144
