4 2 2 40000 1
11 1 5 110000 1
5 1 3 50000 1
12 1 5 120000 1
4 1 2 40000 1
6 1 3 60000 1
14 2 6 140000 1
5 1 3 50000 1
15 2 7 150000 1
7 1 3 70000 1
1 1 1 10000 1
8 3 3 80000 1
8 1 4 80000 1
13 1 6 130000 1
20 1 7 200000 1
6 1 3 60000 1
11 3 5 110000 1
8 2 4 80000 1
19 1 9 190000 1
7 1 3 70000 1
15 1 5 150000 1
7 1 2 70000 1
4 1 2 40000 1
18 4 8 180000 1
10 2 4 100000 1
11 1 5 110000 1
20 1 8 200000 1
12 1 5 120000 1
14 1 6 140000 1
15 4 6 150000 1
12 1 4 120000 1
17 1 7 170000 1
4 1 2 40000 1
6 1 2 60000 1
7 1 3 70000 1
19 3 8 190000 1
4 2 2 40000 1
14 3 6 140000 1
17 3 7 170000 1
9 2 4 90000 1
12 3 6 120000 1
10 1 5 100000 1
8 1 4 80000 1
4 1 2 40000 1
13 2 6 130000 1
6 1 2 60000 1
10 1 5 100000 1
19 3 8 190000 1
7 3 3 70000 1
6 2 3 60000 1
18 1 8 180000 1
1 1 1 10000 1
12 3 5 120000 1
12 1 5 120000 1
13 2 6 130000 1
5 1 2 50000 1
12 3 5 120000 1
16 1 7 160000 1
17 1 7 170000 1
7 1 3 70000 1
12 3 5 120000 1
5 1 3 50000 1
6 1 3 60000 1
17 3 7 170000 1
1 1 1 10000 1
9 1 4 90000 1
6 1 3 60000 1
16 3 7 160000 1
15 1 7 150000 1
12 2 5 120000 1
18 1 6 180000 1
7 3 3 70000 1
19 5 8 190000 1
8 1 4 80000 1
15 1 7 150000 1
4 1 2 40000 1
1 1 1 10000 1
19 4 8 190000 1
1 1 1 10000 1
6 2 3 60000 1
1 1 1 10000 1
7 1 3 70000 1
3 1 1 30000 1
2 1 1 20000 1
17 3 7 170000 1
8 1 4 80000 1
19 1 8 190000 1
18 1 8 180000 1
15 1 7 150000 1
16 1 7 160000 1
11 1 5 110000 1
12 2 5 120000 1
10 2 5 100000 1
16 3 7 160000 1
1 1 1 10000 1
17 2 9 170000 1
20 1 9 200000 1
20 1 8 200000 1
3 1 2 30000 1
11 1 5 110000 1
18 4 8 180000 1
18 3 8 180000 1
5 1 3 50000 1
10 1 5 100000 1
20 3 8 200000 1
8 1 4 80000 1
9 3 4 90000 1
4 1 2 40000 1
14 2 6 140000 1
7 1 3 70000 1
18 1 8 180000 1
6 1 3 60000 1
18 1 8 180000 1
9 1 4 90000 1
1 1 1 10000 1
17 3 8 170000 1
5 1 3 50000 1
17 1 7 170000 1
12 1 5 120000 1
1 1 1 10000 1
8 2 4 80000 1
20 4 9 200000 1
12 3 5 120000 1
11 2 5 110000 1
20 1 9 200000 1
7 1 3 70000 1
10 1 5 100000 1
7 1 3 70000 1
14 1 5 140000 1
11 3 5 110000 1
19 3 8 190000 1
25 2 9 250000 1
83 3 34 830000 1
37 3 13 370000 1
9 2 4 90000 1
66 1 27 660000 1
69 1 20 690000 1
97 3 39 970000 1
44 1 18 440000 1
100 1 41 1000000 1
69 2 28 690000 1
81 1 28 810000 1
52 1 21 520000 1
48 2 20 480000 1
98 2 40 980000 1
76 1 31 760000 1
