4 3.50877192982
11 3.85964912281
5 2.92397660819
12 4.21052631579
4 3.50877192982
6 3.50877192982
14 4.09356725146
5 2.92397660819
15 3.75939849624
7 4.09356725146
1 1.75438596491
8 4.6783625731
8 3.50877192982
13 3.80116959064
20 5.01253132832
6 3.50877192982
11 3.85964912281
8 3.50877192982
19 3.7037037037
7 4.09356725146
15 5.26315789474
7 6.14035087719
4 3.50877192982
18 3.94736842105
10 4.38596491228
11 3.85964912281
20 4.38596491228
12 4.21052631579
14 4.09356725146
15 4.38596491228
12 5.26315789474
17 4.26065162907
4 3.50877192982
6 5.26315789474
7 4.09356725146
19 4.16666666667
4 3.50877192982
14 4.09356725146
17 4.26065162907
9 3.94736842105
12 3.50877192982
10 3.50877192982
8 3.50877192982
4 3.50877192982
13 3.80116959064
6 5.26315789474
10 3.50877192982
19 4.16666666667
7 4.09356725146
6 3.50877192982
18 3.94736842105
1 1.75438596491
12 4.21052631579
12 4.21052631579
13 3.80116959064
5 4.38596491228
12 4.21052631579
16 4.01002506266
17 4.26065162907
7 4.09356725146
12 4.21052631579
5 2.92397660819
6 3.50877192982
17 4.26065162907
1 1.75438596491
9 3.94736842105
6 3.50877192982
16 4.01002506266
15 3.75939849624
12 4.21052631579
18 5.26315789474
7 4.09356725146
19 4.16666666667
8 3.50877192982
15 3.75939849624
4 3.50877192982
1 1.75438596491
19 4.16666666667
1 1.75438596491
6 3.50877192982
1 1.75438596491
7 4.09356725146
3 5.26315789474
2 3.50877192982
17 4.26065162907
8 3.50877192982
19 4.16666666667
18 3.94736842105
15 3.75939849624
16 4.01002506266
11 3.85964912281
12 4.21052631579
10 3.50877192982
16 4.01002506266
1 1.75438596491
17 3.31384015595
20 3.89863547758
20 4.38596491228
3 2.63157894737
11 3.85964912281
18 3.94736842105
18 3.94736842105
5 2.92397660819
10 3.50877192982
20 4.38596491228
8 3.50877192982
9 3.94736842105
4 3.50877192982
14 4.09356725146
7 4.09356725146
18 3.94736842105
6 3.50877192982
18 3.94736842105
9 3.94736842105
1 1.75438596491
17 3.72807017544
5 2.92397660819
17 4.26065162907
12 4.21052631579
1 1.75438596491
8 3.50877192982
20 3.89863547758
12 4.21052631579
11 3.85964912281
20 3.89863547758
7 4.09356725146
10 3.50877192982
7 4.09356725146
14 4.91228070175
11 3.85964912281
19 4.16666666667
25 4.87329434698
83 4.28276573787
37 4.99325236167
9 3.94736842105
66 4.28849902534
69 6.05263157895
97 4.36347278453
44 4.28849902534
100 4.27899015832
69 4.32330827068
81 5.07518796992
52 4.34419381788
48 4.21052631579
98 4.29824561404
76 4.30107526882
