45 18 24 450000 1
55 1 4 231253 0
18 7 8 180000 1
67 14 28 670000 1
9 4 6 90000 1
45 9 25 450000 1
64 2 8 339122 0
36 10 20 360000 1
18 10 10 180000 1
55 3 17 548032 0
91 4 27 894978 0
45 3 11 413058 0
65 3 11 458607 0
25 0 0 0 0
22 1 7 220000 1
26 1 6 234206 0
36 5 16 360000 1
6 0 0 0 0
50 1 4 186772 0
18 12 13 180000 1
49 30 44 490000 1
85 11 36 850000 1
41 15 32 410000 1
13 1 5 129877 0
86 0 0 0 0
63 4 23 630000 1
15 9 10 150000 1
90 17 65 900000 1
90 25 65 900000 1
30 14 18 300000 1
48 3 12 448160 0
63 33 52 630000 1
42 20 25 420000 1
64 1 4 196374 0
93 10 39 930000 1
37 8 22 370000 1
51 1 4 188013 0
6 0 0 0 0
94 19 42 940000 1
53 12 33 530000 1
14 6 8 140000 1
39 21 36 390000 1
18 10 9 180000 1
96 0 0 0 0
67 33 59 670000 1
72 16 51 720000 1
38 21 28 380000 1
26 24 19 260000 1
84 11 44 840000 1
53 12 22 530000 1
83 8 45 830000 1
2 0 0 0 0
7 0 0 0 0
28 7 15 280000 1
54 21 33 540000 1
70 26 65 700000 1
52 11 28 520000 1
51 31 35 510000 1
93 27 76 930000 1
44 3 12 419025 0
1 0 0 0 0
39 0 0 0 0
86 17 45 860000 1
55 7 23 550000 1
90 8 30 607243 0
64 17 41 640000 1
44 1 4 196233 0
33 14 17 330000 1
48 28 29 480000 1
44 20 43 440000 1
56 15 23 560000 1
77 16 69 770000 1
28 11 13 280000 1
81 2 8 385025 0
100 6 40 1000000 1
48 5 17 480000 1
97 23 84 970000 1
44 16 29 440000 1
9 10 6 90000 1
12 2 6 120000 1
2 1 2 20000 1
15 10 11 150000 1
28 2 10 280000 1
86 24 67 860000 1
73 14 46 730000 1
80 25 45 800000 1
79 17 45 790000 1
27 7 14 270000 1
26 11 13 260000 1
26 6 13 260000 1
65 2 8 402546 0
17 11 10 170000 1
72 13 37 720000 1
56 21 30 560000 1
