18 4.5
18 4.5
12 4.8
19 5.42857142857
18 2.25
14 4.0
11 4.4
9 6.0
4 2.66666666667
14 4.0
6 4.0
9 4.5
1 2.0
5 3.33333333333
20 2.22222222222
17 3.4
19 5.42857142857
19 4.22222222222
10 4.0
6 4.0
6 4.0
14 4.66666666667
1 2.0
15 3.75
1 2.0
12 3.42857142857
12 4.8
10 5.0
16 5.33333333333
15 3.75
19 2.71428571429
14 4.66666666667
4 2.66666666667
2 2.0
1 2.0
2 2.0
6 4.0
12 2.66666666667
9 3.0
1 2.0
2 2.0
11 3.66666666667
10 5.0
5 5.0
13 5.2
9 3.0
6 4.0
2 2.0
16 4.0
1 2.0
9 3.6
13 4.33333333333
7 3.5
10 4.0
20 5.0
10 3.33333333333
19 3.8
4 2.66666666667
18 3.6
14 4.66666666667
3 2.0
19 4.22222222222
6 4.0
1 2.0
19 5.42857142857
1 2.0
8 4.0
12 4.8
12 4.8
11 3.66666666667
17 4.85714285714
13 4.33333333333
11 3.66666666667
6 4.0
19 4.22222222222
14 4.66666666667
7 3.5
18 6.0
8 4.0
1 2.0
19 3.16666666667
20 5.71428571429
5 3.33333333333
18 2.25
20 5.0
19 2.92307692308
15 5.0
6 4.0
14 2.54545454545
7 4.66666666667
16 4.57142857143
12 6.0
8 4.0
8 4.0
17 3.77777777778
18 5.14285714286
83 4.61111111111
43 4.52631578947
99 3.35593220339
68 4.53333333333
71 2.0
82 4.68571428571
