56 1 4 286641 0
13 2 5 130000 1
86 2 8 443972 0
61 2 17 610000 1
67 12 44 670000 1
81 0 0 0 0
5 2 3 50000 1
19 10 12 190000 1
67 19 41 670000 1
35 3 11 350000 1
64 14 37 640000 1
42 1 8 410160 0
96 17 49 960000 1
34 3 9 340000 1
48 24 34 480000 1
59 2 17 590000 1
9 7 8 90000 1
25 13 10 250000 1
72 19 65 720000 1
34 4 13 340000 1
11 7 8 110000 1
44 5 13 440000 1
94 4 25 940000 1
74 7 30 740000 1
57 6 21 570000 1
84 20 40 840000 1
47 17 34 470000 1
68 18 57 680000 1
33 1 6 329874 0
15 6 7 150000 1
84 8 23 840000 1
66 12 43 660000 1
59 10 39 590000 1
57 15 39 570000 1
89 14 42 890000 1
5 3 4 50000 1
83 4 20 830000 1
11 0 0 0 0
81 27 81 810000 1
57 6 26 570000 1
64 3 17 640000 1
66 7 31 660000 1
60 0 0 0 0
30 0 0 0 0
72 0 0 0 0
60 2 10 572074 0
76 2 8 417874 0
26 12 18 260000 1
89 0 0 0 0
47 7 22 470000 1
80 18 36 800000 1
62 14 48 620000 1
31 13 21 310000 1
25 1 5 241483 0
49 16 32 490000 1
98 5 25 682848 0
39 19 30 390000 1
14 6 9 140000 1
36 11 18 360000 1
47 16 34 470000 1
72 13 25 720000 1
2 0 0 0 0
71 24 67 710000 1
73 16 40 730000 1
39 7 21 390000 1
45 14 24 450000 1
48 0 0 0 0
78 11 31 780000 1
75 10 30 750000 1
29 18 19 290000 1
82 8 43 820000 1
29 1 4 219642 0
3 3 3 30000 1
98 11 39 980000 1
80 13 32 800000 1
74 8 30 740000 1
96 3 18 776494 0
19 13 14 190000 1
52 9 29 520000 1
41 8 27 410000 1
12 0 0 0 0
7 1 2 70000 1
17 7 10 170000 1
34 19 29 340000 1
6 3 4 60000 1
13 1 4 130000 1
1 0 0 0 0
56 0 0 0 0
81 12 42 810000 1
64 21 38 640000 1
49 4 15 490000 1
34 25 26 340000 1
31 8 18 310000 1
60 19 48 600000 1
87 3 20 870000 1
2 1 2 20000 1
3 0 0 0 0
