17 1.86813186813
9 4.28571428571
6 4.28571428571
5 3.57142857143
12 4.28571428571
15 1.78571428571
16 2.53968253968
4 2.85714285714
7 3.33333333333
20 5.71428571429
9 4.28571428571
15 5.35714285714
2 1.42857142857
14 4.0
3 2.14285714286
20 4.7619047619
18 2.85714285714
14 4.0
5 3.57142857143
12 4.28571428571
10 3.57142857143
13 4.64285714286
11 2.61904761905
2 2.85714285714
17 4.85714285714
4 2.85714285714
13 2.65306122449
5 3.57142857143
17 6.07142857143
2 1.42857142857
17 3.03571428571
8 3.80952380952
11 3.92857142857
14 4.0
7 3.33333333333
9 4.28571428571
11 5.2380952381
12 4.28571428571
17 4.85714285714
11 5.2380952381
9 4.28571428571
1 1.42857142857
9 4.28571428571
11 2.24489795918
19 5.42857142857
2 1.42857142857
1 1.42857142857
6 2.85714285714
10 4.7619047619
3 2.14285714286
9 4.28571428571
6 2.85714285714
7 3.33333333333
19 5.42857142857
12 2.44897959184
3 2.14285714286
11 2.24489795918
1 1.42857142857
12 5.71428571429
2 2.85714285714
10 3.57142857143
18 5.14285714286
18 3.21428571429
7 5.0
7 3.33333333333
19 4.52380952381
9 2.57142857143
17 2.69841269841
3 4.28571428571
14 4.0
2 1.42857142857
1 1.42857142857
6 2.85714285714
10 3.57142857143
13 4.64285714286
3 4.28571428571
19 2.71428571429
15 5.35714285714
20 4.7619047619
11 3.92857142857
3 2.14285714286
5 3.57142857143
2 1.42857142857
19 2.71428571429
9 4.28571428571
3 2.14285714286
13 4.64285714286
6 4.28571428571
12 4.28571428571
19 5.42857142857
7 3.33333333333
18 5.14285714286
4 2.85714285714
1 1.42857142857
15 4.28571428571
10 4.7619047619
6 4.28571428571
9 4.28571428571
5 3.57142857143
8 2.28571428571
18 2.85714285714
5 3.57142857143
15 5.35714285714
14 4.0
4 2.85714285714
11 3.92857142857
10 3.57142857143
19 5.42857142857
11 3.92857142857
1 1.42857142857
13 1.85714285714
1 1.42857142857
1 1.42857142857
16 4.57142857143
1 1.42857142857
14 4.0
3 2.14285714286
83 2.04433497537
99 5.89285714286
29 5.17857142857
28 5.71428571429
82 5.85714285714
94 5.83850931677
25 5.10204081633
42 5.45454545455
87 5.91836734694
57 5.42857142857
