6 1 3 60000 1
16 3 6 160000 1
17 1 6 170000 1
19 3 16 190000 1
7 1 3 70000 1
14 1 5 140000 1
1 1 1 10000 1
9 1 3 90000 1
13 1 5 130000 1
2 1 2 20000 1
8 1 3 80000 1
20 1 6 200000 1
1 1 1 10000 1
11 2 5 110000 1
2 1 2 20000 1
10 1 3 100000 1
5 1 2 50000 1
6 1 3 60000 1
5 1 3 50000 1
12 1 4 120000 1
11 1 4 110000 1
16 2 9 160000 1
13 2 8 130000 1
14 1 5 140000 1
16 1 5 160000 1
10 1 4 100000 1
20 1 6 200000 1
15 3 13 150000 1
13 1 5 130000 1
13 1 5 130000 1
11 1 3 110000 1
6 1 3 60000 1
16 2 9 160000 1
17 2 10 170000 1
1 1 1 10000 1
18 2 10 180000 1
8 1 3 80000 1
1 1 1 10000 1
13 1 4 130000 1
16 1 5 160000 1
10 1 4 100000 1
20 2 11 200000 1
11 2 6 110000 1
20 1 6 200000 1
1 1 1 10000 1
11 1 4 110000 1
17 1 6 170000 1
7 1 3 70000 1
15 1 5 150000 1
14 2 9 140000 1
6 1 3 60000 1
16 2 9 160000 1
12 1 4 120000 1
17 2 10 170000 1
20 1 6 200000 1
10 1 3 100000 1
2 1 1 20000 1
15 1 5 150000 1
7 1 3 70000 1
9 1 4 90000 1
8 1 3 80000 1
3 1 1 30000 1
19 1 6 190000 1
13 1 4 130000 1
5 1 3 50000 1
10 2 3 100000 1
8 1 3 80000 1
10 1 3 100000 1
3 1 2 30000 1
2 1 2 20000 1
10 1 4 100000 1
3 1 2 30000 1
4 1 2 40000 1
1 1 1 10000 1
1 1 1 10000 1
5 1 3 50000 1
20 1 6 200000 1
15 1 5 150000 1
5 1 3 50000 1
5 1 3 50000 1
12 1 4 120000 1
18 1 6 180000 1
11 1 4 110000 1
16 1 5 160000 1
16 1 5 160000 1
7 1 3 70000 1
5 1 3 50000 1
14 1 5 140000 1
1 1 1 10000 1
13 1 5 130000 1
10 1 4 100000 1
14 2 5 140000 1
2 1 2 20000 1
16 3 13 160000 1
19 1 6 190000 1
20 1 6 200000 1
13 1 5 130000 1
10 1 3 100000 1
10 1 4 100000 1
15 1 5 150000 1
17 1 6 170000 1
7 1 2 70000 1
6 1 3 60000 1
6 1 3 60000 1
1 1 1 10000 1
8 2 5 80000 1
11 1 4 110000 1
7 1 3 70000 1
20 1 6 200000 1
20 2 11 200000 1
7 1 3 70000 1
9 1 3 90000 1
16 1 5 160000 1
17 2 10 170000 1
48 4 38 480000 1
83 7 83 830000 1
24 1 7 240000 1
27 1 8 270000 1
89 1 24 890000 1
86 1 13 860000 1
93 4 93 930000 1
75 2 39 750000 1
