3 1.11111111111
14 1.2962962963
29 4.02777777778
28 3.88888888889
2 0.740740740741
6 2.22222222222
3 1.66666666667
14 2.59259259259
16 1.26984126984
20 3.1746031746
20 3.7037037037
24 3.80952380952
22 4.07407407407
2 0.740740740741
29 1.46464646465
2 1.11111111111
24 1.21212121212
22 3.49206349206
18 2.5
24 3.80952380952
29 4.02777777778
29 1.8954248366
4 1.48148148148
4 1.48148148148
25 1.54320987654
16 1.61616161616
23 2.55555555556
28 1.94444444444
6 2.22222222222
7 2.59259259259
12 2.22222222222
25 1.54320987654
14 1.55555555556
24 1.90476190476
27 1.2
22 1.88034188034
25 1.26262626263
16 2.96296296296
5 1.85185185185
19 4.22222222222
3 1.11111111111
10 2.77777777778
11 2.03703703704
4 1.48148148148
12 1.90476190476
7 2.59259259259
14 3.88888888889
4 1.48148148148
27 1.76470588235
30 1.51515151515
14 1.41414141414
20 3.7037037037
24 3.80952380952
6 2.22222222222
28 2.59259259259
17 1.11111111111
15 3.33333333333
7 2.59259259259
6 2.22222222222
16 1.61616161616
22 1.11111111111
24 3.80952380952
19 2.63888888889
20 3.1746031746
6 2.22222222222
18 1.81818181818
6 2.22222222222
3 1.11111111111
17 3.77777777778
27 2.72727272727
18 1.17647058824
10 2.77777777778
7 2.59259259259
18 4.0
13 2.40740740741
24 3.80952380952
11 1.52777777778
8 2.22222222222
8 1.77777777778
30 1.96078431373
19 1.50793650794
18 4.0
27 2.72727272727
24 2.96296296296
26 1.25603864734
18 4.0
5 1.85185185185
21 3.33333333333
20 3.1746031746
13 3.61111111111
18 4.0
14 1.55555555556
18 1.42857142857
9 2.5
17 1.34920634921
27 3.75
10 1.85185185185
17 2.36111111111
2 0.740740740741
6 1.66666666667
20 2.22222222222
6 2.22222222222
25 3.96825396825
24 3.80952380952
19 4.22222222222
18 4.0
9 2.0
7 2.59259259259
6 2.22222222222
5 1.85185185185
20 2.22222222222
3 1.11111111111
29 2.92929292929
13 3.61111111111
30 5.55555555556
2 0.740740740741
17 1.71717171717
21 3.33333333333
20 1.38888888889
13 3.61111111111
18 3.33333333333
20 1.38888888889
19 4.22222222222
15 3.33333333333
11 3.05555555556
24 2.66666666667
25 2.77777777778
14 3.11111111111
12 1.66666666667
17 3.77777777778
19 1.05555555556
25 3.96825396825
30 2.77777777778
5 1.85185185185
17 3.14814814815
24 4.44444444444
15 3.33333333333
26 4.12698412698
2 0.740740740741
14 3.11111111111
23 3.19444444444
16 1.26984126984
27 5.0
23 3.65079365079
6 2.22222222222
8 1.48148148148
5 1.85185185185
17 1.57407407407
5 1.85185185185
9 2.5
24 4.44444444444
10 1.38888888889
9 1.66666666667
22 1.35802469136
24 4.44444444444
26 1.44444444444
15 2.08333333333
25 1.06837606838
20 3.7037037037
13 3.61111111111
17 3.77777777778
2 0.740740740741
24 1.21212121212
7 2.59259259259
22 4.07407407407
14 1.2962962963
11 2.44444444444
9 2.5
22 3.05555555556
15 3.33333333333
22 1.35802469136
7 1.94444444444
19 4.22222222222
2 0.740740740741
6 1.66666666667
27 1.42857142857
12 2.22222222222
17 2.36111111111
24 1.33333333333
19 1.50793650794
3 1.11111111111
28 2.59259259259
379 1.68444444444
597 2.24099099099
181 0.561762880199
1 0.555555555556
91 4.81481481481
3 1.11111111111
8 2.22222222222
183 1.66666666667
1 0.555555555556
4 1.48148148148
18 4.0
2 0.740740740741
2 0.740740740741
29 1.00694444444
1 0.555555555556
118 1.63888888889
2 0.740740740741
1 0.555555555556
506 2.2399291722
1 0.555555555556
927 0.936363636364
1 0.555555555556
13 3.61111111111
1 0.555555555556
153 0.965909090909
1 0.555555555556
971 6.6598079561
3 1.66666666667
1 0.555555555556
21 1.11111111111
663 0.964223385689
888 3.35600907029
20 4.44444444444
837 3.36956521739
44 2.71604938272
1 0.555555555556
787 0.751886882583
122 1.11111111111
39 1.49425287356
1 0.555555555556
1 0.555555555556
1 0.555555555556
81 0.833333333333
7 2.59259259259
247 3.2671957672
1 0.555555555556
65 5.55555555556
2 0.740740740741
2 0.740740740741
1 0.555555555556
469 6.51388888889
312 1.34889753567
6 2.22222222222
279 1.11913357401
21 3.88888888889
895 0.96548004315
3 1.11111111111
10 2.77777777778
1 0.555555555556
1 0.555555555556
1 0.555555555556
1 0.555555555556
1 0.555555555556
1 0.555555555556
1 0.555555555556
37 0.934343434343
85 1.33020344288
1 0.555555555556
645 0.879345603272
105 5.83333333333
15 1.51515151515
1 0.555555555556
99 3.14285714286
1 0.555555555556
83 1.08496732026
2 0.740740740741
1 0.555555555556
83 5.42483660131
6 1.66666666667
25 4.62962962963
