62 18 115 620000 1
49 2 22 182873 0
73 8 48 316193 0
93 2 11 87137 0
11 3 21 110000 1
26 9 50 260000 1
29 2 16 121794 0
50 3 31 253318 0
45 4 33 261211 0
17 5 29 168753 0
31 8 55 310000 1
91 0 0 0 0
46 16 92 460000 1
52 4 52 406258 0
45 6 81 450000 1
32 9 64 320000 1
9 2 14 86207 0
76 6 43 315016 0
6 2 12 60000 1
84 0 0 0 0
59 3 39 306722 0
5 1 9 47952 0
18 5 36 180000 1
63 17 123 630000 1
12 8 23 120000 1
9 1 14 83782 0
60 10 110 600000 1
78 1 11 94672 0
79 17 158 790000 1
95 9 76 505986 0
19 2 14 100066 0
82 3 48 399625 0
38 8 72 379739 0
11 0 0 0 0
31 2 15 120874 0
71 7 82 626741 0
3 0 0 0 0
85 9 55 368352 0
20 2 15 113443 0
53 6 30 195900 0
58 6 47 367455 0
72 9 123 708733 0
44 1 7 55857 0
4 2 8 40000 1
90 4 18 121000 0
95 16 189 950000 1
20 9 40 200000 1
12 2 22 120000 1
21 4 39 207603 0
19 0 0 0 0
44 1 13 110029 0
55 17 110 550000 1
89 5 70 559705 0
23 8 44 230000 1
33 1 11 90096 0
68 7 49 344596 0
65 18 127 650000 1
61 16 111 610000 1
46 9 92 460000 1
17 5 31 170000 1
12 2 12 82430 0
68 1 18 145248 0
85 0 0 0 0
70 15 114 627280 0
53 2 26 216606 0
49 12 90 490000 1
1 0 0 0 0
48 15 92 480000 1
36 9 55 344761 0
10 6 18 100000 1
46 14 92 460000 1
92 8 100 719109 0
29 5 35 254498 0
60 2 14 115486 0
45 7 85 450000 1
95 2 12 95145 0
26 0 0 0 0
72 16 132 720000 1
99 1 8 67533 0
33 0 0 0 0
35 4 43 315222 0
44 4 26 203483 0
19 4 37 190000 1
72 2 10 79998 0
35 6 62 350000 1
37 2 23 191384 0
26 6 30 215688 0
44 7 38 288752 0
39 6 40 310851 0
98 7 80 618926 0
72 4 47 376345 0
91 13 142 896924 0
53 10 66 408730 0
52 14 104 520000 1
29 1 11 89579 0
49 5 83 487683 0
80 0 0 0 0
52 3 27 212515 0
43 0 0 0 0
74 2 19 158592 0
61 11 110 610000 1
46 10 69 416360 0
