3 3.0
20 2.85714285714
1 2.0
14 3.5
10 3.33333333333
9 3.0
6 3.0
5 2.5
5 2.5
4 2.66666666667
4 2.66666666667
1 2.0
13 3.25
7 2.8
13 2.6
17 2.61538461538
3 2.0
11 3.66666666667
16 2.90909090909
8 2.66666666667
10 3.33333333333
8 2.28571428571
8 2.66666666667
18 3.27272727273
10 3.33333333333
13 3.25
7 3.5
7 3.5
17 2.83333333333
8 2.66666666667
20 3.63636363636
19 2.92307692308
20 2.98587692308
8 2.66666666667
4 2.0
19 2.53333333333
9 2.57142857143
14 2.8
11 3.66666666667
11 2.75
7 2.8
12 2.66666666667
12 3.0
3 3.0
9 2.25
5 2.5
12 3.42857142857
17 2.61538461538
18 3.0
18 2.57142857143
6 3.0
6 3.0
6 3.0
9 2.57142857143
6 3.0
11 3.14285714286
4 2.66666666667
5 2.5
3 3.0
11 2.75
1 2.0
8 2.66666666667
2 2.0
8 2.66666666667
5 2.5
2 2.0
14 2.54545454545
6 3.0
1 2.0
13 2.88888888889
3 3.0
16 2.46153846154
9 3.0
18 2.57142857143
14 3.5
7 2.8
15 3.33333333333
17 3.09090909091
16 2.90909090909
12 2.4
20 3.19025
15 3.0
1 2.0
1 2.0
13 3.25
13 3.25
20 3.07692307692
2 2.0
18 3.0
13 2.88888888889
8 2.66666666667
19 2.53333333333
19 2.53333333333
14 3.5
4 2.66666666667
4 2.0
7 2.33333333333
1 2.0
3 3.0
2 2.0
7 3.5
8 2.66666666667
10 2.85714285714
3 3.0
10 2.85714285714
5 2.5
2 2.0
13 2.88888888889
10 2.85714285714
16 3.55555555556
14 2.54545454545
19 2.53333333333
12 3.0
17 2.61538461538
13 2.6
1 2.0
14 2.8
13 2.88888888889
7 2.8
20 2.85714285714
5 2.5
88 5.1665
98 5.11084210526
61 4.73836
99 2.78873239437
79 3.42461538462
65 2.76595744681
38 2.62068965517
