8 4 10 80000 1
22 10 25 220000 1
31 1 9 129942 0
4 1 4 40000 1
75 11 77 750000 1
58 8 66 580000 1
22 0 0 0 0
79 0 0 0 0
49 3 26 351428 0
62 2 19 266218 0
55 7 58 550000 1
50 7 54 500000 1
16 0 0 0 0
2 0 0 0 0
3 1 3 30000 1
54 0 0 0 0
44 4 47 440000 1
85 4 43 522152 0
82 9 88 820000 1
19 7 20 190000 1
12 4 14 120000 1
92 10 100 920000 1
78 9 80 780000 1
68 3 39 535146 0
80 3 51 635366 0
40 4 42 400000 1
74 14 96 740000 1
40 3 21 284580 0
77 4 34 423680 0
49 1 7 107492 0
18 0 0 0 0
11 2 12 110000 1
43 0 0 0 0
44 2 18 249124 0
10 2 11 100000 1
56 1 14 214980 0
51 3 24 309440 0
50 5 52 500000 1
39 14 40 390000 1
82 17 83 820000 1
27 2 29 270000 1
51 2 35 428680 0
78 5 42 482912 0
25 9 27 250000 1
7 2 8 70000 1
58 11 59 580000 1
22 2 16 193138 0
52 10 54 520000 1
74 1 7 103672 0
72 5 37 420196 0
76 4 36 451680 0
53 6 54 530000 1
9 0 0 0 0
58 1 11 170280 0
86 0 0 0 0
20 5 22 200000 1
55 3 22 303852 0
83 2 41 601528 0
63 3 45 564404 0
37 2 16 213988 0
75 8 82 750000 1
34 2 37 340000 1
29 11 31 290000 1
43 0 0 0 0
50 4 36 405928 0
20 5 22 200000 1
46 4 36 398924 0
70 6 48 487964 0
91 10 107 910000 1
47 2 21 302840 0
63 5 32 384298 0
35 7 38 350000 1
82 14 136 820000 1
27 6 28 270000 1
48 3 35 429056 0
4 2 5 40000 1
25 1 15 190810 0
78 4 34 419520 0
68 1 16 241828 0
37 5 42 370000 1
6 2 7 60000 1
88 16 134 880000 1
16 9 18 160000 1
84 0 0 0 0
57 8 59 570000 1
75 8 85 750000 1
35 0 0 0 0
16 3 19 160000 1
24 0 0 0 0
73 0 0 0 0
