3 2.0
4 2.66666666667
20 3.33333333333
6 2.66666666667
16 3.04761904762
1 1.33333333333
12 3.2
18 3.42857142857
17 3.2380952381
16 3.04761904762
16 3.04761904762
9 3.0
13 2.88888888889
4 1.77777777778
4 2.66666666667
20 2.66666666667
16 3.04761904762
1 1.33333333333
5 2.22222222222
17 3.2380952381
16 3.04761904762
7 3.11111111111
13 2.88888888889
5 2.22222222222
8 2.66666666667
5 2.22222222222
7 3.11111111111
6 2.66666666667
2 2.66666666667
19 2.53333333333
10 3.33333333333
6 2.66666666667
1 1.33333333333
6 2.66666666667
8 2.66666666667
15 3.33333333333
7 2.33333333333
10 3.33333333333
5 2.22222222222
4 2.66666666667
7 3.11111111111
17 3.2380952381
13 2.88888888889
2 2.66666666667
8 2.66666666667
13 2.88888888889
16 3.04761904762
1 1.33333333333
20 3.33333333333
18 3.42857142857
14 3.11111111111
19 3.16666666667
9 3.0
15 3.33333333333
4 2.66666666667
1 1.33333333333
10 3.33333333333
8 2.66666666667
6 2.66666666667
12 2.66666666667
7 3.11111111111
16 1.64102564103
7 3.11111111111
5 2.22222222222
8 2.66666666667
7 3.11111111111
16 3.04761904762
19 3.16666666667
19 2.53333333333
4 2.66666666667
18 3.0
5 2.22222222222
16 3.04761904762
18 3.42857142857
16 3.04761904762
12 3.2
8 2.66666666667
4 2.66666666667
2 2.66666666667
16 3.04761904762
1 1.33333333333
10 3.33333333333
11 2.93333333333
5 2.22222222222
3 2.0
15 3.33333333333
10 3.33333333333
16 3.04761904762
13 2.88888888889
17 3.2380952381
9 3.0
5 2.22222222222
8 2.66666666667
10 3.33333333333
1 1.33333333333
20 3.33333333333
14 3.11111111111
2 2.66666666667
17 3.2380952381
3 2.0
10 2.66666666667
13 2.88888888889
13 2.88888888889
10 3.33333333333
9 3.0
7 3.11111111111
12 1.6
14 3.11111111111
59 3.42028985507
24 3.2
43 3.37254901961
81 3.48387096774
59 2.62222222222
96 3.55555555556
55 3.49206349206
