11 1 6 110000 1
5 1 3 50000 1
18 1 9 180000 1
8 1 4 80000 1
10 1 6 100000 1
17 1 8 170000 1
7 1 4 70000 1
18 1 9 180000 1
1 1 1 10000 1
1 1 1 10000 1
10 1 5 100000 1
7 1 3 70000 1
11 1 6 110000 1
19 1 9 190000 1
5 1 3 50000 1
16 1 8 160000 1
15 1 8 150000 1
8 1 4 80000 1
14 1 7 140000 1
1 1 1 10000 1
1 1 1 10000 1
11 1 6 110000 1
20 2 10 200000 1
7 1 4 70000 1
10 1 5 100000 1
7 1 4 70000 1
4 1 2 40000 1
6 1 3 60000 1
20 1 10 200000 1
17 1 9 170000 1
11 1 6 110000 1
1 1 1 10000 1
15 1 7 150000 1
15 1 8 150000 1
13 2 8 130000 1
11 1 6 110000 1
12 1 6 120000 1
18 1 9 180000 1
17 1 9 170000 1
17 1 8 170000 1
16 1 8 160000 1
7 1 4 70000 1
17 1 8 170000 1
18 1 9 180000 1
3 1 2 30000 1
17 2 8 170000 1
6 1 3 60000 1
17 1 9 170000 1
14 1 7 140000 1
13 1 7 130000 1
16 1 8 160000 1
19 2 9 190000 1
18 1 9 180000 1
6 1 3 60000 1
20 2 10 200000 1
10 1 5 100000 1
11 1 6 110000 1
8 1 4 80000 1
18 1 9 180000 1
2 1 1 20000 1
15 1 7 150000 1
17 2 8 170000 1
19 2 10 190000 1
16 1 8 160000 1
5 1 3 50000 1
3 1 2 30000 1
16 1 8 160000 1
10 1 6 100000 1
3 1 2 30000 1
18 1 9 180000 1
12 1 6 120000 1
5 1 3 50000 1
1 1 1 10000 1
13 1 6 130000 1
10 1 5 100000 1
14 1 7 140000 1
10 1 5 100000 1
12 1 6 120000 1
16 1 8 160000 1
11 1 6 110000 1
16 2 8 160000 1
14 1 7 140000 1
13 2 6 130000 1
10 1 5 100000 1
1 1 1 10000 1
20 1 10 200000 1
2 1 1 20000 1
17 1 8 170000 1
4 1 3 40000 1
9 1 5 90000 1
8 1 4 80000 1
14 2 7 140000 1
10 1 6 100000 1
9 1 5 90000 1
8 1 4 80000 1
2 1 1 20000 1
19 1 10 190000 1
10 1 5 100000 1
6 1 3 60000 1
15 2 7 150000 1
2 1 2 20000 1
7 1 3 70000 1
16 1 8 160000 1
11 1 6 110000 1
17 1 9 170000 1
30 1 14 300000 1
49 1 23 490000 1
77 4 36 770000 1
52 1 24 520000 1
93 1 43 930000 1
12 1 6 120000 1
54 1 25 540000 1
40 1 19 400000 1
63 3 29 630000 1
74 1 34 740000 1
87 1 40 870000 1
69 3 32 690000 1
76 1 35 760000 1
34 2 16 340000 1
43 1 21 430000 1
60 1 28 600000 1
46 1 21 460000 1
72 1 34 720000 1
98 2 46 980000 1
26 3 12 260000 1
66 2 44 660000 1
