11 1.98198198198
5 1.8018018018
18 2.16216216216
8 2.16216216216
10 1.8018018018
17 2.2972972973
7 1.89189189189
18 2.16216216216
1 1.08108108108
1 1.08108108108
10 2.16216216216
7 2.52252252252
11 1.98198198198
19 2.28228228228
5 1.8018018018
16 2.16216216216
15 2.02702702703
8 2.16216216216
14 2.16216216216
1 1.08108108108
1 1.08108108108
11 1.98198198198
20 2.16216216216
7 1.89189189189
10 2.16216216216
7 1.89189189189
4 2.16216216216
6 2.16216216216
20 2.16216216216
17 2.04204204204
11 1.98198198198
1 1.08108108108
15 2.3166023166
15 2.02702702703
13 1.75675675676
11 1.98198198198
12 2.16216216216
18 2.16216216216
17 2.04204204204
17 2.2972972973
16 2.16216216216
7 1.89189189189
17 2.2972972973
18 2.16216216216
3 1.62162162162
17 2.2972972973
6 2.16216216216
17 2.04204204204
14 2.16216216216
13 2.00772200772
16 2.16216216216
19 2.28228228228
18 2.16216216216
6 2.16216216216
20 2.16216216216
10 2.16216216216
11 1.98198198198
8 2.16216216216
18 2.16216216216
2 2.16216216216
15 2.3166023166
17 2.2972972973
19 2.05405405405
16 2.16216216216
5 1.8018018018
3 1.62162162162
16 2.16216216216
10 1.8018018018
3 1.62162162162
18 2.16216216216
12 2.16216216216
5 1.8018018018
1 1.08108108108
13 2.34234234234
10 2.16216216216
14 2.16216216216
10 2.16216216216
12 2.16216216216
16 2.16216216216
11 1.98198198198
16 2.16216216216
14 2.16216216216
13 2.34234234234
10 2.16216216216
1 1.08108108108
20 2.16216216216
2 2.16216216216
17 2.2972972973
4 1.44144144144
9 1.94594594595
8 2.16216216216
14 2.16216216216
10 1.8018018018
9 1.94594594595
8 2.16216216216
2 2.16216216216
19 2.05405405405
10 2.16216216216
6 2.16216216216
15 2.3166023166
2 1.08108108108
7 2.52252252252
16 2.16216216216
11 1.98198198198
17 2.04204204204
30 2.3166023166
49 2.30317273796
77 2.31231231231
52 2.34234234234
93 2.33815210559
12 2.16216216216
54 2.33513513514
40 2.2759601707
63 2.348555452
74 2.35294117647
87 2.35135135135
69 2.33108108108
76 2.34749034749
34 2.2972972973
43 2.21364221364
60 2.3166023166
46 2.36808236808
72 2.2893481717
98 2.30317273796
26 2.34234234234
66 1.62162162162
