19 2 138 190000 1
20 1 86 200000 1
21 5 127 210000 1
7 2 70 70000 1
15 11 190 150000 1
21 4 265 210000 1
15 1 96 150000 1
2 1 34 20000 1
19 2 127 190000 1
20 1 113 200000 1
28 8 144 280000 1
22 5 165 220000 1
30 1 100 300000 1
9 5 156 90000 1
3 1 36 30000 1
25 16 292 250000 1
20 10 263 200000 1
24 6 185 240000 1
21 7 232 210000 1
21 8 258 210000 1
20 2 113 200000 1
15 1 60 139755 0
9 13 80 90000 1
28 9 475 280000 1
14 11 154 140000 1
27 13 315 270000 1
14 1 96 140000 1
4 11 81 40000 1
19 1 62 190000 1
9 8 194 90000 1
15 11 91 150000 1
2 1 47 20000 1
8 1 58 80000 1
17 9 175 170000 1
20 7 155 200000 1
27 10 202 270000 1
15 11 186 150000 1
5 9 77 50000 1
12 9 108 120000 1
8 1 78 80000 1
2 1 52 20000 1
11 3 80 110000 1
18 7 147 180000 1
6 4 59 60000 1
24 4 180 240000 1
9 3 100 90000 1
20 3 123 200000 1
28 16 262 280000 1
10 7 97 100000 1
16 5 63 160000 1
8 3 84 80000 1
24 1 137 240000 1
11 10 106 110000 1
16 5 88 160000 1
14 6 184 140000 1
22 1 87 202906 0
5 1 36 43188 0
11 10 87 110000 1
3 10 51 30000 1
20 1 116 200000 1
26 1 101 260000 1
10 11 193 100000 1
24 2 128 240000 1
23 3 170 230000 1
26 1 81 260000 1
16 13 164 160000 1
26 1 133 260000 1
11 1 82 110000 1
11 13 101 110000 1
26 2 151 260000 1
3 6 47 30000 1
2 3 60 20000 1
26 13 252 260000 1
14 1 66 140000 1
28 6 265 280000 1
28 9 413 280000 1
16 9 136 160000 1
25 11 242 250000 1
27 12 253 270000 1
11 1 48 74239 0
26 12 286 260000 1
22 4 212 220000 1
29 2 108 290000 1
21 7 160 210000 1
16 3 135 160000 1
2 6 80 20000 1
5 6 83 50000 1
28 1 90 280000 1
17 6 160 170000 1
12 1 60 118572 0
15 11 159 150000 1
19 8 206 190000 1
21 2 123 210000 1
16 7 102 160000 1
22 13 300 220000 1
27 15 198 270000 1
13 6 162 130000 1
13 10 115 130000 1
1 4 47 10000 1
9 8 96 90000 1
6 4 59 60000 1
9 3 70 90000 1
4 9 59 40000 1
24 8 188 240000 1
14 1 66 118524 0
10 1 45 65940 0
24 13 234 240000 1
24 7 178 240000 1
5 9 63 50000 1
6 1 47 60000 1
18 3 104 180000 1
15 15 194 150000 1
22 16 221 220000 1
20 6 136 200000 1
25 1 41 93303 0
30 8 162 300000 1
19 4 157 190000 1
16 4 136 160000 1
12 1 60 112536 0
30 13 323 300000 1
13 8 86 130000 1
29 1 155 290000 1
5 4 57 50000 1
28 10 259 280000 1
15 9 166 150000 1
17 1 103 170000 1
19 15 150 190000 1
5 1 47 47535 0
20 1 55 127908 0
27 2 251 270000 1
30 1 84 225030 0
7 12 105 70000 1
15 8 126 150000 1
15 1 95 150000 1
6 1 43 60000 1
10 1 41 61285 0
27 7 139 270000 1
1 5 56 10000 1
4 3 56 40000 1
23 14 169 230000 1
22 8 270 220000 1
28 8 335 280000 1
22 1 73 220000 1
20 4 116 200000 1
5 1 68 49365 0
16 14 131 160000 1
2 1 48 20000 1
16 15 209 160000 1
10 1 80 100000 1
18 4 180 180000 1
21 4 289 210000 1
22 1 125 220000 1
3 10 59 30000 1
14 15 116 140000 1
4 3 94 40000 1
12 8 136 120000 1
20 1 74 200000 1
23 13 168 230000 1
4 6 94 40000 1
6 13 68 60000 1
2 8 64 20000 1
2 3 38 20000 1
28 5 231 280000 1
2 5 42 20000 1
8 2 64 80000 1
19 1 68 177023 0
20 3 157 200000 1
5 9 81 50000 1
21 4 161 210000 1
22 4 122 220000 1
28 1 79 183288 0
15 2 95 150000 1
17 12 210 170000 1
4 3 55 40000 1
15 5 136 150000 1
2 1 40 17566 0
19 12 185 190000 1
12 7 157 120000 1
26 15 511 260000 1
4 1 41 37281 0
7 6 86 70000 1
4 9 48 40000 1
348 10 2839 3480000 1
576 12 5801 5760000 1
1 1 35 9683 0
1 1 30 10000 1
4 1 61 40000 1
25 5 182 250000 1
56 15 604 560000 1
2 1 35 20000 1
15 1 91 150000 1
22 5 124 220000 1
1 5 41 10000 1
2 6 65 20000 1
83 13 543 830000 1
54 3 429 540000 1
7 2 45 70000 1
1 3 43 10000 1
2 2 44 20000 1
1 1 46 10000 1
1 1 57 10000 1
6 13 53 60000 1
1 3 48 10000 1
41 3 280 410000 1
657 2 2667 6570000 1
8 11 71 80000 1
5 6 53 50000 1
40 12 367 400000 1
1 1 46 10000 1
15 1 91 150000 1
32 11 229 320000 1
202 3 1260 2020000 1
86 4 723 860000 1
2 3 39 20000 1
1 2 51 10000 1
4 1 57 40000 1
691 4 4180 6910000 1
1 5 31 10000 1
8 8 85 80000 1
1 1 41 10000 1
1 1 34 10000 1
2 1 50 20000 1
38 11 505 380000 1
1 1 47 10000 1
2 2 47 20000 1
1 3 36 10000 1
1 2 44 10000 1
7 5 59 70000 1
1 2 54 10000 1
309 11 1888 3090000 1
29 9 271 290000 1
3 1 35 30000 1
2 1 49 20000 1
75 1 42 103577 0
1 1 36 8726 0
1 2 49 10000 1
6 1 44 52608 0
3 1 38 30000 1
1 1 49 10000 1
72 2 360 720000 1
142 6 886 1420000 1
368 1 772 3680000 1
112 17 1178 1120000 1
814 17 9816 8140000 1
1 5 51 10000 1
25 13 209 250000 1
17 1 75 170000 1
15 12 101 150000 1
1 1 41 10000 1
1 4 37 10000 1
60 4 524 600000 1
2 4 70 20000 1
87 14 915 870000 1
26 11 200 260000 1
7 10 107 70000 1
18 6 154 180000 1
961 1 1949 9610000 1
6 1 40 60000 1
2 3 44 20000 1
1 1 29 10000 1
129 8 549 1290000 1
21 6 159 210000 1
249 8 1549 2490000 1
132 11 1104 1320000 1
785 3 3178 7850000 1
