19 2.29468599034
20 3.87596899225
21 2.75590551181
7 1.66666666667
15 1.31578947368
21 1.32075471698
15 2.60416666667
2 0.980392156863
19 2.49343832021
20 2.94985250737
28 3.24074074074
22 2.22222222222
30 5.0
9 0.961538461538
3 1.38888888889
25 1.42694063927
20 1.26742712294
24 2.16216216216
21 1.50862068966
21 1.35658914729
20 2.94985250737
15 3.88208333333
9 1.875
28 0.982456140351
14 1.51515151515
27 1.42857142857
14 2.43055555556
4 0.82304526749
19 5.10752688172
9 0.773195876289
15 2.74725274725
2 0.709219858156
8 2.29885057471
17 1.61904761905
20 2.15053763441
27 2.22772277228
15 1.34408602151
5 1.08225108225
12 1.85185185185
8 1.7094017094
2 0.641025641026
11 2.29166666667
18 2.04081632653
6 1.69491525424
24 2.22222222222
9 1.5
20 2.71002710027
28 1.78117048346
10 1.71821305842
16 4.2328042328
8 1.5873015873
24 2.9197080292
11 1.72955974843
16 3.0303030303
14 1.26811594203
22 3.88708812261
5 1.99944444444
11 2.10727969349
3 0.980392156863
20 2.87356321839
26 4.2904290429
10 0.863557858377
24 3.125
23 2.25490196078
26 5.34979423868
16 1.62601626016
26 3.25814536341
11 2.23577235772
11 1.81518151815
26 2.86975717439
3 1.06382978723
2 0.555555555556
26 1.71957671958
14 3.53535353535
28 1.76100628931
28 1.12994350282
16 1.96078431373
25 1.7217630854
27 1.77865612648
11 2.57774305556
26 1.51515151515
22 1.72955974843
29 4.47530864198
21 2.1875
16 1.97530864198
2 0.416666666667
5 1.00401606426
28 5.18518518519
17 1.77083333333
12 3.29366666667
15 1.57232704403
19 1.53721682848
21 2.84552845528
16 2.61437908497
22 1.22222222222
27 2.27272727273
13 1.33744855967
13 1.88405797101
1 0.354609929078
9 1.5625
6 1.69491525424
9 2.14285714286
4 1.12994350282
24 2.12765957447
14 2.99303030303
10 2.44222222222
24 1.7094017094
24 2.24719101124
5 1.32275132275
6 2.12765957447
18 2.88461538462
15 1.28865979381
22 1.65912518854
20 2.45098039216
25 3.79280487805
30 3.08641975309
19 2.016985138
16 1.96078431373
12 3.126
30 1.5479876161
13 2.51937984496
29 3.11827956989
5 1.46198830409
28 1.8018018018
15 1.50602409639
17 2.75080906149
19 2.11111111111
5 1.68563829787
20 3.876
27 1.79282868526
30 4.46488095238
7 1.11111111111
15 1.98412698413
15 2.63157894737
6 2.32558139535
10 2.4912601626
27 3.23741007194
1 0.297619047619
4 1.19047619048
23 2.26824457594
22 1.35802469136
28 1.39303482587
22 5.02283105023
20 2.87356321839
5 1.20992647059
16 2.03562340967
2 0.694444444444
16 1.27591706539
10 2.08333333333
18 1.66666666667
21 1.21107266436
22 2.93333333333
3 0.847457627119
14 2.01149425287
4 0.709219858156
12 1.47058823529
20 4.5045045045
23 2.28174603175
4 0.709219858156
6 1.47058823529
2 0.520833333333
2 0.877192982456
28 2.0202020202
2 0.793650793651
8 2.08333333333
19 4.33879901961
20 2.12314225053
5 1.02880658436
21 2.17391304348
22 3.00546448087
28 3.86683544304
15 2.63157894737
17 1.34920634921
4 1.21212121212
15 1.83823529412
2 0.731916666667
19 1.71171171171
12 1.27388535032
26 0.848010437052
4 1.51548780488
7 1.35658914729
4 1.38888888889
348 2.04297287777
576 1.65488708843
1 0.461095238095
1 0.555555555556
4 1.09289617486
25 2.28937728938
56 1.54525386313
2 0.952380952381
15 2.74725274725
22 2.95698924731
1 0.406504065041
2 0.512820512821
83 2.54757519951
54 2.0979020979
7 2.59259259259
1 0.387596899225
2 0.757575757576
1 0.36231884058
1 0.292397660819
6 1.88679245283
1 0.347222222222
41 2.44047619048
657 4.1057367829
8 1.8779342723
5 1.57232704403
40 1.81653042688
1 0.36231884058
15 2.74725274725
32 2.32896652111
202 2.67195767196
86 1.98248040572
2 0.854700854701
1 0.326797385621
4 1.16959064327
691 2.75518341308
1 0.537634408602
8 1.56862745098
1 0.406504065041
1 0.490196078431
2 0.666666666667
38 1.25412541254
1 0.354609929078
2 0.709219858156
1 0.462962962963
1 0.378787878788
7 1.97740112994
1 0.308641975309
309 2.72775423729
29 1.78351783518
3 1.42857142857
2 0.680272108844
75 4.1101984127
1 0.403981481481
1 0.340136054422
6 1.99272727273
3 1.31578947368
1 0.340136054422
72 3.33333333333
142 2.67118133935
368 7.94473229706
112 1.58460667799
814 1.38209725618
1 0.326797385621
25 1.99362041467
17 3.77777777778
15 2.47524752475
1 0.406504065041
1 0.45045045045
60 1.90839694656
2 0.47619047619
87 1.58469945355
26 2.16666666667
7 1.09034267913
18 1.94805194805
961 8.21788951599
6 2.5
2 0.757575757576
1 0.574712643678
129 3.91621129326
21 2.20125786164
249 2.67914783731
132 1.99275362319
785 4.11684497588
