12 9 319 120000 1
11 11 412 110000 1
18 15 666 180000 1
19 32 680 190000 1
14 18 392 140000 1
8 22 414 80000 1
15 2 134 99301 0
18 12 544 180000 1
14 19 490 140000 1
13 17 389 130000 1
3 3 166 30000 1
20 23 611 200000 1
1 1 71 4119 0
11 16 298 110000 1
18 41 665 180000 1
1 14 185 10000 1
17 22 478 170000 1
4 17 295 40000 1
3 1 48 9501 0
2 27 207 20000 1
1 16 208 10000 1
18 30 667 180000 1
13 6 236 130000 1
4 1 73 16624 0
19 14 572 190000 1
11 36 411 110000 1
15 29 453 150000 1
1 4 191 10000 1
1 5 184 10000 1
6 25 289 60000 1
3 2 186 27375 0
17 19 510 170000 1
10 19 405 100000 1
4 11 255 40000 1
2 9 174 20000 1
11 22 434 110000 1
20 21 504 200000 1
9 11 325 90000 1
3 18 215 30000 1
16 28 709 160000 1
12 8 342 120000 1
16 9 450 160000 1
7 13 297 70000 1
19 23 634 190000 1
19 17 581 190000 1
15 22 818 150000 1
1 1 70 4574 0
2 15 218 20000 1
5 20 305 50000 1
16 6 373 160000 1
14 1 94 47064 0
14 20 427 140000 1
16 11 397 160000 1
7 34 253 70000 1
13 20 511 130000 1
2 31 205 20000 1
11 1 67 34849 0
18 26 627 180000 1
9 22 306 90000 1
8 30 333 80000 1
5 1 63 18330 0
9 23 376 90000 1
18 35 455 180000 1
8 18 253 80000 1
11 27 481 110000 1
20 64 634 200000 1
19 10 541 190000 1
20 10 619 200000 1
6 15 294 60000 1
15 29 569 150000 1
20 7 493 200000 1
11 59 524 110000 1
2 9 204 20000 1
11 12 341 110000 1
20 29 563 200000 1
5 42 276 50000 1
7 8 287 70000 1
14 30 405 140000 1
14 25 589 140000 1
1 5 198 10000 1
6 21 289 60000 1
20 13 442 200000 1
18 3 344 180000 1
10 13 361 100000 1
9 18 322 90000 1
10 7 377 100000 1
3 14 192 30000 1
15 44 557 150000 1
5 25 290 50000 1
8 1 71 29868 0
4 1 61 13074 0
17 24 427 170000 1
11 21 378 110000 1
9 30 403 90000 1
9 7 306 90000 1
9 37 312 90000 1
13 8 402 130000 1
8 21 263 80000 1
3 20 237 30000 1
9 23 303 90000 1
14 30 743 140000 1
13 22 493 130000 1
6 1 88 25434 0
12 15 405 120000 1
16 21 510 160000 1
12 18 347 120000 1
5 20 237 50000 1
12 20 394 120000 1
11 18 511 110000 1
8 10 344 80000 1
13 4 289 130000 1
78 37 1831 780000 1
35 19 710 350000 1
54 25 1275 540000 1
30 12 652 300000 1
34 1 109 85308 0
31 5 487 310000 1
88 24 1375 880000 1
26 18 856 260000 1
93 15 1865 930000 1
70 6 935 700000 1
48 4 692 480000 1
61 44 2025 610000 1
81 9 1149 810000 1
