12 0.447828034035
11 0.317845584836
18 0.32175032175
19 0.332633053221
14 0.425170068027
8 0.230043708305
15 0.882205046198
18 0.393907563025
14 0.340136054422
13 0.397845513527
3 0.215146299484
20 0.389681240745
1 0.0690643863179
11 0.439437519974
18 0.322234156821
1 0.0643500643501
17 0.423391113768
4 0.161420500404
3 0.235639880952
2 0.115021854152
1 0.0572344322344
18 0.32126793746
13 0.655770782889
4 0.271102413568
19 0.395437895438
11 0.318618931758
15 0.394197414065
1 0.06232859636
1 0.0646997929607
6 0.247157686604
3 0.175211213518
17 0.396825396825
10 0.293944738389
4 0.186741363212
2 0.136836343733
11 0.301733596664
20 0.472411186697
9 0.32967032967
3 0.166112956811
16 0.268654711532
12 0.417710944027
16 0.42328042328
7 0.280583613917
19 0.356767312603
19 0.389312351447
15 0.218302479916
1 0.0777891156463
2 0.109217999126
5 0.195160031226
16 0.510660028086
14 0.596048632219
14 0.390320062451
16 0.479788892887
7 0.329380764163
13 0.302860870376
2 0.116144018583
11 0.61920753376
18 0.341763499658
9 0.350140056022
8 0.286000286
5 0.346371882086
9 0.284954407295
18 0.470957613815
8 0.376435159044
11 0.27225027225
20 0.375544539582
19 0.418096998504
20 0.38464497269
6 0.242954324587
15 0.313833793623
20 0.48295180141
11 0.249909123955
2 0.116713352007
11 0.384024577573
20 0.422904508162
5 0.215665976536
7 0.290360046458
14 0.411522633745
14 0.282965478212
1 0.0601250601251
6 0.247157686604
20 0.538677009265
18 0.62292358804
10 0.329771797916
9 0.332741792369
10 0.315776177845
3 0.186011904762
15 0.320595024365
5 0.205254515599
8 0.500804828974
4 0.255152224824
17 0.473960075834
11 0.346434870244
9 0.265863169089
9 0.350140056022
9 0.343406593407
13 0.384979862592
8 0.362122035126
3 0.150693188668
9 0.35360678925
14 0.224315836698
13 0.313918670917
6 0.344074675325
12 0.352733686067
16 0.373482726424
12 0.411692054343
5 0.251155314446
12 0.362581580856
11 0.256266890318
8 0.276854928018
13 0.535508320975
78 0.507138956074
35 0.586854460094
54 0.504201680672
30 0.547765118317
34 0.931716906946
31 0.757797985724
88 0.761904761905
26 0.361593235425
93 0.59364228265
70 0.891265597148
48 0.825763831544
61 0.358612580835
81 0.839239089892
