80 19 880 800000 1
19 13 292 190000 1
13 1 93 130000 1
21 11 207 210000 1
63 21 970 630000 1
92 0 0 0 0
45 11 317 450000 1
90 9 856 900000 1
32 28 670 320000 1
1 4 73 10000 1
20 9 197 200000 1
68 25 1815 680000 1
80 5 530 800000 1
21 13 222 210000 1
88 32 1738 880000 1
2 0 0 0 0
5 0 0 0 0
41 8 540 410000 1
34 12 253 340000 1
12 13 215 120000 1
25 13 212 250000 1
74 8 371 740000 1
87 5 573 870000 1
42 9 427 420000 1
98 5 640 980000 1
15 3 117 150000 1
92 26 1403 920000 1
24 32 453 240000 1
85 21 1186 850000 1
89 27 1335 890000 1
26 4 216 260000 1
9 22 152 90000 1
15 1 65 101022 0
81 40 1333 810000 1
27 1 100 270000 1
90 9 1245 900000 1
63 35 865 630000 1
78 14 913 780000 1
7 5 137 70000 1
12 4 136 120000 1
44 1 56 176156 0
10 12 255 100000 1
45 7 527 450000 1
9 14 183 90000 1
90 13 991 900000 1
39 27 680 390000 1
46 13 926 460000 1
20 17 348 200000 1
87 4 438 870000 1
81 12 844 810000 1
47 18 392 470000 1
24 9 234 240000 1
26 2 143 260000 1
72 24 1321 720000 1
45 25 715 450000 1
20 20 260 200000 1
11 21 284 110000 1
72 1 282 720000 1
17 14 261 170000 1
78 23 808 780000 1
44 5 326 440000 1
83 15 1232 830000 1
5 3 95 50000 1
61 13 883 610000 1
47 15 668 470000 1
2 4 79 20000 1
15 18 248 150000 1
96 3 472 960000 1
91 17 720 910000 1
94 1 74 166900 0
10 13 198 100000 1
25 26 342 250000 1
83 8 307 830000 1
1 4 64 10000 1
62 26 865 620000 1
77 10 607 770000 1
17 13 206 170000 1
91 6 457 910000 1
19 23 541 190000 1
30 0 0 0 0
22 20 427 220000 1
34 11 575 340000 1
87 6 434 870000 1
24 16 265 240000 1
86 18 889 860000 1
92 18 1429 920000 1
46 1 190 460000 1
19 17 296 190000 1
39 28 620 390000 1
88 2 526 880000 1
23 9 228 230000 1
54 17 636 540000 1
55 9 750 550000 1
40 22 572 400000 1
42 28 711 420000 1
24 13 165 240000 1
