9 1.171875
18 3.34821428571
28 0.940860215054
30 3.90625
20 2.10437710438
6 1.13636363636
17 3.05316091954
26 3.42827004219
21 1.93584070796
7 2.2095959596
12 1.12612612613
28 3.69198312236
19 3.19220430108
24 1.96850393701
10 1.55472636816
23 1.10918209877
3 1.20192307692
7 1.37578616352
3 0.538793103448
22 1.26611418048
8 1.4880952381
25 3.38203463203
12 1.27551020408
4 0.621890547264
2 0.508130081301
8 1.46198830409
28 1.09238451935
8 0.936329588015
7 0.868055555556
16 0.94696969697
25 1.41530797101
3 0.892857142857
5 1.27032520325
4 0.905797101449
19 1.81574923547
2 0.694444444444
27 1.3456937799
26 3.56359649123
14 0.833333333333
5 1.27032520325
13 1.20907738095
30 3.90625
16 2.00803212851
28 1.47306397306
21 1.97072072072
30 1.35281385281
14 1.32575757576
8 1.8115942029
19 2.01955782313
14 3.03819444444
8 1.36612021858
29 1.17542153048
29 2.06906392694
3 0.744047619048
30 1.31302521008
13 1.23106060606
17 0.851362179487
11 2.72817460317
13 1.25385802469
20 1.36165577342
7 1.73611111111
16 3.08641975309
6 1.73611111111
2 0.534188034188
27 3.80067567568
11 0.567244224422
16 1.03519668737
15 2.94811320755
23 1.06956845238
18 3.125
13 2.94384057971
21 1.98863636364
11 2.12191358025
14 0.972222222222
28 2.11352657005
17 1.84461805556
16 2.92397660819
30 2.12585034014
10 1.37061403509
25 2.03450520833
2 0.496031746032
17 1.53985507246
14 2.31481481481
9 1.5368852459
30 1.07388316151
14 1.00574712644
17 0.94696969697
7 1.82291666667
30 2.08333333333
25 3.61689814815
28 1.48054145516
14 2.85947712418
17 1.82560137457
16 1.19047619048
8 2.31481481481
10 2.48015873016
22 1.79036458333
14 0.965783664459
16 3.40136054422
29 3.43276515152
10 0.955657492355
21 3.52822580645
13 1.73611111111
19 1.97916666667
17 3.05316091954
26 1.64141414141
7 0.911458333333
6 0.961538461538
21 1.07230392157
26 1.06627296588
26 1.46396396396
8 1.04166666667
29 0.774572649573
10 1.01132686084
2 0.801282051282
23 3.42261904762
3 0.651041666667
30 1.12410071942
3 1.20192307692
13 2.82118055556
7 2.70061728395
8 2.13675213675
30 1.46028037383
15 1.30208333333
15 1.5625
16 1.30208333333
22 1.34803921569
3 0.844594594595
10 0.795165394402
27 2.197265625
5 2.00320512821
28 3.5140562249
12 2.71739130435
19 1.97916666667
21 3.26492537313
30 1.81686046512
11 2.60416666667
2 0.484496124031
27 3.47222222222
16 2.25225225225
15 3.125
20 3.30687830688
13 1.82995495495
6 1.953125
27 3.515625
7 1.19535519126
17 1.82560137457
6 2.23214285714
29 1.20833333333
20 1.14468864469
24 3.47222222222
11 0.939207650273
30 0.93005952381
8 1.4880952381
30 2.5826446281
17 2.03544061303
21 0.938841201717
14 0.86291913215
10 1.92901234568
9 1.91326530612
24 2.04918032787
18 1.06534090909
28 1.40224358974
14 1.5350877193
20 1.75070028011
17 3.2196969697
4 1.38888888889
15 1.00806451613
6 1.78571428571
6 1.00806451613
8 0.636132315522
27 2.4889380531
5 1.0016025641
9 1.12951807229
30 2.09731543624
20 2.81531531532
12 1.19047619048
10 2.48015873016
28 3.64583333333
24 3.47222222222
28 0.911458333333
13 2.88120567376
7 0.828598484848
86 2.39527629234
1 0.400641025641
1 0.315656565657
1 0.416666666667
1 0.315656565657
16 2.5641025641
1 0.452898550725
1 0.325520833333
5 1.62760416667
1 0.30637254902
712 4.96762670239
14 2.60416666667
1 0.473484848485
2 0.672043010753
1 0.473484848485
1 0.385802469136
49 4.28921568627
214 1.28556324491
97 4.67785493827
1 0.416666666667
73 4.52628968254
1 0.548245614035
445 5.0604985444
1 0.289351851852
79 4.07384488449
1 0.452898550725
51 2.37165178571
5 0.713470319635
19 1.94035947712
316 1.70199931058
1 0.30637254902
108 1.25838926174
22 3.52564102564
3 1.20192307692
3 0.512295081967
81 4.51203208556
24 2.23214285714
4 1.30208333333
169 2.43487782388
375 1.2934602649
20 3.85802469136
13 1.75865800866
48 1.53846153846
1 0.416666666667
3 1.00806451613
22 1.83333333333
560 1.71669609574
192 2.51572327044
1 0.452898550725
42 0.804227941176
1 0.162760416667
10 2.21631205674
159 4.85703812317
3 1.20192307692
3 1.4880952381
1 0.281531531532
4 0.730994152047
17 3.16220238095
37 3.8930976431
25 2.08333333333
1 0.400641025641
1 0.434027777778
220 4.98188405797
1 0.289351851852
1 0.347222222222
15 1.23031496063
411 5.08461995249
15 2.89351851852
6 1.0775862069
1 0.452898550725
428 5.03766478343
10 2.48015873016
67 1.4185298103
1 0.359195402299
1 0.359195402299
42 2.19849246231
56 4.25790754258
19 0.824652777778
1 0.434027777778
1 0.416666666667
1 0.297619047619
63 0.829646017699
