18 30 612 180000 1
14 36 476 140000 1
8 1 27 8100 0
8 11 201 59500 0
11 2 60 17800 0
10 36 340 100000 1
4 5 99 29300 0
5 9 166 49000 0
12 4 117 34900 0
11 16 309 91500 0
12 16 319 94500 0
15 22 510 150000 1
13 2 90 26800 0
10 32 340 100000 1
5 12 170 50000 1
20 6 163 48500 0
11 32 374 110000 1
8 3 85 25300 0
15 0 0 0 0
19 9 419 124300 0
15 10 238 70800 0
8 1 27 8100 0
14 13 309 91900 0
6 7 119 35300 0
10 33 340 100000 1
8 0 0 0 0
16 5 238 70600 0
15 10 314 93200 0
7 15 238 70000 1
14 12 380 112400 0
21 33 714 210000 1
17 18 578 170000 1
17 7 153 45500 0
1 1 11 3300 0
12 19 378 111600 0
21 4 129 38300 0
18 4 118 35200 0
12 30 408 120000 1
21 16 469 139300 0
17 3 96 28600 0
13 24 442 130000 1
15 24 510 150000 1
10 15 339 99900 0
9 8 201 59500 0
16 14 386 114400 0
8 1 34 10200 0
7 19 238 70000 1
11 10 171 50900 0
16 10 247 73300 0
7 21 238 70000 1
18 9 231 68500 0
4 9 136 40000 1
21 9 321 95100 0
8 21 272 80000 1
14 22 476 140000 1
5 5 140 41400 0
2 13 68 20000 1
4 7 105 31100 0
1 11 34 10000 1
15 23 510 150000 1
15 26 510 150000 1
1 0 0 0 0
15 2 51 15300 0
8 35 272 80000 1
3 10 102 30000 1
6 3 93 27700 0
15 3 135 40100 0
10 10 190 56400 0
13 7 190 56400 0
9 9 192 57000 0
1 2 34 10000 1
16 1 28 8400 0
12 4 131 38900 0
14 31 476 140000 1
11 19 338 99800 0
12 7 178 53000 0
11 8 294 86800 0
18 20 612 180000 1
19 2 76 22600 0
2 4 65 19300 0
15 8 243 71900 0
10 21 340 100000 1
13 11 353 104500 0
10 42 340 100000 1
17 17 578 170000 1
4 21 136 40000 1
13 10 151 44900 0
19 0 0 0 0
20 1 45 13500 0
18 25 612 180000 1
