3 1.47058823529
3 1.5
3 1.47058823529
6 1.47916666667
7 1.47058823529
8 1.47674418605
8 1.47058823529
8 1.5
6 1.47422680412
2 1.47058823529
6 1.47530864198
2 1.47058823529
1 1.5
4 1.47916666667
2 1.48275862069
2 1.47058823529
5 1.47777777778
4 1.47058823529
3 1.47058823529
2 1.5
3 1.47058823529
5 1.4746835443
3 1.475
3 1.47058823529
8 1.47058823529
2 1.47058823529
2 1.47058823529
4 1.47058823529
1 1.47058823529
6 1.47058823529
2 1.5
1 1.47058823529
5 1.47058823529
3 1.48387096774
5 1.47058823529
7 1.47058823529
6 1.47794117647
2 1.47058823529
5 1.47058823529
4 1.5
4 1.47058823529
2 1.47058823529
1 1.47058823529
1 1.5
7 1.47058823529
5 1.47058823529
8 1.47058823529
6 1.48051948052
3 1.5
3 1.5
6 1.47058823529
2 1.47058823529
1 1.47058823529
3 1.47058823529
5 1.47058823529
8 1.47706422018
7 1.47572815534
1 1.47058823529
2 1.47058823529
6 1.47058823529
4 1.47619047619
7 1.5
3 1.47058823529
5 1.47058823529
6 1.5
6 1.47058823529
3 1.47058823529
1 1.5
3 1.47058823529
7 1.48125
5 1.5
7 1.48125
6 1.5
2 1.5
1 1.5
1 1.5
8 1.47058823529
2 1.47368421053
2 1.47058823529
7 1.5
6 1.47058823529
6 1.47058823529
2 1.47058823529
7 1.47297297297
2 1.5
6 1.49019607843
7 1.5
2 1.47058823529
3 1.5
3 1.5
5 1.5
8 1.47916666667
5 1.47887323944
5 1.47058823529
5 1.47435897436
8 1.47058823529
6 1.47282608696
4 1.47321428571
1 1.47058823529
3 1.47058823529
8 1.484375
1 1.5
4 1.5
5 1.47058823529
5 1.48333333333
6 1.48387096774
1 1.5
5 1.47058823529
3 1.47727272727
2 1.5
7 1.47058823529
2 1.5
3 1.47058823529
3 1.47727272727
8 1.5
10 1.5
33 1.47058823529
32 1.47058823529
22 1.47058823529
22 1.47058823529
27 1.48039215686
29 1.47058823529
39 1.48648648649
33 1.47058823529
