20 9 355 127080 0
8 3 89 31880 0
12 14 336 120000 1
7 4 108 38640 0
20 4 221 79240 0
16 13 448 160000 1
3 7 84 30000 1
17 22 476 170000 1
13 0 0 0 0
12 14 336 120000 1
12 0 0 0 0
9 4 207 74040 0
21 6 348 124560 0
1 4 28 10000 1
15 1 46 16480 0
21 17 588 210000 1
9 12 252 90000 1
9 5 184 65840 0
2 1 16 5760 0
7 7 152 54400 0
11 11 308 110000 1
11 3 153 54760 0
8 5 224 80000 1
3 7 84 30000 1
5 11 140 50000 1
3 5 84 30000 1
11 2 99 35480 0
3 3 84 30000 1
14 5 323 115480 0
2 6 56 20000 1
21 8 576 205840 0
19 28 532 190000 1
17 14 476 170000 1
2 6 56 20000 1
17 5 238 85200 0
2 8 56 20000 1
1 4 28 10000 1
6 2 84 30080 0
15 16 420 150000 1
16 24 448 160000 1
1 2 28 10000 1
13 4 197 70600 0
3 6 84 30000 1
14 3 112 40160 0
15 11 420 150000 1
15 14 420 150000 1
19 9 532 190000 1
1 3 28 10000 1
11 6 238 85120 0
13 1 32 11520 0
3 1 35 12520 0
20 14 560 200000 1
15 12 420 150000 1
13 0 0 0 0
4 4 112 40000 1
14 7 221 79240 0
9 0 0 0 0
7 1 39 13960 0
18 17 504 180000 1
13 6 337 120440 0
7 2 113 40440 0
7 2 56 20080 0
11 7 308 110000 1
17 6 318 113840 0
21 1 89 31960 0
6 11 168 60000 1
15 6 411 146840 0
10 19 280 100000 1
14 22 392 140000 1
11 6 304 108640 0
9 19 252 90000 1
9 0 0 0 0
19 2 119 42680 0
15 13 420 150000 1
14 10 319 114280 0
6 18 168 60000 1
13 1 60 21520 0
6 0 0 0 0
18 14 504 180000 1
14 4 291 104200 0
3 3 75 26840 0
19 15 532 190000 1
16 1 55 19720 0
3 1 31 11160 0
11 8 256 91600 0
1 4 28 10000 1
8 20 224 80000 1
20 3 155 55480 0
18 17 504 180000 1
10 7 274 97920 0
9 4 121 43320 0
13 0 0 0 0
4 6 112 40000 1
18 13 433 155080 0
6 0 0 0 0
19 19 532 190000 1
13 1 42 15120 0
