5 1.27551020408
4 1.29652014652
2 1.30465838509
1 1.27551020408
7 1.30828571429
3 1.27551020408
5 1.29785714286
6 1.27551020408
6 1.29040816327
4 1.27551020408
7 1.32326007326
5 1.29206349206
7 1.30654761905
7 1.27551020408
5 1.27551020408
1 1.27551020408
1 1.27551020408
7 1.28482142857
4 1.27551020408
6 1.316359447
7 1.27551020408
3 1.27551020408
5 1.27551020408
1 1.27551020408
6 1.29871194379
6 1.27551020408
2 1.29785714286
3 1.3025974026
1 1.27551020408
2 1.30654761905
7 1.27551020408
8 1.29206349206
6 1.30034013605
8 1.27551020408
1 1.27551020408
7 1.27551020408
2 1.27551020408
2 1.27551020408
3 1.27551020408
1 1.27551020408
5 1.27551020408
5 1.28271889401
3 1.31403940887
6 1.27551020408
1 1.27551020408
8 1.2867965368
7 1.27551020408
6 1.28139097744
3 1.27551020408
1 1.27551020408
7 1.27551020408
6 1.28228200371
4 1.27551020408
5 1.27551020408
7 1.27551020408
5 1.27551020408
1 1.27551020408
5 1.28582417582
7 1.27551020408
6 1.27551020408
3 1.29652014652
2 1.27551020408
6 1.27551020408
2 1.27551020408
6 1.27551020408
2 1.27551020408
6 1.27551020408
1 1.27551020408
7 1.28865546218
3 1.29511278195
4 1.27551020408
3 1.28047619048
5 1.31741071429
1 1.27551020408
5 1.27551020408
2 1.3025974026
8 1.29785714286
1 1.27551020408
6 1.30654761905
8 1.27551020408
6 1.27551020408
1 1.27551020408
3 1.27551020408
7 1.27551020408
4 1.316359447
4 1.27551020408
2 1.27551020408
36 1.28954451346
33 1.30786435786
31 1.32326007326
31 1.29206349206
15 1.3025974026
29 1.30721611722
14 1.27551020408
20 1.27551020408
20 1.27551020408
