2 3 30 20000 1
10 1 29 19520 0
13 2 56 37480 0
12 10 180 120000 1
3 1 24 16120 0
6 1 45 30200 0
3 2 45 30000 1
11 4 111 74280 0
7 5 105 70000 1
7 15 105 70000 1
8 16 120 80000 1
11 12 165 110000 1
12 18 180 120000 1
1 2 15 10000 1
9 1 28 18840 0
3 1 22 14760 0
6 3 70 46800 0
7 7 105 70000 1
9 4 104 69720 0
7 3 102 68160 0
2 1 22 14760 0
5 1 43 28840 0
10 6 150 100000 1
4 2 53 35440 0
5 1 34 22920 0
3 1 21 14080 0
9 1 41 27480 0
3 1 37 24760 0
5 1 33 22040 0
6 7 90 60000 1
8 2 40 26800 0
13 9 195 130000 1
6 2 80 53400 0
7 2 59 39520 0
7 1 32 21560 0
1 2 15 10000 1
6 2 65 43600 0
13 1 17 11360 0
2 3 30 20000 1
10 3 76 51080 0
13 9 195 130000 1
13 11 195 130000 1
6 13 90 60000 1
10 6 150 100000 1
10 5 150 100000 1
12 4 162 108160 0
13 1 21 14080 0
9 1 34 22920 0
10 2 53 35640 0
3 1 29 19520 0
3 1 23 15440 0
9 14 135 90000 1
11 1 63 42240 0
10 18 150 100000 1
8 12 120 80000 1
12 1 45 30200 0
6 3 90 60000 1
7 3 87 58160 0
7 1 35 23400 0
7 3 69 46120 0
5 13 75 50000 1
4 1 19 12720 0
1 1 15 10000 1
1 2 15 10000 1
12 13 180 120000 1
13 1 66 44480 0
5 3 75 50000 1
1 1 15 10000 1
12 1 27 18160 0
5 3 75 50000 1
10 6 150 100000 1
12 16 180 120000 1
10 10 150 100000 1
2 1 28 18840 0
13 8 195 130000 1
8 1 35 23600 0
6 8 90 60000 1
12 8 180 120000 1
8 3 67 44960 0
11 2 53 35640 0
5 5 75 50000 1
6 2 45 30200 0
4 1 33 22240 0
3 7 45 30000 1
3 4 45 30000 1
11 1 60 40400 0
4 3 60 40000 1
8 1 18 12240 0
13 5 195 130000 1
9 16 135 90000 1
3 3 45 30000 1
11 2 94 62920 0
3 1 36 24080 0
1 3 15 10000 1
14 14 210 140000 1
3 5 45 30000 1
1 1 15 10000 1
6 1 41 27480 0
1 1 15 10000 1
12 1 51 34280 0
11 8 165 110000 1
5 1 19 12720 0
11 17 165 110000 1
7 13 105 70000 1
1 1 15 10000 1
13 1 18 12040 0
10 5 150 100000 1
4 4 60 40000 1
1 2 15 10000 1
2 5 30 20000 1
7 1 30 20200 0
3 4 45 30000 1
7 7 105 70000 1
10 1 30 20200 0
2 1 23 15440 0
9 17 135 90000 1
3 3 45 30000 1
13 6 170 113600 0
2 4 30 20000 1
4 3 60 40000 1
6 12 90 60000 1
6 2 46 30880 0
11 1 42 28360 0
6 1 25 16800 0
11 1 34 22920 0
2 3 30 20000 1
6 6 90 60000 1
11 15 165 110000 1
8 1 37 24960 0
11 7 165 110000 1
6 2 42 28160 0
5 9 75 50000 1
4 3 60 40000 1
8 14 120 80000 1
7 1 30 20200 0
3 1 28 18840 0
13 16 195 130000 1
10 18 150 100000 1
6 13 90 60000 1
3 4 45 30000 1
4 2 60 40000 1
1 1 15 10000 1
11 6 165 110000 1
1 1 15 10000 1
8 16 120 80000 1
4 1 40 26800 0
8 9 120 80000 1
4 1 24 16120 0
11 13 165 110000 1
13 1 44 29520 0
13 1 47 31560 0
12 9 180 120000 1
1 1 15 10000 1
10 12 150 100000 1
12 8 180 120000 1
10 1 41 27680 0
12 1 27 18160 0
1 2 15 10000 1
6 5 90 60000 1
12 8 180 120000 1
3 3 45 30000 1
11 13 165 110000 1
4 3 52 34760 0
7 2 72 48360 0
2 6 30 20000 1
1 3 15 10000 1
9 3 135 90000 1
10 4 145 96800 0
6 6 90 60000 1
12 4 174 116120 0
3 1 31 20880 0
3 2 34 22720 0
12 8 180 120000 1
5 5 75 50000 1
13 3 86 57680 0
1 1 15 10000 1
6 2 66 44280 0
10 7 150 100000 1
2 1 24 16120 0
10 7 150 100000 1
4 5 60 40000 1
11 10 165 110000 1
1 1 15 10000 1
25 17 375 250000 1
12 9 180 120000 1
2 2 30 20000 1
1 1 15 10000 1
73 4 113 76040 0
9 2 72 48160 0
10 1 24 16120 0
6 3 90 60000 1
17 1 25 16800 0
20 1 50 33600 0
4 4 60 40000 1
24 11 360 240000 1
8 1 25 16800 0
1 1 15 10000 1
1 1 15 10000 1
70 6 250 168200 0
298 1 58 39040 0
7 7 105 70000 1
1 1 15 10000 1
1 1 15 10000 1
4 9 60 40000 1
1 1 15 10000 1
4 1 19 12720 0
15 14 225 150000 1
5 1 33 22240 0
2 1 25 16800 0
1 1 15 10000 1
12 16 180 120000 1
54 8 241 161880 0
328 6 234 157120 0
3 3 45 30000 1
87 5 244 163920 0
1 2 15 10000 1
10 17 150 100000 1
3 1 26 17480 0
2 1 16 10680 0
1 1 15 10000 1
22 1 70 47200 0
1 1 15 10000 1
1 3 15 10000 1
7 4 105 70000 1
53 10 795 530000 1
11 10 165 110000 1
1 3 15 10000 1
6 1 40 26800 0
19 13 285 190000 1
1 1 15 10000 1
2 1 30 20000 1
112 12 1017 679160 0
4 10 60 40000 1
230 1 20 13400 0
76 19 1140 760000 1
5 2 61 40880 0
1 1 15 10000 1
2 4 30 20000 1
1 1 15 10000 1
1 3 15 10000 1
1 2 15 10000 1
1 1 15 10000 1
123 12 1306 871480 0
1 2 15 10000 1
5 1 30 20200 0
31 18 465 310000 1
9 1 53 35640 0
43 1 34 22920 0
6 3 90 60000 1
21 6 191 128080 0
5 11 75 50000 1
20 1 21 14080 0
1 1 15 10000 1
26 3 99 66320 0
1 1 15 10000 1
1 1 15 10000 1
2 1 30 20000 1
16 17 240 160000 1
1 4 15 10000 1
224 2 92 61760 0
16 11 240 160000 1
1 1 15 10000 1
1 2 15 10000 1
1 2 15 10000 1
83 9 305 203800 0
