2 0.980392156863
12 0.980392156863
3 0.980392156863
7 0.980392156863
7 0.980392156863
8 0.980392156863
11 0.980392156863
12 0.980392156863
1 0.980392156863
7 0.980392156863
10 0.980392156863
6 0.980392156863
13 0.980392156863
1 0.980392156863
2 0.980392156863
13 0.980392156863
13 0.980392156863
6 0.980392156863
10 0.980392156863
10 0.980392156863
9 0.980392156863
10 0.980392156863
8 0.980392156863
6 0.980392156863
5 0.980392156863
1 0.980392156863
1 0.980392156863
12 0.980392156863
5 0.980392156863
1 0.980392156863
5 0.980392156863
10 0.980392156863
12 0.980392156863
10 0.980392156863
13 0.980392156863
6 0.980392156863
12 0.980392156863
5 0.980392156863
3 0.980392156863
3 0.980392156863
4 0.980392156863
13 0.980392156863
9 0.980392156863
3 0.980392156863
1 0.980392156863
14 0.980392156863
3 0.980392156863
1 0.980392156863
1 0.980392156863
11 0.980392156863
11 0.980392156863
7 0.980392156863
1 0.980392156863
10 0.980392156863
4 0.980392156863
1 0.980392156863
2 0.980392156863
3 0.980392156863
7 0.980392156863
9 0.980392156863
3 0.980392156863
2 0.980392156863
4 0.980392156863
6 0.980392156863
2 0.980392156863
6 0.980392156863
11 0.980392156863
11 0.980392156863
5 0.980392156863
4 0.980392156863
8 0.980392156863
13 0.980392156863
10 0.980392156863
6 0.980392156863
3 0.980392156863
4 0.980392156863
1 0.980392156863
11 0.980392156863
1 0.980392156863
8 0.980392156863
8 0.980392156863
11 0.980392156863
12 0.980392156863
1 0.980392156863
10 0.980392156863
12 0.980392156863
1 0.980392156863
6 0.980392156863
12 0.980392156863
3 0.980392156863
11 0.980392156863
2 0.980392156863
1 0.980392156863
9 0.980392156863
6 0.980392156863
12 0.980392156863
5 0.980392156863
1 0.980392156863
10 0.980392156863
10 0.980392156863
4 0.980392156863
11 0.980392156863
1 0.980392156863
25 0.980392156863
12 0.980392156863
2 0.980392156863
1 0.980392156863
6 0.980392156863
4 0.980392156863
24 0.980392156863
1 0.980392156863
1 0.980392156863
7 0.980392156863
1 0.980392156863
1 0.980392156863
4 0.980392156863
1 0.980392156863
15 0.980392156863
1 0.980392156863
12 0.980392156863
3 0.980392156863
1 0.980392156863
10 0.980392156863
1 0.980392156863
1 0.980392156863
1 0.980392156863
7 0.980392156863
53 0.980392156863
11 0.980392156863
1 0.980392156863
19 0.980392156863
1 0.980392156863
2 0.980392156863
4 0.980392156863
76 0.980392156863
1 0.980392156863
2 0.980392156863
1 0.980392156863
1 0.980392156863
1 0.980392156863
1 0.980392156863
1 0.980392156863
31 0.980392156863
6 0.980392156863
5 0.980392156863
1 0.980392156863
1 0.980392156863
1 0.980392156863
2 0.980392156863
16 0.980392156863
1 0.980392156863
16 0.980392156863
1 0.980392156863
1 0.980392156863
1 0.980392156863
