5 5 10 50000 1
2 1 3 18000 0
3 2 6 30000 1
5 1 3 24000 0
2 1 4 20000 1
2 1 3 18000 0
2 1 4 20000 1
8 5 16 80000 1
6 1 4 32000 0
2 1 4 20000 1
1 1 2 10000 1
4 1 4 32000 0
5 6 10 50000 1
2 1 3 18000 0
7 9 14 70000 1
4 1 5 34000 0
8 5 16 80000 1
5 1 4 32000 0
2 1 4 20000 1
2 1 4 20000 1
6 6 12 60000 1
7 7 14 70000 1
1 1 2 10000 1
5 2 8 46000 0
8 4 16 80000 1
8 9 16 80000 1
7 1 3 24000 0
3 1 5 28000 0
5 3 10 50000 1
2 1 4 20000 1
2 1 3 18000 0
1 1 2 10000 1
2 2 4 20000 1
5 3 10 50000 1
6 2 12 60000 1
5 2 7 44000 0
7 4 14 70000 1
4 5 8 40000 1
5 2 8 46000 0
1 1 2 10000 1
5 1 4 32000 0
1 1 2 10000 1
5 1 3 24000 0
6 4 12 60000 1
6 2 7 50000 0
4 3 8 40000 1
6 6 12 60000 1
7 1 3 24000 0
1 1 2 10000 1
6 2 8 52000 0
8 1 2 16000 0
1 1 2 10000 1
1 1 2 10000 1
5 2 7 44000 0
2 1 3 18000 0
7 2 8 58000 0
3 1 4 26000 0
5 1 4 32000 0
1 1 2 10000 1
6 5 12 60000 1
7 2 5 34000 0
5 3 10 50000 1
4 2 8 40000 1
8 3 16 80000 1
7 4 14 70000 1
7 2 8 58000 0
5 4 10 50000 1
4 3 8 40000 1
6 3 10 56000 0
4 4 8 40000 1
7 1 4 32000 0
2 1 4 20000 1
2 1 4 20000 1
1 1 2 10000 1
2 1 4 20000 1
1 1 2 10000 1
6 4 12 60000 1
8 1 4 32000 0
2 1 3 18000 0
4 4 8 40000 1
3 2 6 30000 1
1 1 2 10000 1
3 1 4 26000 0
2 1 3 18000 0
6 6 12 60000 1
3 1 4 26000 0
5 7 10 50000 1
4 1 7 38000 0
6 1 3 24000 0
3 1 3 24000 0
5 1 3 24000 0
2 2 4 20000 1
3 1 5 28000 0
6 6 12 60000 1
7 6 14 70000 1
2 2 4 20000 1
2 1 4 20000 1
6 1 3 24000 0
1 1 2 10000 1
7 1 3 24000 0
1 1 2 10000 1
1 1 2 10000 1
8 3 16 80000 1
6 8 12 60000 1
4 5 8 40000 1
8 1 4 32000 0
8 2 7 44000 0
5 5 10 50000 1
2 2 4 20000 1
7 1 4 32000 0
8 6 16 80000 1
4 4 8 40000 1
2 1 4 20000 1
2 1 4 20000 1
2 1 3 18000 0
8 1 8 64000 0
1 1 2 10000 1
3 2 6 30000 1
1 1 2 10000 1
2 1 4 20000 1
3 2 6 30000 1
3 1 6 30000 1
6 3 12 60000 1
2 1 4 20000 1
5 1 3 24000 0
5 4 10 50000 1
8 3 9 66000 0
6 1 6 42000 0
25 16 50 250000 1
8 2 6 42000 0
19 11 38 190000 1
2 1 4 20000 1
18 9 36 180000 1
15 6 24 138000 0
25 1 4 32000 0
32 2 8 58000 0
19 8 38 190000 1
37 1 3 24000 0
28 7 27 192000 0
15 4 16 116000 0
20 3 15 114000 0
