1 1 1 10000 1
3 1 3 30000 1
3 1 3 30000 1
7 1 7 70000 1
1 1 1 10000 1
1 1 1 10000 1
7 1 7 70000 1
5 2 5 50000 1
5 1 5 50000 1
8 3 8 80000 1
3 1 3 30000 1
1 1 1 10000 1
2 1 2 20000 1
3 1 3 30000 1
7 4 7 70000 1
6 3 6 60000 1
7 1 7 70000 1
3 1 3 30000 1
7 3 7 70000 1
6 4 6 60000 1
3 1 3 30000 1
4 1 4 40000 1
6 3 6 60000 1
1 1 1 10000 1
8 1 8 80000 1
7 4 7 70000 1
3 1 3 30000 1
2 1 2 20000 1
3 1 3 30000 1
6 1 6 60000 1
6 1 6 60000 1
1 1 1 10000 1
4 2 4 40000 1
7 2 7 70000 1
4 1 4 40000 1
6 2 6 60000 1
3 1 3 30000 1
2 1 2 20000 1
4 1 4 40000 1
6 3 6 60000 1
5 1 5 50000 1
3 1 3 30000 1
8 1 8 80000 1
6 1 6 60000 1
8 1 8 80000 1
2 1 2 20000 1
8 1 8 80000 1
6 1 6 60000 1
8 1 8 80000 1
4 1 4 40000 1
2 1 2 20000 1
3 1 3 30000 1
5 1 5 50000 1
3 1 3 30000 1
5 1 5 50000 1
7 1 7 70000 1
6 1 6 60000 1
8 3 8 80000 1
1 1 1 10000 1
6 1 6 60000 1
7 2 7 70000 1
8 1 8 80000 1
1 1 1 10000 1
4 1 4 40000 1
8 4 8 80000 1
8 1 8 80000 1
3 1 3 30000 1
2 1 2 20000 1
1 1 1 10000 1
3 1 3 30000 1
1 1 1 10000 1
8 2 8 80000 1
4 1 4 40000 1
5 1 5 50000 1
7 1 7 70000 1
8 1 8 80000 1
7 1 7 70000 1
7 1 7 70000 1
6 2 6 60000 1
6 1 6 60000 1
1 1 1 10000 1
3 1 3 30000 1
3 1 3 30000 1
5 1 5 50000 1
1 1 1 10000 1
7 1 7 70000 1
6 1 6 60000 1
7 3 7 70000 1
4 1 4 40000 1
3 1 3 30000 1
3 1 3 30000 1
1 1 1 10000 1
1 1 1 10000 1
8 4 8 80000 1
5 1 5 50000 1
6 1 6 60000 1
3 1 3 30000 1
6 3 6 60000 1
4 1 4 40000 1
3 1 3 30000 1
6 2 6 60000 1
3 1 3 30000 1
4 1 4 40000 1
2 1 2 20000 1
7 4 7 70000 1
4 1 4 40000 1
8 1 8 80000 1
6 3 6 60000 1
4 1 4 40000 1
6 1 6 60000 1
2 1 2 20000 1
4 1 4 40000 1
6 1 6 60000 1
8 4 8 80000 1
1 1 1 10000 1
2 1 2 20000 1
6 1 6 60000 1
5 2 5 50000 1
1 1 1 10000 1
2 1 2 20000 1
3 1 3 30000 1
2 1 2 20000 1
25 2 25 250000 1
25 3 25 250000 1
19 1 8 80000 0
34 6 34 340000 1
