3 0.793650793651
6 0.793650793651
5 0.793650793651
9 0.793650793651
5 0.793650793651
10 0.793650793651
4 0.793650793651
13 0.793650793651
2 0.793650793651
7 0.793650793651
8 0.793650793651
8 0.793650793651
1 0.793650793651
3 0.793650793651
7 0.793650793651
8 0.793650793651
8 0.793650793651
7 0.793650793651
2 0.793650793651
5 0.793650793651
6 0.793650793651
11 0.793650793651
2 0.793650793651
2 0.793650793651
13 0.793650793651
4 0.793650793651
10 0.793650793651
13 0.793650793651
13 0.793650793651
9 0.793650793651
2 0.793650793651
6 0.793650793651
2 0.793650793651
11 0.793650793651
10 0.793650793651
7 0.793650793651
1 0.793650793651
1 0.793650793651
4 0.793650793651
12 0.793650793651
4 0.793650793651
7 0.793650793651
9 0.793650793651
13 0.793650793651
12 0.793650793651
3 0.793650793651
9 0.793650793651
13 0.793650793651
12 0.793650793651
7 0.793650793651
8 0.793650793651
7 0.793650793651
11 0.793650793651
12 0.793650793651
1 0.793650793651
12 0.793650793651
6 0.793650793651
11 0.793650793651
1 0.793650793651
8 0.793650793651
10 0.793650793651
4 0.793650793651
9 0.793650793651
3 0.793650793651
11 0.793650793651
12 0.793650793651
13 0.793650793651
9 0.793650793651
10 0.793650793651
6 0.793650793651
4 0.793650793651
13 0.793650793651
2 0.793650793651
8 0.793650793651
4 0.793650793651
3 0.793650793651
11 0.793650793651
10 0.793650793651
1 0.793650793651
4 0.793650793651
7 0.793650793651
2 0.793650793651
8 0.793650793651
2 0.793650793651
10 0.793650793651
13 0.793650793651
1 0.793650793651
11 0.793650793651
7 0.793650793651
10 0.793650793651
13 0.793650793651
5 0.793650793651
5 0.793650793651
7 0.793650793651
7 0.793650793651
5 0.793650793651
2 0.793650793651
4 0.793650793651
4 0.793650793651
5 0.793650793651
5 0.793650793651
9 0.793650793651
13 0.793650793651
4 0.793650793651
13 0.793650793651
2 0.793650793651
12 0.793650793651
10 0.793650793651
8 0.793650793651
9 0.793650793651
1 0.793650793651
1 0.793650793651
2 0.793650793651
1 0.793650793651
7 0.793650793651
1 0.793650793651
1 0.793650793651
1 0.793650793651
1 0.793650793651
1 0.793650793651
2 0.793650793651
1 0.793650793651
1 0.793650793651
5 0.793650793651
1 0.793650793651
1 0.793650793651
2 0.793650793651
1 0.793650793651
2 0.793650793651
4 0.793650793651
1 0.793650793651
1 0.793650793651
1 0.793650793651
1 0.793650793651
1 0.793650793651
1 0.793650793651
2 0.793650793651
1 0.793650793651
1 0.793650793651
5 0.793650793651
204 0.793650793651
1 0.793650793651
8 0.793650793651
1 0.793650793651
1 0.793650793651
1 0.793650793651
7 0.793650793651
2 0.793650793651
1 0.793650793651
1 0.793650793651
1 0.793650793651
28 0.793650793651
40 0.793650793651
53 0.793650793651
1 0.793650793651
1 0.793650793651
1 0.793650793651
1 0.793650793651
1 0.793650793651
1 0.793650793651
2 0.793650793651
1 0.793650793651
3 0.793650793651
