1 1 2 10000 1
14 3 11 82000 0
15 0 0 0 0
15 10 30 150000 1
13 0 0 0 0
18 3 12 90000 0
15 0 0 0 0
12 10 24 120000 1
20 4 36 192000 0
11 0 0 0 0
19 2 14 106000 0
12 6 24 120000 1
10 8 20 100000 1
12 2 8 58000 0
18 12 36 180000 1
10 1 3 24000 0
9 2 15 84000 0
18 7 35 178000 0
11 0 0 0 0
20 4 14 100000 0
21 5 15 108000 0
15 2 14 106000 0
12 0 0 0 0
21 1 3 24000 0
11 2 14 94000 0
16 0 0 0 0
9 6 18 90000 1
18 11 36 180000 1
12 11 24 120000 1
10 8 20 100000 1
3 0 0 0 0
12 5 24 120000 1
6 7 12 60000 1
9 0 0 0 0
10 2 6 42000 0
6 1 5 40000 0
2 0 0 0 0
4 4 8 40000 1
14 10 28 140000 1
10 5 18 96000 0
9 0 0 0 0
21 1 4 32000 0
11 2 12 90000 0
8 7 16 80000 1
11 2 12 90000 0
2 1 3 18000 0
7 4 14 70000 1
21 3 21 162000 0
12 11 24 120000 1
8 6 16 80000 1
19 2 6 42000 0
7 2 6 42000 0
1 0 0 0 0
8 1 5 40000 0
15 2 7 50000 0
2 0 0 0 0
4 0 0 0 0
19 3 24 162000 0
5 0 0 0 0
17 2 8 58000 0
16 0 0 0 0
6 1 5 40000 0
8 0 0 0 0
21 10 42 210000 1
6 1 5 40000 0
6 6 12 60000 1
13 1 5 40000 0
1 1 2 10000 1
11 4 20 106000 0
8 6 16 80000 1
19 0 0 0 0
20 4 24 168000 0
8 6 16 80000 1
18 8 36 180000 1
4 0 0 0 0
10 4 20 100000 1
15 8 30 150000 1
13 0 0 0 0
19 10 38 190000 1
4 4 8 40000 1
4 4 8 40000 1
9 1 3 24000 0
3 0 0 0 0
6 0 0 0 0
15 0 0 0 0
13 4 20 118000 0
12 0 0 0 0
19 14 38 190000 1
11 0 0 0 0
8 4 16 80000 1
17 10 34 170000 1
5 5 10 50000 1
6 7 12 60000 1
10 0 0 0 0
20 5 19 140000 0
2 2 4 20000 1
2 1 4 20000 1
3 2 6 30000 1
