8 1.0
1 0.980392156863
1 0.980392156863
6 1.0
5 0.980392156863
8 1.0
12 0.982174688057
8 1.0
10 1.0
2 0.980392156863
8 0.980392156863
6 0.986928104575
6 0.980392156863
3 0.980392156863
9 0.980392156863
4 0.986928104575
13 1.0
9 1.0
4 0.986928104575
9 0.980392156863
9 1.0
7 1.0
11 0.984749455338
5 0.980392156863
13 1.0
11 0.980392156863
5 0.988795518207
13 0.980392156863
13 0.982026143791
12 0.980392156863
12 0.996732026144
2 0.980392156863
12 0.980392156863
8 1.0
2 0.980392156863
2 0.980392156863
2 0.980392156863
4 0.980392156863
7 0.980392156863
2 0.980392156863
2 0.980392156863
9 0.980392156863
7 1.0
10 1.0
1 0.980392156863
5 0.980392156863
4 0.983193277311
2 0.980392156863
9 0.980392156863
8 0.980392156863
12 0.980392156863
11 0.982352941176
6 0.980392156863
13 0.980392156863
1 0.980392156863
8 0.980392156863
5 0.985294117647
6 1.0
11 0.980392156863
2 0.980392156863
10 0.980392156863
12 1.0
10 0.9825708061
13 0.980392156863
2 0.980392156863
2 0.980392156863
7 0.980392156863
6 0.980392156863
11 0.984749455338
7 1.0
9 0.980392156863
8 0.980392156863
8 0.989304812834
6 1.0
2 0.980392156863
3 0.980392156863
6 1.0
11 0.980392156863
6 1.0
10 0.980392156863
7 0.980392156863
10 0.980392156863
6 1.0
8 1.0
6 0.980392156863
7 0.980392156863
6 0.982174688057
1 0.980392156863
12 1.0
1 0.980392156863
1 0.980392156863
4 0.980392156863
11 1.0
1 0.980392156863
12 1.0
12 0.980392156863
10 0.980392156863
5 1.0
7 0.980392156863
11 1.0
1 0.980392156863
8 0.980392156863
12 0.980392156863
6 1.0
4 0.980392156863
11 0.980392156863
8 0.984917043741
3 0.980392156863
13 1.0
9 0.980392156863
1 0.980392156863
11 1.0
11 1.0
7 0.980392156863
11 0.980392156863
7 1.0
12 1.0
7 0.980392156863
6 0.980392156863
6 0.994397759104
3 0.980392156863
5 0.980392156863
5 0.988795518207
4 0.980392156863
13 0.980392156863
6 1.0
3 0.980392156863
6 0.980392156863
8 1.0
2 0.980392156863
2 0.980392156863
1 0.980392156863
1 0.980392156863
4 0.980392156863
5 0.980392156863
5 0.988795518207
9 0.980392156863
1 0.980392156863
8 1.0
5 0.980392156863
11 0.980392156863
3 0.980392156863
7 1.0
7 0.985739750446
12 0.980392156863
5 0.988795518207
3 0.980392156863
8 0.980392156863
6 1.0
1 0.980392156863
12 0.980392156863
1 0.980392156863
13 0.980392156863
9 1.0
5 0.993464052288
12 0.980392156863
3 0.980392156863
2 0.980392156863
13 0.980392156863
12 0.980392156863
6 1.0
8 1.0
2 0.980392156863
4 0.980392156863
12 1.0
5 0.980392156863
2 0.980392156863
10 0.980392156863
5 1.0
6 1.0
6 0.980392156863
13 1.0
7 0.980392156863
10 1.0
3 0.980392156863
10 0.9825708061
4 0.992156862745
11 1.0
4 0.992156862745
1 0.980392156863
8 0.980392156863
7 0.980392156863
1 0.980392156863
259 0.998692810458
1 0.980392156863
3 0.980392156863
1 0.980392156863
2 0.980392156863
12 0.980392156863
1 0.980392156863
69 0.997198879552
4 0.980392156863
168 0.991978609626
171 0.997198879552
26 0.980392156863
1 0.980392156863
44 0.996732026144
2 0.980392156863
199 1.0
3 0.98431372549
115 0.997821350763
6 0.980392156863
1 0.980392156863
1 0.980392156863
1 0.980392156863
69 1.0
1 0.980392156863
31 1.0
27 0.980392156863
93 1.0
3 0.98431372549
2 0.980392156863
4 0.986928104575
112 0.996732026144
2 0.980392156863
1 0.980392156863
119 0.995642701525
5 0.985294117647
1 0.980392156863
157 1.0
1 0.980392156863
361 0.997385620915
10 1.0
291 0.997442455243
3 0.980392156863
2 0.980392156863
25 0.996078431373
17 0.994117647059
1 0.980392156863
1 0.980392156863
1 0.980392156863
1 0.980392156863
3 0.980392156863
45 0.998366013072
17 0.996078431373
5 0.988795518207
1 0.980392156863
2 0.980392156863
5 0.993464052288
21 1.0
1 0.980392156863
4 0.986928104575
122 0.998366013072
2 0.980392156863
2 0.980392156863
8 0.992156862745
1 0.980392156863
162 0.980392156863
321 0.997821350763
1 0.980392156863
1 0.980392156863
10 1.0
1 0.980392156863
335 0.987118935165
1 0.980392156863
1 0.980392156863
16 1.0
1 0.980392156863
1 0.980392156863
2 0.980392156863
1 0.980392156863
1 0.980392156863
3 0.980392156863
5 0.9825708061
10 0.980392156863
