2 2 2 11250 0
10 27 20 100000 1
20 14 31 182760 0
12 1 2 13423 0
11 2 8 46110 0
6 19 12 60000 1
9 16 18 90000 1
10 11 17 90843 0
4 2 2 11250 0
5 20 10 50000 1
3 15 6 30000 1
1 5 2 10000 1
8 5 11 57625 0
10 11 17 89267 0
20 0 0 0 0
4 10 8 40000 1
3 1 2 12125 0
8 3 4 27699 0
9 10 14 72750 0
18 7 14 88881 0
21 1 3 22203 0
5 13 10 50000 1
11 1 2 13142 0
20 1 3 22055 0
12 4 8 44859 0
6 7 8 41250 0
1 1 2 10000 1
19 25 37 190000 1
22 1 4 29827 0
2 3 4 20000 1
6 5 7 37000 0
3 1 2 13142 0
7 7 13 67234 0
2 2 3 15750 0
13 16 26 130000 1
6 16 12 60000 1
7 30 14 70000 1
7 20 14 70000 1
19 11 26 155941 0
7 12 14 70000 1
2 0 0 0 0
16 0 0 0 0
13 11 25 130000 1
6 2 3 18145 0
5 5 9 46375 0
8 28 16 80000 1
6 2 2 12267 0
1 1 1 5125 0
4 0 0 0 0
12 10 24 120000 1
4 14 8 40000 1
12 26 24 120000 1
8 7 9 50175 0
1 2 2 10000 1
18 19 33 171911 0
8 14 16 80000 1
4 22 8 40000 1
15 6 11 67128 0
8 7 12 66992 0
4 10 8 40000 1
2 1 1 5750 0
5 0 0 0 0
11 6 11 65477 0
19 13 36 190000 1
8 11 15 76375 0
11 17 21 110000 1
4 4 4 23126 0
13 15 24 124675 0
21 20 42 210000 1
20 19 38 197894 0
15 1 3 21038 0
9 6 13 70436 0
4 0 0 0 0
8 7 8 42750 0
13 30 24 130000 1
6 14 12 60000 1
14 5 12 77597 0
14 14 24 125865 0
9 14 17 90000 1
17 8 19 114433 0
7 5 7 40659 0
19 56 34 190000 1
5 4 6 34234 0
7 6 8 45993 0
14 0 0 0 0
14 10 18 102569 0
8 0 0 0 0
16 4 12 74251 0
7 9 11 57000 0
14 17 28 140000 1
20 20 37 193400 0
11 3 4 23375 0
2 2 3 16375 0
3 7 6 30000 1
5 2 4 22750 0
7 27 14 70000 1
15 15 30 150000 1
6 1 2 13042 0
1 2 2 10000 1
5 20 10 50000 1
4 15 8 40000 1
20 23 40 200000 1
9 1 3 17625 0
19 38 38 190000 1
9 2 4 28008 0
6 1 2 13270 0
