3 1.21979166667
13 1.39784946237
3 1.11111111111
14 1.55555555556
6 1.33333333333
2 1.11111111111
5 1.99033333333
13 1.80011111111
3 1.11111111111
5 1.28205128205
11 1.46666666667
5 1.19047619048
3 1.354
3 1.35688888889
4 1.83722222222
7 1.37254901961
7 1.2962962963
1 0.833333333333
7 1.71446153846
13 1.75104545455
6 1.420375
8 1.45968518519
9 1.81666666667
6 1.665
2 1.46833333333
10 1.38888888889
13 1.8872037037
2 1.46833333333
13 1.49425287356
3 1.46833333333
9 1.861
12 2.05211111111
8 1.33333333333
8 1.40350877193
1 1.01533333333
2 1.11111111111
8 1.40350877193
10 1.44927536232
11 1.722
1 1.01533333333
11 1.35802469136
11 1.82716666667
5 1.38888888889
2 1.11111111111
7 1.37254901961
4 1.21212121212
7 1.37254901961
4 1.21212121212
8 1.71158333333
11 2.16577777778
3 1.42857142857
3 1.776
13 1.54761904762
3 1.11111111111
1 1.01533333333
6 1.33333333333
9 1.36363636364
7 1.45833333333
5 1.38888888889
3 1.61341666667
4 1.21212121212
11 1.41025641026
5 1.69483333333
7 1.37254901961
1 1.01533333333
13 1.93703703704
12 1.48148148148
10 1.96422222222
13 1.44444444444
2 1.46833333333
6 1.42857142857
8 1.62142424242
10 1.5873015873
10 1.785
4 1.21212121212
7 1.736
2 1.51077777778
11 1.46666666667
13 1.6049382716
7 1.71973333333
6 1.81933333333
5 1.19047619048
3 1.11111111111
2 1.11111111111
2 0.952380952381
12 1.65909259259
12 1.53846153846
4 1.80233333333
12 1.6
10 1.38888888889
2 1.11111111111
6 1.42857142857
1 0.833333333333
9 1.873
10 1.5873015873
8 1.68362222222
7 1.22807017544
3 1.11111111111
12 1.68252380952
13 1.83039393939
7 1.8415
7 1.37254901961
1 1.01533333333
4 1.21212121212
13 1.82530555556
3 1.44122222222
5 1.28205128205
3 1.25
3 1.25
9 1.5
2 1.532
2 1.11111111111
2 0.952380952381
4 1.32459259259
12 1.37931034483
1 1.01533333333
4 1.48148148148
3 1.69483333333
5 1.4377037037
8 1.40350877193
10 1.72258974359
4 1.21212121212
8 1.40350877193
12 1.54578666667
13 1.83605882353
11 1.46666666667
5 1.38888888889
12 1.42857142857
5 1.38888888889
8 1.62875555556
2 1.11111111111
12 1.9755
12 1.48148148148
7 1.45833333333
10 1.7282
10 1.82633333333
3 1.11111111111
9 1.44658333333
1 0.833333333333
6 1.45584848485
3 1.52733333333
3 1.11111111111
6 1.67186666667
4 1.69483333333
4 1.21212121212
3 1.23154166667
12 1.37931034483
4 1.21212121212
4 1.21212121212
12 1.37931034483
2 1.33333333333
10 1.86983333333
7 1.55555555556
5 1.83133333333
9 1.36363636364
10 1.86677777778
6 1.17647058824
5 1.28205128205
2 1.28633333333
2 1.46833333333
7 2.03266666667
13 1.49425287356
8 1.33333333333
7 1.61069230769
4 1.21212121212
13 1.71443859649
6 1.42843333333
10 2.00672222222
2 1.46833333333
3 1.11111111111
13 1.6049382716
4 1.11111111111
10 1.44927536232
2 1.11111111111
3 1.11111111111
8 1.40350877193
3 1.11111111111
1 1.01533333333
12 1.72473333333
10 1.44927536232
10 1.44927536232
6 1.42835714286
94 1.85786
6 1.33484615385
266 1.74236507937
256 1.80028129395
1 0.833333333333
4 1.11111111111
6 1.33333333333
104 2.1045862069
8 1.67996296296
16 1.52380952381
2 1.33333333333
1 1.01533333333
148 1.73708920188
189 1.9775
349 2.0694
6 1.33333333333
16 1.48148148148
1 1.01533333333
1 0.833333333333
7 1.37254901961
23 1.74242424242
1 0.833333333333
9 1.42857142857
146 1.69570267131
78 2.04117874396
15 1.84186666667
2 1.46833333333
87 1.66666666667
1 1.01533333333
1 0.833333333333
20 1.48148148148
1 1.01533333333
50 1.6835016835
14 1.98013333333
72 1.94909803922
353 1.65727699531
2 1.11111111111
1 1.01533333333
1 1.01533333333
22 1.91341333333
1 0.833333333333
40 1.92394535519
1 0.833333333333
2 1.11111111111
141 1.94204444444
1 1.01533333333
4 1.21212121212
12 1.53846153846
1 0.833333333333
59 1.65266106443
270 1.76766285714
1 0.833333333333
1 1.01533333333
2 1.51611111111
94 1.98924637681
434 1.67390804598
8 1.40350877193
1 0.833333333333
1 0.833333333333
115 2.03130383481
4 1.33333333333
1 0.833333333333
25 1.90113333333
95 1.85715277778
1 1.01533333333
406 2.08636601307
2 1.33333333333
33 1.87643859649
3 1.11111111111
1 0.833333333333
6 1.87333333333
389 1.86839577329
12 1.53846153846
170 2.04622222222
1 1.01533333333
295 1.99057142857
384 2.17267741935
53 1.80272108844
1 1.01533333333
1 1.01533333333
2 1.522
1 0.833333333333
21 1.59090909091
