9 2 4 50005 0
17 14 17 170000 1
18 8 17 180000 1
15 3 8 100309 0
1 1 2 10000 1
2 0 0 0 0
4 2 4 40000 1
13 2 6 75660 0
14 2 4 47676 0
16 12 16 160000 1
5 9 6 50000 1
8 0 0 0 0
4 2 3 27811 0
8 17 9 80000 1
12 7 13 120000 1
6 16 7 60000 1
19 0 0 0 0
5 0 0 0 0
11 4 8 94847 0
13 0 0 0 0
6 0 0 0 0
10 4 10 93398 0
11 2 5 64152 0
17 9 17 170000 1
3 2 4 30000 1
5 2 3 28899 0
18 8 16 169621 0
18 2 3 35317 0
18 13 19 180000 1
9 7 9 81844 0
15 10 16 150000 1
6 0 0 0 0
4 2 2 16796 0
14 2 3 35767 0
21 10 21 210000 1
2 1 1 11015 0
7 14 8 70000 1
2 2 3 20000 1
9 0 0 0 0
8 9 9 80000 1
3 4 4 30000 1
16 1 3 45388 0
16 0 0 0 0
10 6 11 100000 1
4 6 5 40000 1
12 14 14 120000 1
21 0 0 0 0
15 11 16 150000 1
2 2 2 16796 0
13 7 14 130000 1
13 3 6 66112 0
2 5 3 20000 1
5 3 6 43398 0
20 16 21 200000 1
16 21 17 160000 1
17 4 14 164389 0
15 8 16 150000 1
2 1 1 11015 0
8 0 0 0 0
6 5 7 60000 1
12 2 5 57346 0
17 16 18 170000 1
2 0 0 0 0
10 5 8 76796 0
7 2 3 31763 0
19 4 7 87607 0
11 2 3 35243 0
3 8 4 30000 1
12 12 13 120000 1
11 4 7 76289 0
19 19 20 190000 1
13 8 14 130000 1
17 5 9 103290 0
9 8 11 90000 1
3 0 0 0 0
11 11 13 110000 1
5 3 6 50000 1
17 9 16 165380 0
2 1 2 20000 1
8 17 10 80000 1
10 5 10 98422 0
10 5 8 78850 0
7 9 8 70000 1
13 5 12 122714 0
3 0 0 0 0
5 3 4 33398 0
2 0 0 0 0
7 10 8 70000 1
14 4 8 97772 0
14 10 15 140000 1
7 11 7 70000 1
5 1 2 17742 0
