2 1.30718954248
3 1.47058823529
9 1.60427807487
1 0.980392156863
9 1.47058823529
2 1.30718954248
1 0.980392156863
13 1.82072829132
2 1.30718954248
2 1.30718954248
9 1.76470588235
9 1.76470588235
7 1.52505446623
5 1.40056022409
11 1.5406162465
1 0.980392156863
4 1.30718954248
6 1.47058823529
9 1.76470588235
1 0.980392156863
2 1.30718954248
6 1.47058823529
4 1.30718954248
5 1.40056022409
1 0.980392156863
3 1.17647058824
11 1.96078431373
1 0.980392156863
2 1.30718954248
8 1.56862745098
10 1.6339869281
5 1.40056022409
2 1.30718954248
6 1.68067226891
10 1.6339869281
10 1.50829562594
13 1.5931372549
7 1.71568627451
7 1.71568627451
9 1.60427807487
2 1.30718954248
7 1.71568627451
4 1.56862745098
1 0.980392156863
5 1.40056022409
9 1.60427807487
13 1.82072829132
13 1.69934640523
3 1.17647058824
1 0.980392156863
4 1.56862745098
13 1.49942329873
4 1.30718954248
1 0.980392156863
11 1.65912518854
7 1.52505446623
13 1.49942329873
4 1.56862745098
12 1.68067226891
1 0.980392156863
9 1.60427807487
4 1.30718954248
12 1.80995475113
4 1.56862745098
5 1.6339869281
5 1.6339869281
8 1.42602495544
2 1.30718954248
1 0.980392156863
13 1.5931372549
7 1.52505446623
12 1.68067226891
13 1.69934640523
9 1.76470588235
8 1.74291938998
10 1.6339869281
9 1.76470588235
8 1.74291938998
5 1.6339869281
3 1.47058823529
2 1.30718954248
1 0.980392156863
5 1.40056022409
11 1.65912518854
9 1.60427807487
6 1.47058823529
7 1.71568627451
9 1.76470588235
2 1.30718954248
9 1.60427807487
2 1.30718954248
3 1.17647058824
9 1.76470588235
3 1.17647058824
8 1.74291938998
6 1.30718954248
11 1.65912518854
7 1.52505446623
10 1.6339869281
7 1.52505446623
8 1.56862745098
12 1.68067226891
4 1.30718954248
1 0.980392156863
4 1.30718954248
384 1.99190787426
14 1.52505446623
1 0.980392156863
10 1.7825311943
1 0.980392156863
1 0.980392156863
343 1.89985598759
2 1.30718954248
2 1.30718954248
2 1.30718954248
2 1.30718954248
1 0.980392156863
2 1.30718954248
2 1.30718954248
1 0.980392156863
1 0.980392156863
1 0.980392156863
1 0.980392156863
12 1.68067226891
1 0.980392156863
15 1.47058823529
1 0.980392156863
21 1.87165775401
107 1.87324929972
187 1.84254606365
1 0.980392156863
1 0.980392156863
1 0.980392156863
88 1.98332206446
1 0.980392156863
1 0.980392156863
1 0.980392156863
1 0.980392156863
11 1.65912518854
1 0.980392156863
418 1.82135076253
1 0.980392156863
1 0.980392156863
45 1.6339869281
3 1.47058823529
1 0.980392156863
17 1.66666666667
1 0.980392156863
1 0.980392156863
1 0.980392156863
1 0.980392156863
6 1.47058823529
3 1.17647058824
1 0.980392156863
274 2.06636500754
3 1.17647058824
1 0.980392156863
1 0.980392156863
1 0.980392156863
1 0.980392156863
3 1.17647058824
3 1.17647058824
62 1.68845315904
