19 12 14 190000 1
10 3 6 100000 1
5 2 4 50000 1
12 0 0 0 0
16 0 0 0 0
21 9 13 210000 1
19 5 11 190000 1
8 5 6 80000 1
20 10 16 200000 1
10 6 7 100000 1
8 1 2 47213 0
3 7 3 30000 1
4 1 1 22550 0
21 1 3 78353 0
1 0 0 0 0
2 0 0 0 0
9 1 2 51451 0
4 2 3 40000 1
9 4 5 90000 1
21 7 14 210000 1
19 8 11 190000 1
3 1 2 30000 1
17 25 13 170000 1
17 0 0 0 0
21 14 14 210000 1
19 14 13 190000 1
18 22 13 180000 1
11 4 7 109661 0
6 3 4 60000 1
2 0 0 0 0
15 10 10 150000 1
4 3 3 40000 1
8 0 0 0 0
13 6 9 130000 1
14 10 9 140000 1
21 4 11 200197 0
17 7 10 170000 1
5 9 5 50000 1
15 6 10 150000 1
9 1 2 47213 0
6 0 0 0 0
10 1 2 52152 0
3 4 3 30000 1
3 4 3 30000 1
12 11 8 120000 1
19 9 15 190000 1
9 2 5 90000 1
8 16 7 80000 1
14 0 0 0 0
7 15 6 70000 1
4 8 3 40000 1
11 12 7 110000 1
8 1 3 50822 0
17 9 10 170000 1
7 17 5 70000 1
5 13 4 50000 1
3 2 2 30000 1
3 7 3 30000 1
16 6 9 160000 1
9 6 6 90000 1
16 4 9 160000 1
5 3 5 50000 1
10 5 7 100000 1
9 2 4 85462 0
5 14 4 50000 1
6 3 5 60000 1
14 1 2 51116 0
14 8 11 140000 1
14 3 6 135354 0
10 13 8 100000 1
18 1 5 144906 0
8 20 7 80000 1
18 6 11 180000 1
15 8 11 150000 1
12 3 6 104941 0
5 4 5 50000 1
16 7 9 160000 1
13 0 0 0 0
16 1 3 91281 0
16 1 2 62995 0
6 9 6 60000 1
15 11 9 150000 1
2 5 2 20000 1
7 17 5 70000 1
14 5 10 140000 1
21 11 15 210000 1
3 3 3 30000 1
2 1 1 16391 0
21 6 13 210000 1
14 0 0 0 0
13 3 9 130000 1
1 1 1 10000 1
1 2 1 10000 1
17 4 10 170000 1
6 10 5 60000 1
18 3 8 169305 0
12 2 5 115165 0
12 12 9 120000 1
14 12 9 140000 1
12 4 7 116667 0
