6 2.63157894737
3 2.63157894737
4 2.33918128655
7 2.45614035088
6 2.63157894737
3 2.63157894737
3 2.63157894737
5 2.92397660819
4 2.33918128655
1 1.75438596491
4 2.33918128655
5 2.92397660819
5 2.92397660819
7 2.45614035088
8 2.80701754386
3 2.63157894737
4 3.50877192982
7 3.0701754386
2 1.75438596491
1 1.75438596491
6 3.50245614035
7 4.02187134503
3 1.75438596491
7 4.09356725146
5 2.19298245614
7 2.99412280702
4 2.33918128655
4 2.33918128655
7 2.45614035088
2 1.75438596491
4 2.33918128655
1 1.75438596491
8 2.80701754386
1 1.75438596491
1 1.75438596491
8 2.80701754386
2 1.75438596491
7 2.45614035088
1 1.75438596491
1 1.75438596491
2 1.75438596491
7 4.02187134503
8 2.33918128655
3 2.63157894737
6 2.10526315789
7 3.04789473684
8 2.80701754386
7 2.45614035088
1 1.75438596491
2 1.75438596491
7 3.01640350877
7 3.0701754386
8 2.33918128655
3 2.63157894737
6 3.43707602339
6 2.63157894737
8 3.50877192982
1 1.75438596491
4 2.33918128655
2 1.75438596491
6 2.63157894737
4 2.33918128655
1 1.75438596491
7 2.04678362573
7 2.45614035088
3 2.63157894737
4 2.33918128655
5 2.19298245614
5 2.19298245614
5 2.92397660819
8 3.50877192982
3 2.63157894737
3 1.75438596491
7 2.79065789474
3 2.63157894737
2 1.75438596491
1 1.75438596491
5 2.92397660819
6 2.63157894737
2 1.75438596491
6 3.39701754386
7 2.77197368421
1 1.75438596491
3 2.63157894737
2 1.75438596491
3 2.63157894737
7 2.45614035088
7 2.45614035088
8 2.80701754386
3 2.63157894737
7 3.0701754386
6 2.63157894737
4 2.33918128655
5 2.19298245614
1 1.75438596491
1 1.75438596491
3 2.63157894737
3 2.63157894737
7 4.02187134503
6 2.63157894737
7 3.0701754386
34 3.13942751616
31 3.39912280702
23 3.10391363023
19 3.0303030303
14 3.0701754386
27 3.38345864662
17 4.3582748538
15 2.92397660819
14 3.0701754386
20 2.33918128655
18 2.87081339713
