2 1 2 20000 1
7 5 6 70000 1
7 5 5 70000 1
1 1 1 10000 1
1 1 1 10000 1
7 1 5 70000 1
1 1 1 10000 1
8 1 5 80000 1
1 1 1 10000 1
1 1 1 10000 1
3 2 3 30000 1
3 2 3 30000 1
8 1 5 80000 1
5 3 4 50000 1
2 1 2 20000 1
5 2 5 50000 1
1 1 1 10000 1
1 1 1 10000 1
3 1 3 30000 1
2 1 2 20000 1
1 1 1 10000 1
2 1 2 20000 1
2 1 2 20000 1
7 3 6 70000 1
4 2 4 40000 1
7 1 5 70000 1
3 1 3 30000 1
4 1 4 40000 1
7 1 5 70000 1
1 1 1 10000 1
3 1 2 30000 1
5 2 5 50000 1
1 1 1 10000 1
5 3 4 50000 1
1 1 1 10000 1
5 4 5 50000 1
3 1 3 30000 1
8 4 8 80000 1
2 1 2 20000 1
7 3 5 70000 1
1 1 1 10000 1
5 3 4 50000 1
6 1 3 60000 1
6 2 6 60000 1
8 3 7 80000 1
4 1 4 40000 1
5 1 3 50000 1
7 4 6 70000 1
8 1 5 80000 1
7 2 5 70000 1
1 1 1 10000 1
6 1 3 60000 1
6 1 4 60000 1
8 2 5 80000 1
3 1 2 30000 1
3 2 3 30000 1
4 1 4 40000 1
7 2 5 70000 1
2 1 2 20000 1
5 4 5 50000 1
3 1 2 30000 1
4 1 3 40000 1
4 1 3 40000 1
7 2 6 70000 1
7 1 5 70000 1
1 1 1 10000 1
2 1 2 20000 1
8 4 6 80000 1
4 2 4 40000 1
6 5 4 60000 1
1 1 1 10000 1
6 3 6 60000 1
6 4 5 60000 1
2 1 2 20000 1
3 1 3 30000 1
8 1 5 80000 1
8 1 4 80000 1
1 1 1 10000 1
4 3 4 40000 1
8 1 5 80000 1
1 1 1 10000 1
7 1 5 70000 1
8 1 4 80000 1
1 1 1 10000 1
2 1 2 20000 1
7 3 5 70000 1
6 1 3 60000 1
7 1 5 70000 1
2 1 2 20000 1
7 1 4 70000 1
5 1 4 50000 1
2 1 2 20000 1
3 2 3 30000 1
5 2 4 50000 1
3 1 3 30000 1
7 1 5 70000 1
2 1 2 20000 1
4 1 3 40000 1
5 3 5 50000 1
4 1 4 40000 1
3 1 3 30000 1
6 1 5 60000 1
5 1 4 50000 1
5 3 5 50000 1
5 2 4 50000 1
2 1 2 20000 1
5 1 4 50000 1
7 1 4 70000 1
4 1 3 40000 1
7 1 4 69594 0
1 1 1 10000 1
1 1 1 10000 1
3 1 2 30000 1
4 1 3 40000 1
8 2 5 80000 1
7 2 5 70000 1
20 4 13 200000 1
36 2 20 360000 1
32 1 7 210730 0
17 3 10 170000 1
39 9 31 390000 1
28 13 22 280000 1
13 2 8 130000 1
10 6 9 100000 1
13 1 5 115953 0
32 10 29 320000 1
26 7 23 260000 1
16 3 11 160000 1
9 4 8 90000 1
31 6 21 310000 1
22 5 18 220000 1
19 5 15 190000 1
