9 1.73076923077
9 1.73076923077
11 2.11538461538
10 2.27272727273
1 0.833333333333
8 1.17647058824
8 1.81818181818
5 1.5625
9 3.01875
3 1.07142857143
7 3.58175
9 1.73076923077
4 2.3495625
3 1.5
11 1.96428571429
8 1.25
2 0.833333333333
3 0.9375
8 1.33333333333
7 1.34615384615
1 0.833333333333
10 1.66666666667
1 0.833333333333
8 2.22222222222
8 1.81818181818
9 1.5
4 1.25
4 2.0
11 1.96428571429
7 1.94444444444
9 1.875
10 2.27272727273
8 1.66666666667
11 2.62575
10 1.92307692308
9 1.40625
3 1.875
12 2.14285714286
5 2.7774375
1 0.833333333333
5 2.67808333333
7 1.16666666667
7 1.25
8 2.85579166667
11 2.11538461538
11 1.83333333333
8 1.66666666667
6 3.1865
6 3.15216666667
9 2.25
6 1.66666666667
8 1.33333333333
1 0.833333333333
10 1.04166666667
8 1.66666666667
6 1.36363636364
7 3.566
5 1.13636363636
7 1.75
11 1.96428571429
8 2.0
11 2.29166666667
5 2.07133333333
11 1.52777777778
2 1.0
10 2.08333333333
12 3.28141666667
5 2.7703125
5 1.38888888889
8 3.28166666667
8 1.33333333333
13 1.41304347826
6 0.9375
9 1.73076923077
13 2.5710625
5 1.25
8 1.25
7 1.09375
8 2.22222222222
3 1.5
7 3.1674375
13 1.625
4 0.909090909091
3 1.9895
2 1.65358333333
6 1.66666666667
4 1.66666666667
10 1.47058823529
12 1.66666666667
13 2.16666666667
9 1.60714285714
7 3.334
5 1.5625
1 0.833333333333
4 1.42857142857
4 2.0
10 2.9125
12 1.5
8 3.32891666667
7 1.45833333333
1 0.833333333333
1 0.833333333333
9 1.875
8 2.0
1 0.833333333333
3 1.5
5 1.5625
13 2.95454545455
11 1.61764705882
9 2.8125
8 2.07955555556
10 1.78571428571
6 1.66666666667
10 1.5625
5 1.78571428571
13 2.16666666667
13 2.5
13 1.35416666667
12 1.5
5 1.78571428571
6 3.00241666667
5 1.25
11 2.11538461538
8 1.66666666667
5 1.5625
4 2.0
8 1.53846153846
13 1.80555555556
11 1.30952380952
5 1.25
3 0.833333333333
5 2.08333333333
3 1.25
8 1.53846153846
7 1.75
10 1.66666666667
12 1.11111111111
6 1.875
5 1.38888888889
2 0.833333333333
2 1.66666666667
10 1.5625
5 1.04166666667
12 2.14285714286
10 1.66666666667
13 2.32142857143
2 1.25
8 0.952380952381
7 1.45833333333
2 1.25
6 1.875
2 1.25
11 1.83333333333
9 3.50525
13 3.1425
8 2.0
12 2.0
5 1.38888888889
3 1.07142857143
4 1.42857142857
5 2.08333333333
10 1.78571428571
8 2.18586111111
8 1.17647058824
10 1.08695652174
6 1.15384615385
1 0.833333333333
13 4.0395
5 1.5625
9 1.73076923077
7 2.57954166667
5 0.892857142857
12 1.76470588235
2 1.25
13 2.32142857143
12 1.66666666667
11 3.7598125
7 1.59090909091
4 1.11111111111
6 1.36363636364
4 0.833333333333
9 1.73076923077
304 1.71144117647
1 0.833333333333
58 3.86373913043
6 1.875
178 1.8776371308
1 0.833333333333
47 2.06140350877
10 1.92307692308
3 1.25
31 2.09459459459
1 0.833333333333
4 1.66666666667
1 0.833333333333
39 2.32142857143
37 4.07575
42 3.5666375
181 3.7707826087
37 2.25609756098
2 1.41141666667
1 0.833333333333
315 3.047625
108 3.13520714286
1 0.833333333333
1 0.833333333333
2 1.25
18 2.04545454545
1 0.833333333333
3 0.833333333333
1 0.833333333333
3 1.07142857143
204 4.18098333333
64 0.963855421687
206 2.92613636364
186 1.57094594595
20 2.94117647059
2 1.25
15 1.875
1 0.833333333333
1 0.833333333333
5 0.961538461538
1 0.833333333333
6 1.66666666667
1 0.833333333333
1 0.833333333333
1 0.833333333333
13 2.16666666667
2 1.66666666667
23 3.74
145 5.61045
258 2.17171717172
26 2.09677419355
1 0.833333333333
120 2.47933884298
2 1.66666666667
5 1.04166666667
11 1.44736842105
1 0.833333333333
404 1.71477079796
68 6.96445833333
1 0.833333333333
74 1.69724770642
88 3.05998611111
14 2.33333333333
77 2.58379090909
76 3.16241666667
1 0.833333333333
12 3.15825
19 1.35714285714
124 4.34792857143
17 1.25
1 0.833333333333
99 1.6722972973
1 0.833333333333
12 1.76470588235
1 0.833333333333
1 0.833333333333
1 0.833333333333
3 0.833333333333
121 1.15019011407
156 1.70305676856
12 3.33333333333
1 0.833333333333
1 0.833333333333
