10 6 8 100000 1
9 7 8 90000 1
4 1 3 40000 1
5 9 5 50000 1
17 22 17 170000 1
7 9 7 70000 1
16 5 8 160000 1
17 14 16 170000 1
8 13 8 80000 1
15 18 15 150000 1
13 11 11 130000 1
12 13 11 120000 1
5 12 5 50000 1
10 0 0 0 0
1 0 0 0 0
18 1 3 108636 0
15 9 12 150000 1
12 4 8 120000 1
8 2 5 80000 1
16 7 11 160000 1
20 4 9 200000 1
2 3 2 20000 1
21 28 17 210000 1
10 0 0 0 0
9 22 9 90000 1
6 2 4 60000 1
8 16 8 80000 1
2 4 2 20000 1
2 2 2 20000 1
13 6 9 130000 1
9 18 9 90000 1
8 8 6 80000 1
7 8 6 70000 1
16 8 12 160000 1
3 8 3 30000 1
9 5 7 90000 1
21 1 2 49384 0
2 0 0 0 0
3 8 3 30000 1
18 11 13 180000 1
12 0 0 0 0
11 13 11 110000 1
21 2 4 103246 0
13 2 6 130000 1
7 10 7 70000 1
16 1 2 47550 0
4 4 4 40000 1
1 1 1 10000 1
15 19 12 150000 1
8 2 6 80000 1
5 5 5 50000 1
7 15 7 70000 1
9 6 8 90000 1
16 0 0 0 0
2 1 2 20000 1
13 4 7 130000 1
10 1 2 47705 0
18 21 17 180000 1
4 8 4 40000 1
17 5 10 170000 1
17 7 12 170000 1
1 1 1 10000 1
17 21 13 170000 1
9 3 6 88661 0
6 9 6 60000 1
7 1 3 61244 0
18 3 9 179890 0
10 6 8 100000 1
9 15 9 90000 1
7 14 7 70000 1
13 1 2 50125 0
8 9 7 80000 1
6 7 6 60000 1
9 1 2 50360 0
14 5 8 140000 1
18 8 13 180000 1
4 10 4 40000 1
14 11 13 140000 1
10 18 10 100000 1
21 5 11 210000 1
11 5 8 110000 1
18 5 11 180000 1
15 16 13 150000 1
7 13 6 70000 1
13 14 12 130000 1
1 2 1 10000 1
16 21 16 160000 1
19 0 0 0 0
8 7 8 80000 1
16 2 4 96118 0
3 1 2 27800 0
9 11 8 90000 1
9 6 7 90000 1
7 18 7 70000 1
13 3 6 124223 0
8 5 6 80000 1
13 5 8 130000 1
