13 1.54761904762
4 1.02040816327
9 1.78571428571
10 2.97619047619
7 2.5
12 2.67857142857
11 3.54114285714
1 0.892857142857
12 1.78571428571
5 2.23214285714
7 2.08333333333
9 1.60714285714
7 1.5625
1 0.892857142857
3 1.78571428571
13 2.32142857143
6 2.67857142857
4 1.78571428571
8 2.38095238095
5 1.78571428571
12 2.38095238095
2 1.19047619048
4 1.42857142857
7 1.78571428571
1 0.892857142857
7 1.5625
10 4.02547619048
11 3.47603571429
9 2.00892857143
12 3.0612244898
11 1.6369047619
12 4.28848214286
5 1.78571428571
8 1.78571428571
3 1.78571428571
2 1.78571428571
6 1.33928571429
2 1.78571428571
3 1.78571428571
9 2.29591836735
2 0.892857142857
1 0.892857142857
10 1.78571428571
12 3.28485119048
12 1.5306122449
4 1.42857142857
12 3.85922619048
13 2.11038961039
2 1.19047619048
8 3.80273809524
12 3.34047619048
2 1.78571428571
12 4.42047619048
4 1.19047619048
3 1.33928571429
2 0.892857142857
6 1.33928571429
7 3.20327380952
5 2.23214285714
12 2.38095238095
12 1.64835164835
9 2.59214285714
4 1.19047619048
4 1.42857142857
2 1.19047619048
1 0.892857142857
2 1.19047619048
13 2.11038961039
3 1.78571428571
2 1.78571428571
12 3.98669642857
8 1.5873015873
12 4.44511904762
2 1.19047619048
2 1.19047619048
12 3.0612244898
3 1.78571428571
5 1.4880952381
2 0.892857142857
4 1.78571428571
7 1.78571428571
13 1.65816326531
3 1.33928571429
9 2.59791666667
7 3.80547619048
9 1.60714285714
6 1.5306122449
4 1.19047619048
11 4.20888392857
7 2.5
5 2.71357142857
8 1.5873015873
9 3.77589285714
2 1.78571428571
5 1.78571428571
6 3.06666666667
3 1.78571428571
3 1.78571428571
2 1.19047619048
7 3.07839285714
5 1.11607142857
6 2.65098214286
4 1.42857142857
9 3.879375
1 0.892857142857
6 2.14285714286
7 1.78571428571
3 1.78571428571
12 3.57142857143
11 2.80612244898
6 1.19047619048
3 1.78571428571
13 2.32142857143
10 2.23214285714
3 1.33928571429
10 1.78571428571
13 4.39639285714
7 3.35345238095
1 0.892857142857
12 4.03245535714
2 0.892857142857
2 1.19047619048
5 1.4880952381
3 1.78571428571
3 1.33928571429
5 1.78571428571
13 2.90178571429
1 0.892857142857
13 2.32142857143
11 1.6369047619
2 1.19047619048
8 1.78571428571
10 1.98412698413
6 1.5306122449
2 1.19047619048
12 1.78571428571
10 2.97619047619
6 1.78571428571
10 3.41517857143
12 2.14285714286
9 2.29591836735
11 2.18253968254
6 1.5306122449
10 1.98412698413
8 1.78571428571
2 1.19047619048
5 1.78571428571
2 1.19047619048
7 1.78571428571
4 2.38095238095
6 2.14285714286
3 1.78571428571
1 0.892857142857
12 1.64835164835
10 4.065
11 1.6369047619
11 2.45535714286
6 1.5306122449
11 2.45535714286
10 2.82833333333
1 0.892857142857
7 3.125
4 1.19047619048
5 2.23214285714
6 1.78571428571
1 0.892857142857
13 2.57700396825
5 2.23214285714
9 2.29591836735
9 2.29591836735
10 2.55102040816
9 2.00892857143
8 3.67482142857
9 3.81620535714
11 2.45535714286
1 0.892857142857
5 2.23214285714
7 3.05821428571
4 1.19047619048
6 1.78571428571
3 1.07142857143
9 2.00892857143
18 2.67857142857
6 1.33928571429
1 0.892857142857
225 2.30911330049
4 1.02040816327
60 1.30662020906
69 6.24378246753
6 1.19047619048
243 2.841937046
70 1.09649122807
2 1.19047619048
1 0.892857142857
1 0.892857142857
38 4.03898809524
1 0.892857142857
1 0.892857142857
125 3.51965029762
56 4.17211180124
1 0.892857142857
7 2.5
4 1.42857142857
1 0.892857142857
1 0.892857142857
1 0.892857142857
199 4.71292410714
25 1.78571428571
18 2.92207792208
3 1.78571428571
106 2.52380952381
4 1.42857142857
346 5.1565625
1 0.892857142857
1 0.892857142857
25 2.02922077922
1 0.892857142857
13 2.11038961039
1 0.892857142857
2 1.19047619048
1 0.892857142857
83 3.30930357143
3 1.07142857143
70 5.19095982143
92 2.93994047619
4 1.78571428571
45 2.36344537815
1 0.892857142857
2 1.78571428571
2 1.19047619048
1 0.892857142857
154 6.77633928571
3 1.78571428571
189 1.73969072165
47 1.58355795148
413 3.43023255814
3 1.07142857143
1 0.892857142857
121 2.22754050074
1 0.892857142857
1 0.892857142857
1 0.892857142857
140 2.84090909091
1 0.892857142857
1 0.892857142857
62 2.12912087912
55 1.66464891041
15 2.23214285714
19 4.99946428571
90 5.18160714286
1 0.892857142857
14 1.31578947368
1 0.892857142857
353 1.05587461115
1 0.892857142857
1 0.892857142857
37 3.47744360902
2 1.19047619048
1 0.892857142857
1 0.892857142857
1 0.892857142857
155 2.51623376623
3 1.78571428571
1 0.892857142857
27 3.35650793651
