7 1 2 70000 1
3 1 2 30000 1
3 1 2 30000 1
4 1 2 40000 1
1 1 1 10000 1
3 1 2 30000 1
6 2 3 60000 1
3 1 2 30000 1
4 1 2 40000 1
5 1 2 50000 1
4 1 2 40000 1
1 1 1 10000 1
5 1 2 50000 1
5 2 3 50000 1
5 2 2 50000 1
1 1 1 10000 1
3 1 2 30000 1
4 1 2 40000 1
4 2 3 40000 1
8 1 3 80000 1
4 2 3 40000 1
4 1 2 40000 1
3 1 2 30000 1
3 1 2 30000 1
4 1 2 40000 1
7 1 2 70000 1
4 1 2 40000 1
7 3 4 70000 1
3 1 2 30000 1
5 2 3 50000 1
3 1 2 30000 1
3 2 3 30000 1
3 1 2 30000 1
2 1 2 20000 1
3 1 2 30000 1
6 1 2 60000 1
5 2 3 50000 1
7 4 5 70000 1
5 1 2 50000 1
1 1 1 10000 1
2 1 2 20000 1
6 4 5 60000 1
5 1 2 50000 1
5 3 4 50000 1
2 1 2 20000 1
3 1 2 30000 1
4 1 2 40000 1
8 4 6 80000 1
7 1 2 70000 1
2 1 2 20000 1
1 1 1 10000 1
1 1 1 10000 1
2 1 1 20000 1
3 1 2 30000 1
1 1 1 10000 1
3 1 2 30000 1
5 2 3 50000 1
8 2 4 80000 1
4 1 2 40000 1
3 1 2 30000 1
7 1 2 70000 1
3 1 2 30000 1
4 1 2 40000 1
6 1 2 60000 1
6 1 2 60000 1
1 1 1 10000 1
4 1 2 40000 1
4 1 2 40000 1
3 1 2 30000 1
4 1 2 40000 1
3 1 2 30000 1
3 1 2 30000 1
5 2 3 50000 1
6 3 3 60000 1
3 1 2 30000 1
3 1 2 30000 1
8 4 6 80000 1
2 1 2 20000 1
6 2 3 60000 1
7 2 3 70000 1
1 1 1 10000 1
5 2 3 50000 1
4 1 2 40000 1
1 1 1 10000 1
5 1 2 50000 1
4 2 2 40000 1
7 1 2 70000 1
6 1 2 60000 1
8 3 5 80000 1
6 2 3 60000 1
3 1 2 30000 1
8 1 3 80000 1
2 1 2 20000 1
2 1 2 20000 1
5 1 2 50000 1
5 1 2 50000 1
7 1 2 70000 1
3 1 2 30000 1
6 2 3 60000 1
5 1 2 50000 1
3 1 2 30000 1
7 1 2 70000 1
3 1 2 30000 1
2 1 2 20000 1
3 1 2 30000 1
6 1 2 60000 1
5 3 4 50000 1
8 3 5 80000 1
1 1 1 10000 1
3 1 2 30000 1
2 1 2 20000 1
3 1 2 30000 1
4 1 2 40000 1
8 3 5 80000 1
5 2 3 50000 1
1 1 1 10000 1
5 1 2 50000 1
6 1 2 60000 1
3 1 2 30000 1
35 8 28 350000 1
31 3 16 310000 1
5 2 3 50000 1
36 1 7 352824 0
23 1 5 218384 0
28 6 26 280000 1
30 2 11 300000 1
24 1 5 240000 1
