6 1.19047619048
4 1.85185185185
12 3.33333333333
3 1.38888888889
9 3.125
10 1.73611111111
13 1.38888888889
5 1.38888888889
4 1.11111111111
6 1.66666666667
10 1.73611111111
9 1.5625
9 1.38888888889
11 2.18253968254
7 1.62037037037
13 1.80555555556
10 1.15740740741
11 3.05555555556
1 0.694444444444
8 2.77777777778
7 1.94444444444
13 1.38888888889
12 2.38095238095
7 2.43055555556
5 2.31481481481
10 1.26262626263
7 2.43055555556
4 1.38888888889
1 0.694444444444
3 1.04166666667
10 1.26262626263
12 1.85185185185
8 2.22222222222
3 1.38888888889
7 2.43055555556
7 1.62037037037
8 2.22222222222
5 2.31481481481
11 3.05555555556
10 2.77777777778
1 0.694444444444
10 2.31481481481
10 1.54320987654
13 3.00925925926
7 2.43055555556
12 1.85185185185
8 1.38888888889
9 2.08333333333
2 0.925925925926
8 1.5873015873
9 3.125
4 1.11111111111
7 1.62037037037
10 2.77777777778
1 0.694444444444
7 1.38888888889
11 2.5462962963
7 1.94444444444
4 1.85185185185
10 1.38888888889
4 1.85185185185
5 1.15740740741
5 2.31481481481
12 1.51515151515
4 1.85185185185
11 3.05555555556
7 1.94444444444
10 1.54320987654
5 2.31481481481
7 2.43055555556
6 1.19047619048
9 1.5625
1 0.694444444444
10 2.31481481481
5 2.31481481481
3 1.38888888889
6 1.38888888889
2 0.694444444444
1 0.694444444444
2 0.925925925926
11 1.6975308642
4 1.11111111111
4 1.85185185185
8 1.85185185185
4 1.85185185185
8 1.5873015873
4 1.85185185185
4 1.85185185185
6 1.38888888889
7 2.43055555556
3 1.38888888889
3 1.38888888889
10 2.31481481481
4 1.85185185185
10 1.73611111111
6 1.66666666667
11 1.90972222222
3 1.38888888889
5 1.15740740741
5 1.15740740741
5 2.31481481481
8 1.23456790123
2 0.925925925926
4 1.85185185185
7 2.43055555556
7 2.43055555556
1 0.694444444444
1 0.694444444444
5 2.31481481481
10 2.31481481481
9 2.5
5 2.31481481481
2 0.925925925926
7 2.43055555556
5 2.31481481481
7 1.94444444444
2 0.925925925926
13 2.25694444444
10 2.31481481481
9 1.5625
9 1.5625
6 2.77777777778
8 1.23456790123
7 3.24074074074
11 1.90972222222
7 1.38888888889
8 2.22222222222
12 1.51515151515
3 1.38888888889
13 3.00925925926
7 1.94444444444
3 1.38888888889
1 0.694444444444
3 1.38888888889
4 1.38888888889
4 1.85185185185
4 1.85185185185
7 1.62037037037
8 1.38888888889
3 1.04166666667
9 2.5
1 0.694444444444
6 1.38888888889
11 2.5462962963
2 0.925925925926
4 1.85185185185
2 0.925925925926
2 0.694444444444
9 1.78571428571
10 2.31481481481
7 2.43055555556
13 1.28968253968
13 2.57936507937
5 1.73611111111
9 1.25
9 1.5625
5 1.38888888889
4 1.85185185185
6 2.08333333333
13 1.28968253968
4 1.11111111111
4 1.11111111111
1 0.694444444444
4 1.85185185185
1 0.694444444444
13 1.28968253968
5 2.31481481481
10 2.77777777778
4 1.85185185185
5 2.31481481481
5 1.15740740741
1 0.694444444444
61 1.05902777778
210 1.25718390805
1 0.694444444444
4 1.85185185185
1 0.694444444444
384 0.826873385013
1 0.694444444444
2 0.925925925926
1 0.694444444444
1 0.694444444444
116 1.05301379811
141 1.15196078431
10 2.77777777778
1 0.694444444444
1 0.694444444444
1 0.694444444444
12 1.66666666667
1 0.694444444444
1 0.694444444444
7 2.43055555556
1 0.694444444444
6 1.66666666667
15 1.09649122807
1 0.694444444444
1 0.694444444444
39 3.00925925926
1 0.694444444444
280 2.75807722616
7 1.21527777778
13 1.28968253968
141 3.26388888889
1 0.694444444444
1 0.694444444444
53 3.34595959596
8 1.38888888889
2 0.925925925926
13 1.50462962963
49 0.850694444444
10 2.31481481481
235 0.935211716014
1 0.694444444444
2 0.925925925926
1 0.694444444444
1 0.694444444444
400 2.73672687466
1 0.694444444444
148 0.925925925926
41 1.13888888889
1 0.694444444444
1 0.694444444444
11 2.18253968254
325 1.55651340996
287 1.00153545505
1 0.694444444444
81 2.61627906977
1 0.694444444444
3 1.04166666667
3 1.38888888889
3 1.38888888889
410 2.77777777778
35 0.992063492063
387 0.881147540984
17 1.96759259259
19 1.25661375661
