16 23 32 160000 1
4 2 6 32600 0
12 3 12 65200 0
15 1 3 18900 0
12 7 21 108900 0
7 9 14 70000 1
5 3 8 42600 0
8 0 0 0 0
12 11 24 120000 1
21 5 12 70400 0
1 1 2 10000 1
5 1 2 12600 0
21 0 0 0 0
12 12 24 120000 1
6 1 5 28900 0
17 1 4 25200 0
3 1 4 22600 0
1 0 0 0 0
15 3 9 54100 0
10 8 17 88900 0
12 5 10 57800 0
7 8 14 70000 1
6 8 12 60000 1
7 4 14 70000 1
11 2 5 28900 0
3 0 0 0 0
17 1 3 18900 0
4 10 8 40000 1
7 2 10 55200 0
17 2 7 41500 0
12 6 13 74100 0
20 0 0 0 0
16 13 32 160000 1
14 5 14 80400 0
6 3 9 48900 0
19 4 12 70400 0
14 14 28 140000 1
3 7 6 30000 1
6 7 12 60000 1
3 2 5 26300 0
6 6 12 60000 1
21 0 0 0 0
6 3 9 48900 0
18 6 16 93000 0
4 1 2 12600 0
9 6 15 78900 0
14 0 0 0 0
16 3 9 54100 0
21 9 24 130400 0
14 1 3 18900 0
15 2 5 28900 0
19 8 24 138200 0
1 1 2 10000 1
14 2 5 28900 0
12 7 15 81500 0
8 4 11 58900 0
10 4 10 55200 0
8 4 16 80000 1
1 0 0 0 0
7 1 4 25200 0
21 8 37 191500 0
11 1 3 18900 0
13 3 15 86700 0
17 20 34 170000 1
21 18 42 210000 1
2 0 0 0 0
8 3 8 47800 0
7 2 6 35200 0
2 4 4 20000 1
10 4 16 85200 0
13 9 26 130000 1
8 1 2 12600 0
3 1 2 12600 0
16 16 32 160000 1
17 21 34 170000 1
9 6 14 75200 0
10 14 20 100000 1
14 9 28 140000 1
7 1 5 31500 0
3 2 6 30000 1
10 8 20 100000 1
20 16 40 200000 1
12 9 24 120000 1
9 0 0 0 0
1 0 0 0 0
21 10 37 191500 0
14 9 28 140000 1
18 1 3 18900 0
4 11 8 40000 1
1 0 0 0 0
14 13 28 140000 1
1 0 0 0 0
8 0 0 0 0
16 18 32 160000 1
14 6 21 114100 0
20 0 0 0 0
11 6 16 87800 0
17 1 3 18900 0
10 4 10 57800 0
21 3 16 90400 0
8 4 10 55200 0
20 10 27 151900 0
17 18 34 170000 1
9 0 0 0 0
20 19 40 200000 1
18 10 36 180000 1
14 1 3 18900 0
4 9 8 40000 1
10 1 3 18900 0
11 3 9 54100 0
2 2 4 20000 1
