11 0.833333333333
3 0.833333333333
11 0.833333333333
1 0.833333333333
8 0.833333333333
10 0.833333333333
7 0.833333333333
7 0.833333333333
7 0.833333333333
6 0.833333333333
2 0.833333333333
12 0.833333333333
13 0.833333333333
12 0.833333333333
6 0.833333333333
3 0.833333333333
4 0.833333333333
13 0.833333333333
6 0.833333333333
11 0.833333333333
1 0.833333333333
5 0.833333333333
13 0.833333333333
5 0.833333333333
13 0.833333333333
7 0.833333333333
5 0.833333333333
4 0.833333333333
10 0.833333333333
8 0.833333333333
9 0.833333333333
5 0.833333333333
10 0.833333333333
5 0.833333333333
6 0.833333333333
9 0.833333333333
2 0.833333333333
4 0.833333333333
4 0.833333333333
1 0.833333333333
11 0.833333333333
11 0.833333333333
1 0.833333333333
5 0.833333333333
4 0.833333333333
6 0.833333333333
2 0.833333333333
9 0.833333333333
9 0.833333333333
8 0.833333333333
13 0.833333333333
7 0.833333333333
3 0.833333333333
11 0.833333333333
3 0.833333333333
13 0.833333333333
2 0.833333333333
11 0.833333333333
2 0.833333333333
2 0.833333333333
10 0.833333333333
11 0.833333333333
2 0.833333333333
9 0.833333333333
10 0.833333333333
5 0.833333333333
8 0.833333333333
13 0.833333333333
3 0.833333333333
8 0.833333333333
3 0.833333333333
13 0.833333333333
7 0.833333333333
2 0.833333333333
1 0.833333333333
2 0.833333333333
8 0.833333333333
1 0.833333333333
7 0.833333333333
2 0.833333333333
10 0.833333333333
5 0.833333333333
10 0.833333333333
2 0.833333333333
1 0.833333333333
11 0.833333333333
2 0.833333333333
8 0.833333333333
2 0.833333333333
12 0.833333333333
11 0.833333333333
11 0.833333333333
6 0.833333333333
1 0.833333333333
9 0.833333333333
12 0.833333333333
8 0.833333333333
2 0.833333333333
11 0.833333333333
12 0.833333333333
11 0.833333333333
2 0.833333333333
11 0.833333333333
2 0.833333333333
3 0.833333333333
7 0.833333333333
1 0.833333333333
5 0.833333333333
7 0.833333333333
10 0.833333333333
7 0.833333333333
7 0.833333333333
10 0.833333333333
6 0.833333333333
2 0.833333333333
2 0.833333333333
8 0.833333333333
8 0.833333333333
4 0.833333333333
3 0.833333333333
2 0.833333333333
1 0.833333333333
8 0.833333333333
8 0.833333333333
4 0.833333333333
1 0.833333333333
1 0.833333333333
18 0.833333333333
94 0.833333333333
14 0.833333333333
1 0.833333333333
1 0.833333333333
20 0.833333333333
4 0.833333333333
1 0.833333333333
5 0.833333333333
4 0.833333333333
3 0.833333333333
1 0.833333333333
1 0.833333333333
29 0.833333333333
46 0.833333333333
1 0.833333333333
1 0.833333333333
16 0.833333333333
1 0.833333333333
15 0.833333333333
3 0.833333333333
2 0.833333333333
1 0.833333333333
1 0.833333333333
1 0.833333333333
1 0.833333333333
1 0.833333333333
1 0.833333333333
1 0.833333333333
3 0.833333333333
2 0.833333333333
417 0.833333333333
2 0.833333333333
1 0.833333333333
16 0.833333333333
1 0.833333333333
1 0.833333333333
1 0.833333333333
1 0.833333333333
4 0.833333333333
1 0.833333333333
1 0.833333333333
402 0.833333333333
1 0.833333333333
4 0.833333333333
1 0.833333333333
1 0.833333333333
1 0.833333333333
1 0.833333333333
1 0.833333333333
54 0.833333333333
8 0.833333333333
5 0.833333333333
20 0.833333333333
1 0.833333333333
6 0.833333333333
1 0.833333333333
