16 5 14 113600 0
5 2 6 30139 0
17 1 3 28275 0
13 13 26 130000 1
15 1 4 37774 0
20 4 12 95436 0
19 5 27 183906 0
10 6 20 100000 1
19 17 38 190000 1
2 0 0 0 0
11 14 22 110000 1
19 7 26 182737 0
12 1 2 18720 0
18 12 36 180000 1
17 4 14 113600 0
9 4 8 48859 0
3 2 6 30000 1
7 0 0 0 0
15 11 30 150000 1
20 5 14 113878 0
14 10 28 140000 1
2 4 4 20000 1
6 3 11 59360 0
12 1 3 28080 0
6 6 12 60000 1
12 0 0 0 0
8 10 16 80000 1
1 2 2 10000 1
6 6 12 60000 1
1 2 2 10000 1
21 4 12 96299 0
20 12 38 199054 0
19 11 38 190000 1
10 3 12 94880 0
16 5 15 123879 0
13 0 0 0 0
15 8 27 148943 0
12 10 24 120000 1
4 0 0 0 0
19 2 6 47440 0
8 4 12 77635 0
16 1 5 46995 0
12 14 24 120000 1
4 3 8 40000 1
21 10 28 202042 0
10 13 20 100000 1
15 11 30 150000 1
20 17 40 200000 1
9 4 12 86577 0
12 3 12 104073 0
7 1 3 28080 0
2 2 4 20000 1
10 5 20 100000 1
7 6 14 70000 1
16 7 21 153989 0
14 11 28 140000 1
18 16 36 180000 1
7 2 6 47440 0
21 17 42 210000 1
14 11 28 140000 1
19 5 13 104713 0
15 9 24 146689 0
5 1 6 47440 0
3 2 6 30000 1
19 9 38 190000 1
10 8 20 100000 1
13 2 8 66355 0
10 3 15 97273 0
18 13 36 180000 1
12 7 24 120000 1
5 2 6 47440 0
15 0 0 0 0
15 7 30 150000 1
3 1 2 18720 0
19 2 6 47913 0
21 0 0 0 0
12 1 5 46995 0
15 10 30 150000 1
21 0 0 0 0
18 14 36 180000 1
17 5 17 142236 0
11 6 22 110000 1
2 5 4 20000 1
19 12 38 190000 1
20 0 0 0 0
9 9 18 90000 1
19 3 9 76327 0
1 2 2 10000 1
17 3 8 66689 0
21 0 0 0 0
4 0 0 0 0
16 9 32 160000 1
14 10 28 140000 1
4 4 8 40000 1
10 6 20 100000 1
13 10 26 130000 1
12 5 15 114769 0
14 10 28 140000 1
11 3 9 75854 0
7 8 14 70000 1
1 0 0 0 0
15 12 30 150000 1
6 3 8 57635 0
3 2 6 30000 1
11 6 20 109110 0
5 5 10 50000 1
3 2 6 30000 1
4 2 6 38915 0
21 13 40 209054 0
14 10 28 140000 1
17 6 20 144295 0
