2 1.66666666667
6 1.66666666667
8 1.66666666667
3 1.66666666667
1 1.66666666667
7 1.66666666667
4 1.66666666667
2 1.66666666667
6 1.66666666667
8 1.66666666667
5 1.66666666667
4 2.22222222222
8 1.90476190476
2 1.66666666667
6 1.66666666667
3 1.66666666667
3 1.66666666667
4 1.66666666667
3 1.66666666667
2 1.66666666667
7 1.66666666667
6 1.66666666667
4 1.66666666667
8 1.66666666667
2 1.66666666667
2 1.66666666667
3 1.66666666667
4 1.66666666667
7 1.66666666667
2 1.66666666667
6 1.66666666667
7 1.66666666667
5 1.66666666667
6 1.66666666667
8 1.84314285714
8 1.90476190476
4 1.66666666667
7 1.66666666667
6 1.66666666667
7 1.66666666667
5 1.66666666667
3 1.66666666667
8 1.66666666667
3 1.66666666667
2 1.66666666667
8 1.66666666667
1 1.66666666667
1 1.66666666667
1 1.66666666667
7 1.66666666667
8 1.66666666667
3 1.66666666667
3 1.66666666667
4 1.66666666667
2 1.66666666667
1 1.66666666667
3 1.66666666667
2 1.66666666667
2 1.66666666667
5 1.66666666667
1 1.66666666667
2 1.66666666667
5 1.66666666667
4 1.66666666667
2 1.66666666667
8 1.90476190476
1 1.66666666667
6 1.66666666667
4 1.66666666667
3 1.66666666667
3 1.66666666667
1 1.66666666667
3 1.66666666667
4 1.66666666667
4 1.66666666667
5 1.66666666667
7 1.94444444444
4 1.66666666667
1 1.66666666667
7 1.66666666667
4 1.66666666667
1 1.66666666667
2 1.66666666667
6 1.66666666667
7 1.66666666667
4 1.66666666667
4 1.66666666667
1 1.66666666667
4 1.66666666667
1 1.66666666667
4 1.66666666667
7 1.66666666667
4 1.66666666667
7 1.66666666667
1 1.66666666667
2 1.66666666667
2 1.66666666667
5 1.66666666667
4 1.66666666667
7 1.94444444444
5 1.66666666667
4 1.66666666667
7 1.66666666667
1 1.66666666667
6 1.66666666667
4 1.66666666667
1 1.66666666667
7 1.82175
8 1.66666666667
2 1.66666666667
1 1.66666666667
3 1.66666666667
3 1.66666666667
1 1.66666666667
8 1.90476190476
5 1.66666666667
6 1.66666666667
6 1.66666666667
8 1.66666666667
27 1.8
36 2.06211904762
20 1.85185185185
11 1.66666666667
36 1.81818181818
37 1.86868686869
33 1.66666666667
27 1.66666666667
15 1.66666666667
35 1.66666666667
17 1.77083333333
