14 3 12 124851 0
11 2 9 93635 0
19 4 19 190000 1
19 7 19 190000 1
10 4 10 100000 1
7 2 7 70000 1
18 1 5 60548 0
18 0 0 0 0
10 2 10 100000 1
18 2 10 104483 0
12 6 12 120000 1
6 1 4 41969 0
18 7 18 180000 1
2 0 0 0 0
7 0 0 0 0
1 0 0 0 0
1 0 0 0 0
5 0 0 0 0
12 5 12 120000 1
15 8 15 150000 1
9 1 4 43821 0
18 3 15 158434 0
20 5 20 200000 1
21 13 21 210000 1
15 1 4 46403 0
7 3 7 70000 1
6 7 6 60000 1
19 1 6 70638 0
13 3 13 130000 1
2 2 2 20000 1
12 8 12 120000 1
19 3 14 149381 0
11 7 11 110000 1
2 1 2 20000 1
7 0 0 0 0
5 3 5 50000 1
17 16 17 170000 1
17 6 17 170000 1
20 1 8 95320 0
12 1 6 60324 0
20 4 20 200000 1
3 2 3 30000 1
15 2 9 99457 0
10 3 10 100000 1
4 1 4 40000 1
4 1 4 40000 1
6 3 6 60000 1
18 3 18 180000 1
10 4 10 100000 1
14 4 14 140000 1
1 0 0 0 0
4 0 0 0 0
12 10 12 120000 1
16 4 16 160000 1
18 1 4 45195 0
4 1 4 40000 1
19 10 19 190000 1
7 2 7 70000 1
10 1 5 53821 0
6 7 6 60000 1
3 0 0 0 0
11 8 11 110000 1
15 6 15 150000 1
7 3 7 70000 1
12 0 0 0 0
16 11 16 160000 1
20 4 16 166721 0
14 7 14 140000 1
21 12 21 210000 1
8 5 8 80000 1
13 0 0 0 0
6 4 6 60000 1
9 2 9 90000 1
7 0 0 0 0
1 0 0 0 0
17 3 12 134955 0
12 1 5 57412 0
8 1 6 66155 0
19 1 5 59797 0
12 1 8 86452 0
10 3 10 100000 1
8 1 3 33821 0
8 7 8 80000 1
6 3 6 60000 1
13 0 0 0 0
17 6 17 170000 1
15 1 6 66614 0
2 1 2 20000 1
12 0 0 0 0
18 0 0 0 0
14 1 4 47164 0
2 1 2 20000 1
8 1 5 54731 0
2 1 2 20000 1
13 4 13 130000 1
10 2 10 100000 1
10 8 10 100000 1
17 13 17 170000 1
14 9 14 140000 1
20 10 20 200000 1
2 2 2 20000 1
18 5 18 180000 1
1 1 1 10000 1
10 0 0 0 0
1 0 0 0 0
