1 1.35135135135
5 1.68918918919
2 1.35135135135
6 1.62162162162
8 1.35135135135
5 1.35135135135
6 1.35135135135
3 2.02702702703
1 1.35135135135
4 1.8018018018
8 2.16216216216
4 1.35135135135
7 1.35135135135
1 1.35135135135
2 1.35135135135
8 1.5444015444
4 1.8018018018
2 1.35135135135
1 1.35135135135
4 1.8018018018
3 1.35135135135
5 1.35135135135
7 1.89189189189
7 1.57657657658
7 1.35135135135
3 1.35135135135
7 1.89189189189
1 1.35135135135
4 1.35135135135
7 1.35135135135
3 1.35135135135
5 1.35135135135
3 2.02702702703
2 1.35135135135
1 1.35135135135
5 1.35135135135
3 1.35135135135
8 1.35135135135
2 1.35135135135
6 1.35135135135
3 2.02702702703
4 1.35135135135
2 1.35135135135
8 1.5444015444
2 1.35135135135
5 1.35135135135
6 1.62162162162
6 1.62162162162
3 1.35135135135
7 1.57657657658
3 1.35135135135
6 1.35135135135
4 1.35135135135
2 1.35135135135
3 1.35135135135
7 1.57657657658
8 1.35135135135
6 1.62162162162
2 1.35135135135
5 1.35135135135
5 1.68918918919
4 1.35135135135
2 1.35135135135
1 1.35135135135
8 1.35135135135
2 1.35135135135
8 1.35135135135
5 1.35135135135
5 1.68918918919
6 1.35135135135
7 1.89189189189
6 1.62162162162
3 1.35135135135
3 1.35135135135
6 1.62162162162
4 1.8018018018
2 1.35135135135
8 2.16216216216
5 1.68918918919
7 1.57657657658
7 1.35135135135
7 1.57657657658
3 1.35135135135
7 1.89189189189
3 1.35135135135
6 1.35135135135
5 1.35135135135
1 1.35135135135
1 1.35135135135
8 1.35135135135
1 1.35135135135
3 1.35135135135
7 1.57657657658
6 1.35135135135
4 1.35135135135
2 1.35135135135
1 1.35135135135
4 1.35135135135
4 1.8018018018
2 1.35135135135
2 1.35135135135
7 1.57657657658
8 1.8018018018
2 1.35135135135
6 1.35135135135
8 2.16216216216
4 1.35135135135
2 1.35135135135
7 1.89189189189
7 1.89189189189
1 1.35135135135
6 2.02702702703
3 1.35135135135
7 1.57657657658
6 1.35135135135
8 1.35135135135
3 2.02702702703
6 1.62162162162
3 1.35135135135
7 1.57657657658
34 1.35135135135
9 1.52027027027
16 2.08636486486
36 1.8018018018
27 1.35135135135
18 1.8711018711
37 1.35135135135
32 1.35135135135
24 2.7371007371
24 1.35135135135
15 1.68918918919
10 1.35135135135
