6 9 170 29943 0
6 26 293 60000 1
2 12 249 20000 1
3 1 17 2196 0
6 8 228 38227 0
1 18 183 9520 0
5 15 174 24549 0
8 19 318 64255 0
4 5 66 7560 0
1 9 102 5635 0
5 17 244 50000 1
3 19 239 30000 1
4 15 209 24562 0
3 11 114 12553 0
3 27 217 30000 1
6 11 181 37569 0
4 6 95 16459 0
7 26 382 70000 1
5 12 212 41016 0
5 16 216 27817 0
1 18 201 10000 1
5 9 141 17414 0
5 2 62 11794 0
4 32 365 40000 1
4 1 24 4583 0
4 17 196 28227 0
5 19 330 46293 0
3 2 60 7484 0
7 31 428 70000 1
2 26 230 17949 0
5 25 390 50000 1
5 20 310 50000 1
5 4 61 15645 0
6 33 277 60000 1
5 3 82 15495 0
2 2 37 3933 0
6 7 145 32802 0
3 19 292 30000 1
2 2 40 4285 0
2 18 243 20000 1
8 15 244 53138 0
1 21 216 9513 0
1 20 170 10000 1
2 24 232 17578 0
7 10 256 51133 0
3 10 126 14633 0
7 18 253 41490 0
5 1 20 3634 0
6 14 175 22304 0
2 16 211 16956 0
6 13 239 46399 0
7 6 119 23424 0
1 19 200 10000 1
5 29 314 50000 1
7 29 377 70000 1
8 10 137 27466 0
3 12 140 13556 0
3 35 289 30000 1
1 23 209 10000 1
1 9 94 5661 0
2 3 42 4227 0
2 26 221 20000 1
1 23 222 10000 1
2 49 235 20000 1
5 27 293 50000 1
5 31 274 50000 1
4 25 265 40000 1
3 19 258 30000 1
1 5 82 5255 0
2 23 223 16418 0
7 20 281 45848 0
1 1 14 783 0
2 14 193 17765 0
3 10 123 12564 0
2 17 228 20000 1
7 29 400 70000 1
6 13 261 38249 0
5 22 369 50000 1
2 14 150 11105 0
7 25 418 70000 1
3 15 172 17693 0
1 30 191 10000 1
5 12 296 50000 1
1 18 189 10000 1
5 2 31 8796 0
1 20 170 7795 0
2 35 255 20000 1
3 6 124 15234 0
4 17 260 40000 1
2 26 261 20000 1
2 3 70 6229 0
6 28 286 60000 1
6 7 111 24630 0
1 11 147 8731 0
5 31 334 50000 1
6 19 419 60000 1
4 43 323 40000 1
1 24 203 10000 1
22 24 968 220000 1
13 13 489 130000 1
37 1 39 27809 0
17 8 175 59448 0
36 13 983 360000 1
13 23 527 130000 1
35 11 266 60114 0
10 9 226 49599 0
12 55 583 120000 1
