3 0.789473684211
10 1.12612612613
7 1.4
6 1.21951219512
5 0.961538461538
8 0.921658986175
6 1.0
6 1.2
11 1.36138613861
6 1.20967741935
5 0.932835820896
5 1.60256410256
6 1.21951219512
9 1.19680851064
4 1.05263157895
5 1.0593220339
8 1.78571428571
12 1.62162162162
6 0.925925925926
12 1.20967741935
8 1.17647058824
8 1.48148148148
12 1.6393442623
7 1.43442622951
12 1.71428571429
9 1.15384615385
6 1.25
6 1.29310344828
2 0.684931506849
1 0.352112676056
1 0.342465753425
4 0.699300699301
5 0.919117647059
7 1.10062893082
9 1.28571428571
10 1.89393939394
5 0.94696969697
3 0.735294117647
13 1.99386503067
5 1.10619469027
7 0.977653631285
7 1.25
13 1.51162790698
6 1.2
8 1.11731843575
2 0.666666666667
7 1.28676470588
6 1.02739726027
4 1.17647058824
9 1.57342657343
9 1.32352941176
6 1.04166666667
1 0.36231884058
2 0.574712643678
2 0.649350649351
5 1.0775862069
7 1.45833333333
5 1.0593220339
10 1.06382978723
5 0.984251968504
2 0.704225352113
9 1.90677966102
2 0.49504950495
10 1.82481751825
4 0.704225352113
4 1.0101010101
12 1.38888888889
3 0.714285714286
4 0.862068965517
8 1.04166666667
6 1.48514851485
9 1.5306122449
12 2.30769230769
6 1.19047619048
2 0.568181818182
5 0.786163522013
5 0.850340136054
3 0.797872340426
13 1.25
4 0.77519379845
10 1.16279069767
7 1.42276422764
5 0.968992248062
5 1.13636363636
10 1.21951219512
3 0.872093023256
12 0.990099009901
4 0.8
2 0.602409638554
9 1.71755725191
9 1.71755725191
5 1.0775862069
13 2.40740740741
3 0.742574257426
2 0.675675675676
12 1.41509433962
11 1.45502645503
9 1.28571428571
6 1.28205128205
5 1.00806451613
12 1.5625
13 1.07260726073
10 1.5625
3 0.6
9 1.05140186916
8 1.36054421769
5 1.23762376238
3 0.675675675676
12 1.10294117647
5 1.05042016807
9 1.70454545455
4 0.877192982456
11 1.06589147287
12 1.33928571429
13 1.82584269663
5 1.0775862069
7 1.76767676768
2 0.549450549451
8 1.25
13 1.58536585366
4 1.13636363636
10 1.4450867052
7 1.16666666667
9 1.09756097561
3 0.75
11 1.52777777778
12 1.6393442623
3 0.635593220339
8 1.11731843575
9 1.65441176471
7 1.15131578947
11 1.72955974843
62 1.41941391941
6 1.23966942149
1 0.290697674419
1 0.403225806452
1 0.409836065574
1 0.367647058824
35 1.50085763293
3 0.735294117647
28 2.3102310231
157 2.41389913899
8 1.16959064327
1 0.378787878788
13 1.8156424581
1 0.333333333333
64 2.06451612903
53 1.70089858793
1 0.328947368421
1 0.36231884058
1 0.378787878788
1 0.357142857143
1 0.390625
1 0.357142857143
1 0.320512820513
1 0.390625
75 1.6261925412
126 3.61653272101
1 0.30487804878
11 1.57142857143
2 0.625
99 1.99757869249
113 4.74789915966
3 1.02739726027
21 2.05882352941
1 0.36231884058
310 2.26145316603
1 0.316455696203
91 2.69869513642
1 0.357142857143
35 1.71568627451
2 0.675675675676
122 2.90199809705
1 0.378787878788
1 0.390625
1 0.342465753425
5 1.0162601626
1 0.290697674419
1 0.3125
8 1.44927536232
1 0.337837837838
15 1.27118644068
1 0.390625
32 2.22841225627
1 0.337837837838
2 0.675675675676
2 0.568181818182
351 2.82154340836
