1 3 65 5282 0
4 5 137 36833 0
4 25 179 40000 1
6 30 180 60000 1
1 20 117 10000 1
2 14 132 20000 1
6 21 217 60000 1
1 28 108 10000 1
2 12 146 20000 1
2 1 23 4208 0
8 19 307 80000 1
6 15 198 60000 1
3 4 76 18144 0
7 16 194 70000 1
8 21 246 80000 1
7 16 247 70000 1
5 17 180 50000 1
3 10 167 29155 0
2 3 58 9639 0
6 4 102 25477 0
8 27 263 80000 1
1 1 15 879 0
3 32 206 30000 1
6 4 104 33691 0
7 17 241 70000 1
2 1 24 3298 0
2 11 136 20000 1
3 2 48 13170 0
2 7 114 17696 0
3 12 173 30000 1
8 1 27 9584 0
7 20 269 70000 1
1 23 150 10000 1
1 15 125 10000 1
6 15 214 60000 1
7 1 35 14739 0
4 9 160 40000 1
5 4 165 43731 0
1 25 157 10000 1
7 7 153 53750 0
8 14 241 80000 1
7 18 256 70000 1
6 32 224 60000 1
8 18 271 80000 1
8 19 283 80000 1
2 8 139 20000 1
3 3 85 17954 0
4 7 186 40000 1
2 19 164 20000 1
4 10 170 40000 1
4 16 190 40000 1
2 44 164 20000 1
2 19 143 20000 1
1 16 133 10000 1
6 12 188 60000 1
7 21 348 70000 1
3 3 54 12060 0
2 5 65 10485 0
4 18 231 40000 1
3 12 150 30000 1
5 17 171 50000 1
5 2 75 24927 0
1 3 78 6036 0
2 20 174 20000 1
5 21 186 50000 1
8 20 226 80000 1
3 20 169 30000 1
7 13 267 70000 1
6 28 222 60000 1
2 10 149 20000 1
6 3 66 26468 0
5 23 204 50000 1
5 7 167 50000 1
6 2 68 24032 0
3 3 59 12702 0
4 18 161 40000 1
6 28 194 60000 1
7 20 255 70000 1
2 6 78 12381 0
5 9 156 50000 1
1 28 109 10000 1
7 6 193 70000 1
4 14 226 40000 1
6 5 133 43102 0
2 9 172 20000 1
4 25 161 40000 1
4 11 195 40000 1
3 15 147 30000 1
7 22 237 70000 1
1 7 113 6441 0
6 9 187 60000 1
1 11 109 10000 1
15 27 367 150000 1
7 17 282 70000 1
19 14 452 190000 1
19 13 418 190000 1
19 23 495 190000 1
32 70 885 320000 1
34 22 792 340000 1
35 19 801 350000 1
29 9 422 290000 1
30 4 131 67929 0
33 4 287 185251 0
14 15 398 140000 1
