1 0.14510989011
4 0.48009645464
4 0.399042298484
6 0.595238095238
1 0.152625152625
2 0.270562770563
6 0.493745885451
1 0.165343915344
2 0.244618395303
2 0.326708074534
8 0.46533271289
6 0.541125541126
3 0.426315789474
7 0.644329896907
8 0.580720092915
7 0.506072874494
5 0.496031746032
3 0.311751497006
2 0.296767241379
6 0.446025910364
8 0.543183052689
1 0.104642857143
3 0.260055478502
6 0.578485576923
7 0.51867219917
2 0.245386904762
2 0.262605042017
3 0.489955357143
2 0.277192982456
3 0.309661436829
8 0.633862433862
7 0.46468401487
1 0.119047619048
1 0.142857142857
6 0.500667556742
7 0.751989795918
4 0.446428571429
5 0.473279220779
1 0.113739763421
7 0.62733426704
8 0.592768227623
7 0.48828125
6 0.478316326531
8 0.527148128624
8 0.504795557799
2 0.256937307297
3 0.37718487395
4 0.384024577573
2 0.217770034843
4 0.420168067227
4 0.375939849624
2 0.217770034843
2 0.24975024975
1 0.134264232009
6 0.56990881459
7 0.359195402299
3 0.39880952381
2 0.288049450549
4 0.309214594929
3 0.357142857143
5 0.522138680033
5 0.5935
1 0.138186813187
2 0.205254515599
5 0.480030721966
8 0.63211125158
3 0.316990701606
7 0.468164794007
6 0.482625482625
2 0.239693192713
6 0.716125541126
5 0.437675070028
5 0.534644995723
6 0.631092436975
3 0.384443099274
4 0.443655723159
6 0.552282768778
7 0.490196078431
2 0.283447802198
5 0.572344322344
1 0.163826998689
7 0.647668393782
4 0.31605562579
6 0.578705692803
2 0.207641196013
4 0.443655723159
4 0.3663003663
3 0.36443148688
7 0.527426160338
1 0.101785714286
6 0.572956455309
1 0.163826998689
15 0.729855975088
7 0.443262411348
19 0.750632111252
19 0.811688311688
19 0.685425685426
32 0.645682001614
34 0.766594516595
35 0.780274656679
29 1.22714962762
30 0.92596782988
33 1.15263190642
14 0.628140703518
