9 0 0 0 0
4 9 79 40000 1
10 6 92 100000 1
10 31 115 100000 1
3 7 62 30000 1
14 5 102 140000 1
16 4 100 160000 1
13 17 115 130000 1
6 0 0 0 0
3 23 58 30000 1
16 20 175 160000 1
7 11 77 70000 1
3 21 76 30000 1
9 35 155 90000 1
19 26 231 190000 1
8 9 96 80000 1
1 6 53 10000 1
9 35 110 90000 1
3 14 65 30000 1
19 36 345 190000 1
14 16 197 140000 1
12 15 185 120000 1
20 9 205 200000 1
19 18 170 190000 1
5 13 85 50000 1
2 19 53 20000 1
19 3 86 190000 1
20 3 66 150634 0
4 10 72 40000 1
18 28 186 180000 1
10 3 60 100000 1
4 9 79 40000 1
18 16 242 180000 1
15 18 223 150000 1
21 13 198 210000 1
6 15 74 60000 1
16 12 220 160000 1
2 0 0 0 0
9 6 107 90000 1
3 14 55 30000 1
13 4 85 130000 1
4 17 80 40000 1
4 8 74 40000 1
9 19 107 90000 1
3 1 24 12767 0
1 14 64 10000 1
8 18 103 80000 1
17 35 229 170000 1
2 7 52 20000 1
16 36 248 160000 1
10 3 52 80862 0
15 19 143 150000 1
17 39 215 170000 1
18 24 318 180000 1
8 18 108 80000 1
1 10 56 10000 1
9 17 148 90000 1
19 1 42 109508 0
2 13 60 20000 1
11 1 31 56625 0
10 25 182 100000 1
5 5 58 50000 1
18 32 385 180000 1
17 4 92 170000 1
21 11 208 210000 1
6 3 51 60000 1
8 24 108 80000 1
21 10 115 210000 1
12 20 157 120000 1
21 2 68 183828 0
16 14 145 160000 1
21 3 90 210000 1
12 8 98 120000 1
15 20 113 150000 1
10 19 115 100000 1
13 29 179 130000 1
8 5 70 80000 1
15 7 131 150000 1
12 12 128 120000 1
17 9 155 170000 1
20 12 180 200000 1
19 10 207 190000 1
21 6 152 210000 1
17 8 136 170000 1
8 1 26 33757 0
7 14 126 70000 1
20 23 212 200000 1
20 16 157 200000 1
18 26 331 180000 1
3 15 75 30000 1
11 5 82 110000 1
20 30 236 200000 1
10 4 72 100000 1
15 4 89 150000 1
