8 0.586854460094
6 0.532670454545
5 0.308794466403
7 0.70249115566
7 0.434027777778
1 0.0988924050633
3 0.254755434783
4 0.345303867403
6 0.676490384615
8 0.415282392027
2 0.238549618321
4 0.400641025641
5 0.31375502008
3 0.489409722222
5 0.48225308642
7 0.367030201342
8 0.980786401099
2 0.187125748503
7 0.560897435897
6 0.459558823529
6 0.461822660099
7 0.679347826087
2 0.218531468531
6 0.459558823529
2 0.204248366013
1 0.0995222929936
7 0.504032258065
3 0.339673913043
5 0.424564393939
2 0.224820143885
8 0.398089171975
8 0.385802469136
1 0.11927480916
2 0.206953642384
4 0.345303867403
6 0.457317073171
1 0.108506944444
6 0.385802469136
4 0.490424679487
4 0.33422459893
6 0.31146179402
5 0.666183035714
1 0.114889705882
1 0.101461038961
7 0.444613821138
6 0.444312796209
4 0.284090909091
7 0.578703703704
6 0.597133757962
7 0.538793103448
2 0.188253012048
4 0.357142857143
1 0.1220703125
1 0.137061403509
2 0.206953642384
6 0.698943865741
1 0.15943877551
6 0.418526785714
4 0.427276400862
3 0.253378378378
2 0.187125748503
2 0.196540880503
1 0.13064516129
2 0.240384615385
7 0.544154228856
8 0.818485383065
5 0.42002688172
6 0.473484848485
4 0.32722513089
4 0.325520833333
1 0.15530873494
1 0.114889705882
3 0.359510869565
6 0.331272084806
5 0.443892045455
7 0.523325358852
3 0.279017857143
8 0.753012048193
1 0.129640151515
1 0.118371212121
2 0.240384615385
3 0.393907563025
2 0.209731543624
5 0.535102739726
7 0.569661458333
6 0.44014084507
3 0.266335227273
7 0.375859106529
7 0.473484848485
1 0.108506944444
5 0.429258241758
7 0.450102880658
7 0.581781914894
4 0.363372093023
7 0.420985772358
7 0.638316761364
3 0.309536637931
5 0.47637195122
2 0.233208955224
1 0.148219936709
1 0.138274336283
6 0.459558823529
1 0.118371212121
2 0.25
2 0.20183423913
8 0.565610859729
4 0.310945273632
4 0.480282738095
2 0.233208955224
2 0.199044585987
3 0.254755434783
8 0.541010123239
4 0.330687830688
4 0.372023809524
2 0.25406504065
7 0.558035714286
1 0.15119047619
5 0.52432885906
1 0.114051094891
28 0.770246478873
8 0.425170068027
23 1.2348205062
28 1.00806451613
39 0.631476683938
28 0.750428816467
12 0.466417910448
20 1.10035211268
25 0.895928899083
32 1.1961722488
32 0.980392156863
