6 8 148 29600 0
4 26 200 40000 1
7 4 77 15400 0
1 4 38 7600 0
2 8 86 17200 0
4 27 200 40000 1
4 1 34 6800 0
3 17 150 30000 1
7 25 350 70000 1
6 1 15 3000 0
3 19 150 30000 1
6 28 300 60000 1
9 5 164 32800 0
4 23 200 40000 1
7 9 158 31600 0
8 14 216 43200 0
2 9 86 17200 0
2 7 77 15400 0
7 13 350 70000 1
1 4 39 7800 0
9 1 23 4600 0
8 7 198 39600 0
8 16 400 80000 1
2 0 0 0 0
4 17 200 40000 1
2 6 100 20000 1
7 0 0 0 0
2 0 0 0 0
2 16 100 20000 1
7 17 350 70000 1
5 5 120 24000 0
7 3 54 10800 0
1 2 24 4800 0
3 8 109 21800 0
7 12 282 56400 0
2 9 100 20000 1
4 9 200 40000 1
4 20 200 40000 1
2 16 100 20000 1
5 1 13 2600 0
4 3 68 13600 0
8 0 0 0 0
7 22 350 70000 1
2 5 57 11400 0
8 12 400 80000 1
4 16 200 40000 1
1 1 15 3000 0
3 17 150 30000 1
3 15 150 30000 1
8 25 400 80000 1
4 0 0 0 0
7 12 150 30000 0
8 21 400 80000 1
7 13 350 70000 1
4 1 25 5000 0
2 2 24 4800 0
4 25 200 40000 1
4 5 82 16400 0
6 2 39 7800 0
2 13 100 20000 1
4 4 81 16200 0
3 9 123 24600 0
7 8 220 44000 0
6 17 300 60000 1
4 15 200 40000 1
3 2 62 12400 0
9 11 358 71600 0
3 6 143 28600 0
4 15 200 40000 1
4 0 0 0 0
4 16 200 40000 1
7 19 350 70000 1
4 16 200 40000 1
2 0 0 0 0
6 13 284 56800 0
7 1 25 5000 0
7 12 313 62600 0
3 3 61 12200 0
4 2 45 9000 0
6 13 262 52400 0
8 12 388 77600 0
2 3 50 10000 0
4 10 74 14800 0
5 9 184 36800 0
7 2 64 12800 0
6 9 300 60000 1
5 22 250 50000 1
5 15 250 50000 1
1 4 42 8400 0
1 8 50 10000 1
7 9 320 64000 0
6 0 0 0 0
4 6 165 33000 0
1 4 29 5800 0
2 0 0 0 0
2 3 57 11400 0
6 33 300 60000 1
6 0 0 0 0
