1 1.33333333333
2 1.33333333333
3 1.33333333333
7 1.33333333333
4 1.33333333333
7 1.33333333333
1 1.33333333333
4 1.33333333333
3 1.33333333333
5 1.33333333333
7 1.33333333333
4 1.33333333333
3 1.33333333333
2 1.33333333333
2 1.33333333333
1 1.33333333333
5 1.33333333333
5 1.33333333333
6 1.33333333333
3 1.33333333333
5 1.33333333333
8 1.33333333333
5 1.33333333333
2 1.33333333333
3 1.33333333333
4 1.33333333333
3 1.33333333333
4 1.33333333333
3 1.33333333333
3 1.33333333333
1 1.33333333333
5 1.33333333333
6 1.33333333333
5 1.33333333333
2 1.33333333333
7 1.33333333333
6 1.33333333333
1 1.33333333333
6 1.33333333333
1 1.33333333333
3 1.33333333333
7 1.33333333333
6 1.33333333333
6 1.33333333333
7 1.33333333333
7 1.33333333333
5 1.33333333333
2 1.33333333333
3 1.33333333333
4 1.33333333333
6 1.33333333333
7 1.33333333333
7 1.33333333333
4 1.33333333333
4 1.33333333333
8 1.33333333333
3 1.33333333333
6 1.33333333333
8 1.33333333333
4 1.33333333333
1 1.33333333333
3 1.33333333333
2 1.33333333333
5 1.33333333333
3 1.33333333333
3 1.33333333333
7 1.33333333333
1 1.33333333333
4 1.33333333333
5 1.33333333333
8 1.33333333333
6 1.33333333333
6 1.33333333333
6 1.33333333333
2 1.33333333333
5 1.33333333333
4 1.33333333333
1 1.33333333333
6 1.33333333333
4 1.33333333333
7 1.33333333333
4 1.33333333333
7 1.33333333333
1 1.33333333333
1 1.33333333333
5 1.33333333333
5 1.33333333333
4 1.33333333333
8 1.33333333333
1 1.33333333333
5 1.33333333333
7 1.33333333333
2 1.33333333333
8 1.33333333333
5 1.33333333333
8 1.33333333333
2 1.33333333333
6 1.33333333333
6 1.33333333333
7 1.33333333333
6 1.33333333333
8 1.33333333333
6 1.33333333333
8 1.33333333333
3 1.33333333333
4 1.33333333333
3 1.33333333333
1 1.33333333333
4 1.33333333333
4 1.33333333333
7 1.33333333333
2 1.33333333333
1 1.33333333333
1 1.33333333333
3 1.33333333333
8 1.33333333333
3 1.33333333333
6 1.33333333333
3 1.33333333333
4 1.33333333333
1 1.33333333333
4 1.33333333333
6 1.33333333333
6 1.33333333333
5 1.33333333333
4 1.33333333333
6 1.33333333333
6 1.33333333333
3 1.33333333333
4 1.33333333333
2 1.33333333333
13 1.33333333333
21 1.33333333333
21 1.33333333333
27 1.33333333333
22 1.33333333333
29 1.33333333333
