6 16 252 60000 1
3 2 42 10080 0
2 15 84 20000 1
8 3 93 22240 0
3 2 55 13200 0
5 12 210 50000 1
5 3 99 23680 0
7 17 294 70000 1
2 2 54 12960 0
4 4 108 25840 0
7 2 63 15040 0
2 9 84 20000 1
4 8 168 40000 1
6 6 252 60000 1
6 5 224 53440 0
3 5 126 30000 1
1 0 0 0 0
5 6 210 50000 1
6 5 187 44640 0
1 0 0 0 0
2 2 37 8880 0
4 6 102 24400 0
7 7 272 64880 0
1 4 42 10000 1
7 0 0 0 0
5 10 210 50000 1
6 17 252 60000 1
7 13 294 70000 1
4 1 21 5040 0
3 3 121 28880 0
7 5 200 47680 0
2 5 84 20000 1
6 3 178 42480 0
5 13 210 50000 1
4 13 168 40000 1
1 0 0 0 0
6 2 82 19600 0
4 3 107 25600 0
6 5 137 32720 0
8 3 157 37440 0
7 7 294 70000 1
2 4 84 20000 1
6 0 0 0 0
2 10 84 20000 1
7 12 294 70000 1
7 11 294 70000 1
8 5 336 80000 1
3 11 126 30000 1
2 1 25 6000 0
7 6 251 59840 0
4 4 164 39120 0
4 8 168 40000 1
7 8 259 61760 0
8 3 168 40160 0
4 3 148 35360 0
6 0 0 0 0
7 4 93 22240 0
2 2 57 13600 0
2 1 29 6960 0
5 0 0 0 0
4 10 168 40000 1
8 4 200 47760 0
5 10 210 50000 1
6 2 84 20080 0
5 0 0 0 0
3 1 40 9600 0
9 13 378 90000 1
2 1 21 5040 0
2 1 25 6000 0
1 11 42 10000 1
2 3 70 16720 0
4 14 168 40000 1
1 4 42 10000 1
4 10 168 40000 1
5 15 210 50000 1
5 17 210 50000 1
3 6 126 30000 1
4 7 168 40000 1
4 0 0 0 0
6 17 252 60000 1
5 0 0 0 0
3 12 126 30000 1
8 8 336 80000 1
6 7 252 60000 1
1 0 0 0 0
2 9 84 20000 1
2 3 56 13360 0
2 3 69 16480 0
8 2 130 31120 0
