5 1.19047619048
4 1.19047619048
2 1.19511599512
4 1.19047619048
4 1.2
6 1.2
2 1.19047619048
7 1.19047619048
3 1.2
7 1.2
6 1.19047619048
2 1.19047619048
8 1.19354317998
3 1.2
1 1.19047619048
4 1.19047619048
6 1.2
5 1.2
2 1.2
2 1.19047619048
6 1.19047619048
5 1.2
4 1.19047619048
1 1.19047619048
2 1.19498746867
6 1.2
6 1.19047619048
1 1.19047619048
5 1.1917184265
6 1.2
3 1.19047619048
8 1.19047619048
4 1.19047619048
2 1.19047619048
5 1.19047619048
4 1.1943977591
8 1.19640610961
6 1.19047619048
1 1.19047619048
5 1.2
1 1.19047619048
3 1.19047619048
7 1.19047619048
2 1.2
6 1.19047619048
1 1.19047619048
5 1.2
2 1.19047619048
4 1.19047619048
6 1.19047619048
2 1.19047619048
3 1.2
5 1.19047619048
2 1.19047619048
1 1.19047619048
3 1.2
8 1.19523809524
5 1.19047619048
3 1.19047619048
5 1.19047619048
3 1.19047619048
6 1.2
4 1.2
8 1.19585921325
7 1.19047619048
7 1.19478147423
2 1.2
6 1.19365079365
7 1.19047619048
2 1.2
5 1.19047619048
2 1.19047619048
7 1.19047619048
3 1.2
3 1.19047619048
5 1.19047619048
5 1.2
4 1.19047619048
6 1.19227799228
1 1.19047619048
5 1.19047619048
6 1.19047619048
2 1.19047619048
7 1.19047619048
5 1.19319727891
5 1.19047619048
2 1.19047619048
6 1.19047619048
7 1.19047619048
5 1.19385560676
8 1.19238095238
3 1.19511599512
5 1.19047619048
8 1.19422799423
2 1.19047619048
7 1.19511599512
1 1.19047619048
6 1.2
1 1.19047619048
2 1.19047619048
1 1.19047619048
1 1.19047619048
2 1.19047619048
1 1.2
6 1.19633699634
4 1.19047619048
3 1.2
6 1.1968774395
6 1.19047619048
3 1.19047619048
2 1.19047619048
5 1.19047619048
1 1.19047619048
8 1.19047619048
6 1.19047619048
6 1.19047619048
5 1.2
2 1.19047619048
31 1.19047619048
12 1.19047619048
29 1.19711399711
15 1.19333999334
10 1.19647266314
30 1.19047619048
14 1.1943977591
21 1.1934318555
36 1.19047619048
32 1.19557032115
16 1.19535423926
30 1.2
