3 3 102 30000 1
3 5 102 30000 1
6 4 180 53200 0
2 4 68 20000 1
8 4 207 61300 0
7 1 51 15300 0
3 0 0 0 0
7 0 0 0 0
5 6 170 50000 1
6 0 0 0 0
6 9 204 60000 1
1 2 34 10000 1
2 5 68 20000 1
4 6 136 40000 1
7 0 0 0 0
1 0 0 0 0
1 5 34 10000 1
5 4 170 50000 1
6 9 204 60000 1
6 0 0 0 0
1 4 34 10000 1
3 2 102 30000 1
6 8 204 60000 1
5 9 170 50000 1
4 9 136 40000 1
1 4 34 10000 1
6 2 139 41100 0
7 1 34 10200 0
1 2 34 10000 1
4 9 136 40000 1
5 5 170 50000 1
3 0 0 0 0
6 2 190 56000 0
2 0 0 0 0
3 3 102 30000 1
9 0 0 0 0
5 0 0 0 0
8 9 272 80000 1
7 6 238 70000 1
4 0 0 0 0
1 1 34 10000 1
4 5 136 40000 1
2 1 59 17500 0
1 4 34 10000 1
3 0 0 0 0
5 7 170 50000 1
2 0 0 0 0
4 0 0 0 0
7 3 228 67200 0
7 2 151 44700 0
7 1 50 15000 0
6 9 204 60000 1
6 4 204 60000 1
2 6 68 20000 1
8 7 272 80000 1
4 2 136 40000 1
9 3 160 47600 0
1 1 34 10000 1
4 2 135 39900 0
9 2 86 25600 0
8 2 153 45100 0
3 0 0 0 0
6 6 204 60000 1
1 1 25 7500 0
7 0 0 0 0
8 2 142 42200 0
5 6 170 50000 1
4 1 80 23800 0
1 1 29 8700 0
7 2 109 32300 0
5 9 170 50000 1
5 6 170 50000 1
8 5 272 80000 1
1 4 34 10000 1
3 3 102 30000 1
1 2 34 10000 1
5 8 170 50000 1
5 0 0 0 0
6 4 168 49800 0
1 0 0 0 0
4 9 136 40000 1
3 8 102 30000 1
4 0 0 0 0
1 2 34 10000 1
3 2 102 30000 1
2 1 52 15400 0
7 5 238 70000 1
