4 0.980392156863
4 0.980392156863
10 0.980392156863
8 0.980392156863
5 0.980392156863
1 0.980392156863
6 0.980392156863
9 0.980392156863
3 0.980392156863
5 0.980392156863
2 0.980392156863
8 0.980392156863
9 0.980392156863
1 0.980392156863
3 0.980392156863
7 0.980392156863
9 0.980392156863
3 0.980392156863
7 0.980392156863
9 0.980392156863
3 0.980392156863
3 0.980392156863
2 0.980392156863
7 0.980392156863
1 0.980392156863
8 0.980392156863
3 0.980392156863
4 0.980392156863
3 0.980392156863
8 0.980392156863
3 0.980392156863
6 0.980392156863
9 0.980392156863
3 0.980392156863
2 0.980392156863
10 0.980392156863
7 0.980392156863
8 0.980392156863
6 0.980392156863
1 0.980392156863
9 0.980392156863
9 0.980392156863
4 0.980392156863
5 0.980392156863
3 0.980392156863
2 0.980392156863
8 0.980392156863
4 0.980392156863
6 0.980392156863
2 0.980392156863
1 0.980392156863
2 0.980392156863
6 0.980392156863
7 0.980392156863
4 0.980392156863
9 0.980392156863
1 0.980392156863
9 0.980392156863
7 0.980392156863
1 0.980392156863
6 0.980392156863
9 0.980392156863
4 0.980392156863
5 0.980392156863
3 0.980392156863
5 0.980392156863
3 0.980392156863
2 0.980392156863
7 0.980392156863
1 0.980392156863
5 0.980392156863
9 0.980392156863
9 0.980392156863
7 0.980392156863
7 0.980392156863
8 0.980392156863
4 0.980392156863
7 0.980392156863
3 0.980392156863
4 0.980392156863
3 0.980392156863
8 0.980392156863
8 0.980392156863
1 0.980392156863
6 0.980392156863
7 0.980392156863
8 0.980392156863
8 0.980392156863
1 0.980392156863
5 0.980392156863
1 0.980392156863
3 0.980392156863
7 0.980392156863
2 0.980392156863
2 0.980392156863
9 0.980392156863
3 0.980392156863
6 0.980392156863
2 0.980392156863
4 0.980392156863
4 0.980392156863
2 0.980392156863
2 0.980392156863
3 0.980392156863
4 0.980392156863
4 0.980392156863
1 0.980392156863
7 0.980392156863
6 0.980392156863
1 0.980392156863
234 0.980392156863
77 0.980392156863
1 0.980392156863
203 0.980392156863
8 0.980392156863
69 0.980392156863
16 0.980392156863
8 0.980392156863
7 0.980392156863
1 0.980392156863
1 0.980392156863
30 0.980392156863
297 0.980392156863
6 0.980392156863
62 0.980392156863
21 0.980392156863
1 0.980392156863
15 0.980392156863
1 0.980392156863
1 0.980392156863
4 0.980392156863
1 0.980392156863
1 0.980392156863
15 0.980392156863
1 0.980392156863
1 0.980392156863
1 0.980392156863
1 0.980392156863
1 0.980392156863
4 0.980392156863
1 0.980392156863
1 0.980392156863
153 0.980392156863
1 0.980392156863
184 0.980392156863
37 0.980392156863
70 0.980392156863
2 0.980392156863
1 0.980392156863
1 0.980392156863
11 0.980392156863
2 0.980392156863
73 0.980392156863
1 0.980392156863
13 0.980392156863
2 0.980392156863
1 0.980392156863
