4 2 8 40000 1
4 1 4 24000 0
6 1 4 24000 0
5 1 5 30000 0
5 1 3 18000 0
1 2 2 10000 1
7 6 14 70000 1
6 2 6 34000 0
5 4 10 50000 1
3 1 3 18000 0
7 4 10 54000 0
8 4 16 80000 1
5 1 4 24000 0
1 1 2 10000 1
1 2 2 10000 1
6 5 12 60000 1
2 2 4 20000 1
3 1 5 26000 0
6 2 6 34000 0
2 1 4 20000 1
6 5 12 60000 1
6 1 3 18000 0
2 2 4 20000 1
2 1 4 20000 1
2 1 4 20000 1
5 2 6 34000 0
5 2 10 50000 1
4 1 4 24000 0
5 4 10 50000 1
6 3 12 60000 1
2 2 4 20000 1
6 3 12 60000 1
1 1 2 10000 1
7 1 4 24000 0
1 1 2 10000 1
1 1 2 10000 1
6 2 6 34000 0
2 2 4 20000 1
3 1 3 18000 0
8 1 2 12000 0
2 2 4 20000 1
8 3 9 52000 0
6 1 5 30000 0
8 2 6 34000 0
4 1 5 28000 0
7 1 4 24000 0
6 1 4 24000 0
6 1 3 18000 0
5 3 10 50000 1
3 2 6 30000 1
6 1 4 24000 0
8 1 3 18000 0
6 2 6 34000 0
2 1 4 20000 1
2 1 3 16000 0
3 3 6 30000 1
5 3 10 50000 1
3 1 3 18000 0
4 3 8 40000 1
4 1 5 28000 0
3 1 3 18000 0
2 2 4 20000 1
1 1 2 10000 1
1 1 2 10000 1
7 5 14 70000 1
2 1 4 20000 1
1 1 2 10000 1
1 1 2 10000 1
2 1 4 20000 1
1 1 2 10000 1
7 2 6 34000 0
1 2 2 10000 1
8 6 16 80000 1
3 1 2 12000 0
3 4 6 30000 1
5 3 10 50000 1
8 3 9 52000 0
4 2 8 40000 1
1 1 2 10000 1
2 1 2 12000 0
5 6 10 50000 1
4 2 6 32000 0
5 1 2 12000 0
2 1 4 20000 1
7 6 14 70000 1
5 2 6 34000 0
3 1 3 18000 0
5 4 10 50000 1
6 3 11 56000 0
5 1 4 24000 0
5 5 10 50000 1
1 1 2 10000 1
5 2 6 34000 0
5 7 10 50000 1
2 1 3 16000 0
2 1 4 20000 1
3 1 5 26000 0
5 1 3 18000 0
2 1 4 20000 1
7 3 8 46000 0
4 1 5 28000 0
11 2 8 46000 0
11 2 12 70000 0
26 6 28 148000 0
26 1 2 12000 0
23 1 4 24000 0
15 6 30 150000 1
22 2 14 82000 0
30 2 7 40000 0
