9 1.0
5 1.0
2 1.0
6 1.0
9 1.0
9 1.0
2 1.0
3 1.0
6 1.0
4 1.0
8 1.0
7 1.0
2 1.0
7 1.0
7 1.0
4 1.0
5 1.0
2 1.0
3 1.0
5 1.0
3 1.0
7 1.0
9 1.0
7 1.0
6 1.0
4 1.0
1 1.0
2 1.0
6 1.0
4 1.0
7 1.0
7 1.0
1 1.0
6 1.0
2 1.0
7 1.0
1 1.0
3 1.0
8 1.0
9 1.0
2 1.0
8 1.0
1 1.0
2 1.0
2 1.0
2 1.0
2 1.0
8 1.0
7 1.0
1 1.0
1 1.0
8 1.0
8 1.0
1 1.0
6 1.0
2 1.0
2 1.0
3 1.0
2 1.0
2 1.0
8 1.0
2 1.0
4 1.0
2 1.0
2 1.0
8 1.0
5 1.0
6 1.0
3 1.0
1 1.0
7 1.0
3 1.0
5 1.0
5 1.0
4 1.0
8 1.0
8 1.0
2 1.0
3 1.0
1 1.0
3 1.0
3 1.0
7 1.0
1 1.0
6 1.0
3 1.0
3 1.0
2 1.0
9 1.0
5 1.0
4 1.0
5 1.0
3 1.0
8 1.0
7 1.0
9 1.0
3 1.0
8 1.0
6 1.0
2 1.0
7 1.0
4 1.0
8 1.0
2 1.0
3 1.0
7 1.0
6 1.0
8 1.0
3 1.0
2 1.0
8 1.0
4 1.0
7 1.0
2 1.0
8 1.0
4 1.0
2 1.0
7 1.0
9 1.0
6 1.0
4 1.0
8 1.0
4 1.0
4 1.0
8 1.0
1 1.0
5 1.0
9 1.0
7 1.0
7 1.0
5 1.0
9 1.0
3 1.0
5 1.0
8 1.0
6 1.0
3 1.0
7 1.0
7 1.0
6 1.0
5 1.0
2 1.0
1 1.0
2 1.0
2 1.0
9 1.0
9 1.0
6 1.0
9 1.0
8 1.0
3 1.0
6 1.0
6 1.0
5 1.0
5 1.0
4 1.0
4 1.0
2 1.0
3 1.0
6 1.0
7 1.0
7 1.0
4 1.0
8 1.0
1 1.0
7 1.0
9 1.0
8 1.0
6 1.0
6 1.0
6 1.0
4 1.0
3 1.0
3 1.0
9 1.0
3 1.0
4 1.0
4 1.0
2 1.0
9 1.0
2 1.0
3 1.0
7 1.0
2 1.0
1 1.0
1 1.0
10 1.0
1 1.0
6 1.0
1 1.0
84 1.0
1 1.0
1 1.0
1 1.0
3 1.0
3 1.0
2 1.0
3 1.0
76 1.0
18 1.0
1 1.0
3 1.0
1 1.0
10 1.0
11 1.0
1 1.0
3 1.0
1 1.0
11 1.0
1 1.0
199 1.0
1 1.0
1 1.0
2 1.0
24 1.0
144 1.0
16 1.0
9 1.0
84 1.0
2 1.0
1 1.0
70 1.0
1 1.0
254 1.0
3 1.0
6 1.0
42 1.0
1 1.0
19 1.0
146 1.0
1 1.0
26 1.0
4 1.0
7 1.0
2 1.0
1 1.0
77 1.0
1 1.0
43 1.0
1 1.0
6 1.0
24 1.0
1 1.0
4 1.0
1 1.0
1 1.0
192 1.0
62 1.0
10 1.0
6 1.0
1 1.0
1 1.0
1 1.0
3 1.0
62 1.0
17 1.0
3 1.0
1 1.0
1 1.0
2 1.0
2 1.0
10 1.0
1 1.0
7 1.0
