9 1 5 14000 0
9 14 36 90000 1
8 1 5 14000 0
5 13 20 50000 1
3 3 12 30000 1
8 1 6 16800 0
9 12 36 90000 1
10 13 40 100000 1
5 14 20 50000 1
9 9 36 90000 1
1 1 3 8400 0
2 2 8 20000 1
8 4 32 80000 1
2 6 8 20000 1
7 14 28 70000 1
6 6 24 60000 1
3 1 3 8400 0
1 1 4 10000 1
3 5 12 30000 1
7 7 28 70000 1
1 1 3 8400 0
5 1 6 16800 0
4 1 6 16800 0
9 1 6 16800 0
4 6 16 40000 1
8 3 12 33600 0
3 3 12 30000 1
5 3 20 50000 1
1 1 4 10000 1
8 4 22 60400 0
1 1 3 8400 0
7 11 28 70000 1
7 3 18 50400 0
1 3 4 10000 1
1 1 4 10000 1
1 3 4 10000 1
2 4 8 20000 1
7 10 28 70000 1
5 1 7 19600 0
8 7 32 80000 1
7 2 7 19600 0
7 1 4 11200 0
7 1 4 11200 0
4 3 12 33600 0
1 1 4 10000 1
5 14 20 50000 1
3 11 12 30000 1
5 11 20 50000 1
2 2 6 16800 0
4 4 16 40000 1
6 11 24 60000 1
7 12 28 70000 1
5 1 3 8400 0
6 2 8 22400 0
5 6 20 50000 1
3 4 12 30000 1
3 7 12 30000 1
7 4 16 43600 0
1 4 4 10000 1
3 11 12 30000 1
6 9 24 60000 1
8 1 4 11200 0
3 4 12 30000 1
8 3 15 42000 0
1 3 4 10000 1
4 11 16 40000 1
8 14 32 80000 1
4 1 4 11200 0
1 3 4 10000 1
5 7 20 50000 1
8 8 32 80000 1
7 14 28 70000 1
9 9 36 90000 1
6 2 8 22400 0
3 7 12 30000 1
5 10 20 50000 1
1 1 4 10000 1
3 5 12 30000 1
3 2 8 22400 0
2 2 8 20000 1
3 12 12 30000 1
9 15 36 90000 1
1 1 4 10000 1
4 3 16 40000 1
1 1 4 10000 1
7 8 28 70000 1
1 1 3 8400 0
6 10 24 60000 1
7 6 28 70000 1
4 5 16 40000 1
7 6 28 70000 1
6 5 24 60000 1
7 4 16 43600 0
7 1 7 19600 0
2 1 4 11200 0
7 5 28 70000 1
4 1 8 22400 0
8 14 32 80000 1
3 3 12 30000 1
8 8 32 80000 1
7 1 5 14000 0
5 9 20 50000 1
9 6 27 73200 0
4 1 3 8400 0
6 17 24 60000 1
4 11 16 40000 1
6 2 17 45200 0
4 3 16 40000 1
5 9 20 50000 1
7 9 28 70000 1
8 1 6 16800 0
7 6 28 70000 1
5 14 20 50000 1
5 4 20 50000 1
1 1 4 10000 1
8 8 32 80000 1
1 2 4 10000 1
4 3 16 40000 1
6 12 24 60000 1
9 4 20 54800 0
7 1 5 14000 0
6 10 24 60000 1
2 3 8 20000 1
6 1 5 14000 0
8 3 29 75200 0
4 1 3 8400 0
1 1 4 10000 1
2 2 8 20000 1
10 11 40 100000 1
8 3 18 50400 0
1 3 4 10000 1
2 5 8 20000 1
1 1 4 10000 1
4 6 16 40000 1
8 5 19 52000 0
9 1 5 14000 0
9 18 36 90000 1
2 2 8 20000 1
3 1 3 8400 0
6 1 4 11200 0
8 2 12 33600 0
7 12 28 70000 1
5 1 4 11200 0
7 1 3 8400 0
6 3 11 30800 0
4 4 16 40000 1
4 5 16 40000 1
1 1 4 10000 1
8 11 32 80000 1
5 12 20 50000 1
8 1 6 16800 0
1 2 4 10000 1
2 3 8 20000 1
6 7 24 60000 1
2 5 8 20000 1
8 9 32 80000 1
6 9 24 60000 1
2 1 6 15600 0
1 4 4 10000 1
3 13 12 30000 1
2 1 4 11200 0
6 13 24 60000 1
8 14 32 80000 1
2 2 8 20000 1
8 6 32 80000 1
8 1 4 11200 0
1 3 4 10000 1
10 13 40 100000 1
5 3 15 42000 0
6 2 8 22400 0
6 7 24 60000 1
9 2 8 22400 0
3 3 12 30000 1
8 13 32 80000 1
1 4 4 10000 1
4 3 16 40000 1
8 4 16 43600 0
3 10 12 30000 1
4 4 16 40000 1
6 12 24 60000 1
4 4 16 40000 1
2 5 8 20000 1
1 4 4 10000 1
3 1 4 11200 0
1 2 4 10000 1
2 2 8 20000 1
1 1 3 8400 0
4 5 16 40000 1
3 13 12 30000 1
14 12 56 140000 1
28 10 55 145600 0
104 15 416 1040000 1
6 7 24 60000 1
7 8 28 70000 1
7 11 28 70000 1
1 1 4 10000 1
1 1 4 10000 1
112 20 448 1120000 1
1 2 4 10000 1
5 1 5 14000 0
44 7 49 134800 0
1 3 4 10000 1
1 1 4 10000 1
6 1 5 14000 0
157 2 10 28000 0
1 1 3 8400 0
176 7 30 80400 0
12 3 9 25200 0
1 1 4 10000 1
115 8 32 87200 0
7 9 28 70000 1
1 1 3 8400 0
1 1 4 10000 1
14 9 56 140000 1
2 7 8 20000 1
1 1 4 10000 1
166 2 8 22400 0
1 1 4 10000 1
4 6 16 40000 1
2 1 4 11200 0
151 16 604 1510000 1
5 2 8 22400 0
1 2 4 10000 1
48 8 32 87200 0
1 2 4 10000 1
2 4 8 20000 1
1 2 4 10000 1
41 7 28 77200 0
70 16 280 700000 1
8 1 3 8400 0
29 16 116 290000 1
1 4 4 10000 1
12 7 32 88400 0
43 3 9 25200 0
1 1 3 8400 0
294 2 8 22400 0
1 1 4 10000 1
112 6 34 91600 0
6 16 24 60000 1
2 2 8 20000 1
1 2 4 10000 1
9 1 6 16800 0
22 4 24 66000 0
36 1 4 11200 0
1 3 4 10000 1
22 1 4 11200 0
4 1 4 11200 0
142 10 50 132800 0
2 2 8 20000 1
1 4 4 10000 1
1 1 3 8400 0
1 2 4 10000 1
1 2 4 10000 1
2 3 8 20000 1
20 8 80 200000 1
68 3 21 58800 0
2 8 8 20000 1
1 1 4 10000 1
1 3 4 10000 1
285 1 3 8400 0
12 9 48 120000 1
255 9 45 117600 0
1 1 3 8400 0
81 6 24 66000 0
