4 1.78571428571
2 1.78571428571
1 1.78571428571
1 1.78571428571
1 1.78571428571
7 1.98979591837
3 1.78571428571
5 1.78571428571
1 1.78571428571
6 1.78571428571
7 1.78571428571
2 1.78571428571
8 1.78571428571
4 1.98979591837
4 1.78571428571
3 1.78571428571
2 1.78571428571
3 1.78571428571
2 1.78571428571
8 1.78571428571
6 1.78571428571
4 1.98979591837
2 1.78571428571
3 1.78571428571
3 1.78571428571
4 1.98979591837
6 1.91558441558
7 1.78571428571
7 1.78571428571
7 1.78571428571
1 1.78571428571
7 1.78571428571
7 1.78571428571
6 1.91558441558
2 1.78571428571
5 1.98979591837
4 1.78571428571
6 1.98979591837
1 1.78571428571
2 1.78571428571
2 1.78571428571
1 1.78571428571
8 1.78571428571
4 1.78571428571
7 1.78571428571
4 1.78571428571
2 1.78571428571
6 2.07142857143
4 1.78571428571
6 1.78571428571
4 1.78571428571
2 1.78571428571
5 1.98979591837
6 1.78571428571
1 1.78571428571
2 1.78571428571
2 1.78571428571
5 1.78571428571
7 1.78571428571
3 1.78571428571
7 1.98979591837
5 1.78571428571
7 1.91558441558
6 1.94444444444
7 1.78571428571
3 1.78571428571
4 1.98979591837
3 1.78571428571
6 1.78571428571
4 1.78571428571
2 1.78571428571
2 1.78571428571
6 1.78571428571
8 1.78571428571
7 1.78571428571
2 1.78571428571
3 1.78571428571
5 1.98979591837
2 1.78571428571
7 1.78571428571
1 1.78571428571
7 2.07142857143
1 1.78571428571
8 2.2619047619
7 1.78571428571
4 1.78571428571
7 1.78571428571
7 1.78571428571
4 1.78571428571
6 1.94444444444
2 1.78571428571
7 1.78571428571
1 1.78571428571
2 1.78571428571
2 1.78571428571
1 1.78571428571
2 1.78571428571
5 1.78571428571
1 1.78571428571
6 1.78571428571
2 1.78571428571
6 1.78571428571
3 1.78571428571
2 1.78571428571
19 2.02380952381
22 2.07142857143
34 1.78571428571
28 1.78571428571
26 1.98979591837
20 1.98979591837
33 1.78571428571
29 1.78571428571
36 1.98979591837
28 1.78571428571
33 1.78571428571
27 2.35714285714
