5 1 5 50000 1
7 1 7 70000 1
2 1 2 20000 1
5 1 5 50000 1
3 1 3 30000 1
1 1 1 10000 1
7 1 7 70000 1
5 1 5 50000 1
4 1 4 40000 1
2 1 2 20000 1
5 1 5 50000 1
5 2 5 50000 1
4 1 4 40000 1
7 1 7 70000 1
6 1 6 60000 1
4 1 4 40000 1
1 1 1 10000 1
4 1 4 40000 1
3 1 3 30000 1
4 1 4 40000 1
7 1 7 70000 1
1 1 1 10000 1
7 1 7 70000 1
1 1 1 10000 1
1 1 1 10000 1
5 1 5 50000 1
6 1 6 60000 1
3 1 3 30000 1
7 1 7 70000 1
1 1 1 10000 1
4 1 4 40000 1
4 1 4 40000 1
1 1 1 10000 1
4 1 4 40000 1
3 1 3 30000 1
8 1 8 80000 1
6 1 6 60000 1
5 1 5 50000 1
5 1 5 50000 1
5 1 5 50000 1
2 1 2 20000 1
5 1 5 50000 1
4 2 4 40000 1
4 1 4 40000 1
4 1 4 40000 1
5 1 5 50000 1
3 1 3 30000 1
6 1 6 60000 1
3 1 3 30000 1
4 1 4 40000 1
2 1 2 20000 1
5 1 5 50000 1
4 1 4 40000 1
1 1 1 10000 1
7 1 7 70000 1
5 1 5 50000 1
4 1 4 40000 1
7 1 7 70000 1
1 1 1 10000 1
6 1 6 60000 1
4 2 4 40000 1
4 1 4 40000 1
5 1 5 50000 1
4 1 4 40000 1
6 1 6 60000 1
7 1 7 70000 1
2 1 2 20000 1
7 1 7 70000 1
4 1 4 40000 1
1 1 1 10000 1
2 1 2 20000 1
8 1 8 80000 1
2 1 2 20000 1
7 1 7 70000 1
5 1 5 50000 1
6 2 6 60000 1
3 1 3 30000 1
5 1 5 50000 1
2 1 2 20000 1
7 2 7 70000 1
2 1 2 20000 1
3 1 3 30000 1
3 1 3 30000 1
7 1 7 70000 1
6 1 6 60000 1
7 1 7 70000 1
3 1 3 30000 1
2 1 2 20000 1
1 1 1 10000 1
5 2 5 50000 1
4 1 4 40000 1
4 1 4 40000 1
2 1 2 20000 1
2 1 2 20000 1
5 1 5 50000 1
3 1 3 30000 1
3 1 3 30000 1
2 1 2 20000 1
4 1 4 40000 1
4 1 4 40000 1
7 1 7 70000 1
2 1 2 20000 1
8 2 8 80000 1
7 2 7 70000 1
5 1 5 50000 1
5 1 5 50000 1
5 1 5 50000 1
37 1 18 180000 0
5 1 5 50000 1
2 1 2 20000 1
34 1 22 220000 0
20 3 20 200000 1
34 1 17 170000 0
37 1 16 160000 0
27 4 27 270000 1
15 1 15 150000 1
32 1 13 130000 0
32 2 32 320000 1
35 1 11 110000 0
35 2 35 350000 1
30 1 19 190000 0
30 2 30 300000 1
