5 2.94117647059
7 2.94117647059
2 2.94117647059
5 2.94117647059
3 2.94117647059
1 2.94117647059
7 2.94117647059
5 2.94117647059
4 2.94117647059
2 2.94117647059
5 2.94117647059
5 2.94117647059
4 2.94117647059
7 2.94117647059
6 2.94117647059
4 2.94117647059
1 2.94117647059
4 2.94117647059
3 2.94117647059
4 2.94117647059
7 2.94117647059
1 2.94117647059
7 2.94117647059
1 2.94117647059
1 2.94117647059
5 2.94117647059
6 2.94117647059
3 2.94117647059
7 2.94117647059
1 2.94117647059
4 2.94117647059
4 2.94117647059
1 2.94117647059
4 2.94117647059
3 2.94117647059
8 2.94117647059
6 2.94117647059
5 2.94117647059
5 2.94117647059
5 2.94117647059
2 2.94117647059
5 2.94117647059
4 2.94117647059
4 2.94117647059
4 2.94117647059
5 2.94117647059
3 2.94117647059
6 2.94117647059
3 2.94117647059
4 2.94117647059
2 2.94117647059
5 2.94117647059
4 2.94117647059
1 2.94117647059
7 2.94117647059
5 2.94117647059
4 2.94117647059
7 2.94117647059
1 2.94117647059
6 2.94117647059
4 2.94117647059
4 2.94117647059
5 2.94117647059
4 2.94117647059
6 2.94117647059
7 2.94117647059
2 2.94117647059
7 2.94117647059
4 2.94117647059
1 2.94117647059
2 2.94117647059
8 2.94117647059
2 2.94117647059
7 2.94117647059
5 2.94117647059
6 2.94117647059
3 2.94117647059
5 2.94117647059
2 2.94117647059
7 2.94117647059
2 2.94117647059
3 2.94117647059
3 2.94117647059
7 2.94117647059
6 2.94117647059
7 2.94117647059
3 2.94117647059
2 2.94117647059
1 2.94117647059
5 2.94117647059
4 2.94117647059
4 2.94117647059
2 2.94117647059
2 2.94117647059
5 2.94117647059
3 2.94117647059
3 2.94117647059
2 2.94117647059
4 2.94117647059
4 2.94117647059
7 2.94117647059
2 2.94117647059
8 2.94117647059
7 2.94117647059
5 2.94117647059
5 2.94117647059
5 2.94117647059
37 2.94117647059
5 2.94117647059
2 2.94117647059
34 2.94117647059
20 2.94117647059
34 2.94117647059
37 2.94117647059
27 2.94117647059
15 2.94117647059
32 2.94117647059
32 2.94117647059
35 2.94117647059
35 2.94117647059
30 2.94117647059
30 2.94117647059
