5 3 5 10155 0
4 2 4 8154 0
5 4 10 20371 0
4 20 20 40000 1
5 19 25 50000 1
6 20 30 60000 1
7 16 35 70000 1
2 15 10 20000 1
8 2 4 8124 0
1 2 3 6093 0
4 2 4 8139 0
8 15 40 80000 1
7 10 22 44372 0
2 4 4 8124 0
8 1 4 8124 0
1 13 5 10000 1
5 10 21 42341 0
1 14 5 10000 1
3 25 15 30000 1
8 10 27 54417 0
4 7 13 26248 0
7 17 35 70000 1
6 3 6 12186 0
9 3 9 18279 0
8 13 40 80000 1
5 8 18 36248 0
9 1 2 4077 0
5 11 25 50000 1
3 11 15 30000 1
7 12 27 54372 0
2 10 10 20000 1
7 21 35 70000 1
3 23 15 30000 1
3 10 15 30000 1
5 2 8 16124 0
7 1 3 6093 0
9 25 45 90000 1
1 1 2 4062 0
3 11 12 24062 0
6 13 30 60000 1
3 4 8 16093 0
7 8 33 66248 0
8 1 3 6093 0
6 9 14 28279 0
5 10 20 40310 0
8 13 34 68434 0
7 7 21 42496 0
4 2 4 8124 0
1 8 5 10000 1
6 24 30 60000 1
5 1 1 2031 0
8 11 31 62526 0
1 1 2 4062 0
5 15 25 50000 1
6 17 30 60000 1
9 10 33 66248 0
8 26 40 80000 1
4 11 20 40000 1
4 6 13 26248 0
1 6 5 10000 1
9 5 13 26248 0
6 11 22 44232 0
2 10 10 20000 1
2 15 10 20000 1
7 25 35 70000 1
3 7 9 18124 0
8 6 20 40480 0
3 2 4 8155 0
9 14 35 70310 0
1 4 5 10000 1
8 24 40 80000 1
5 6 11 22186 0
8 4 11 22216 0
7 8 19 38434 0
9 3 7 14217 0
8 24 40 80000 1
1 1 1 2031 0
8 1 5 10155 0
6 21 30 60000 1
9 9 19 38434 0
2 16 10 20000 1
5 28 25 50000 1
2 15 10 20000 1
1 3 3 6093 0
4 6 11 22186 0
6 4 12 24217 0
5 23 25 50000 1
4 9 20 40000 1
6 26 30 60000 1
3 37 15 30000 1
4 3 6 12186 0
7 23 35 70000 1
9 32 45 90000 1
2 13 10 20000 1
9 15 44 88124 0
5 9 16 32341 0
6 16 30 60000 1
9 42 45 90000 1
1 7 5 10000 1
9 5 17 34372 0
2 20 10 20000 1
7 26 35 70000 1
2 11 10 20000 1
4 18 20 40000 1
1 3 5 10000 1
5 26 25 50000 1
1 2 3 6093 0
9 29 45 90000 1
7 6 15 30310 0
3 8 9 18139 0
8 11 31 62496 0
5 9 23 46248 0
7 20 35 70000 1
4 4 10 20310 0
2 8 10 20000 1
1 1 2 4062 0
3 30 15 30000 1
8 12 34 68279 0
5 29 25 50000 1
9 4 16 32341 0
9 1 4 8124 0
6 5 11 22186 0
8 12 28 56573 0
8 14 38 76093 0
5 11 19 38279 0
4 6 11 22186 0
9 13 33 66589 0
1 13 5 10000 1
9 7 29 58449 0
2 9 10 20000 1
6 16 30 60000 1
7 1 6 12186 0
8 20 40 80000 1
6 25 30 60000 1
5 2 7 14232 0
8 17 40 80000 1
9 1 2 4062 0
5 27 25 50000 1
2 16 10 20000 1
8 4 12 24372 0
2 11 10 20000 1
7 17 35 70000 1
7 17 35 70000 1
6 21 30 60000 1
5 1 1 2031 0
4 8 16 32031 0
9 15 39 78124 0
5 1 2 4062 0
9 9 19 38434 0
8 17 40 80000 1
3 5 12 24062 0
2 27 10 20000 1
2 8 10 20000 1
7 9 22 44402 0
10 33 50 100000 1
2 14 10 20000 1
8 17 40 80000 1
4 19 20 40000 1
3 23 15 30000 1
5 6 12 24217 0
9 30 45 90000 1
6 37 30 60000 1
3 7 12 24217 0
1 6 5 10000 1
4 18 20 40000 1
1 2 3 6093 0
6 9 24 48124 0
6 14 30 60000 1
7 2 6 12186 0
5 18 25 50000 1
1 2 3 6093 0
4 1 2 4062 0
2 7 10 20000 1
5 3 10 20310 0
1 12 5 10000 1
9 29 45 90000 1
3 21 15 30000 1
3 29 15 30000 1
9 8 26 52496 0
5 12 22 44232 0
3 16 15 30000 1
4 1 3 6108 0
1 4 5 10000 1
31 13 46 92806 0
182 4 12 24279 0
5 9 25 50000 1
4 22 20 40000 1
1 1 2 4062 0
12 16 59 118124 0
1 2 3 6093 0
1 10 5 10000 1
55 13 73 147067 0
148 9 22 44372 0
10 1 7 14232 0
1 3 4 8124 0
263 43 1315 2630000 1
93 6 12 24217 0
87 24 435 870000 1
1 2 3 6093 0
3 33 15 30000 1
3 17 15 30000 1
1 11 5 10000 1
103 17 61 122496 0
12 9 39 78775 0
98 7 27 54682 0
1 1 1 2031 0
103 4 9 18294 0
1 1 2 4062 0
87 9 26 52371 0
1 13 5 10000 1
40 21 200 400000 1
34 28 170 340000 1
3 5 10 20155 0
1 1 2 4062 0
15 15 59 118744 0
21 13 48 96743 0
1 5 5 10000 1
1 7 5 10000 1
114 24 570 1140000 1
10 6 13 26248 0
1 3 5 10000 1
1 7 5 10000 1
143 29 715 1430000 1
1 7 5 10000 1
6 9 28 56248 0
164 14 63 127054 0
1 13 5 10000 1
1 3 3 6093 0
9 27 45 90000 1
1 1 1 2031 0
1 1 1 2031 0
26 2 7 14217 0
29 18 145 290000 1
152 21 760 1520000 1
1 14 5 10000 1
289 20 1445 2890000 1
1 2 4 8124 0
17 1 4 8124 0
1 6 5 10000 1
1 4 5 10000 1
1 1 1 2031 0
24 11 49 99054 0
37 14 40 80465 0
7 14 31 62201 0
12 12 60 120000 1
15 29 75 150000 1
2 2 5 10000 0
11 9 28 56573 0
2 2 4 8124 0
157 19 535 1070930 0
2 21 10 20000 1
4 11 20 40000 1
1 9 5 10000 1
82 5 18 36403 0
1 1 2 4062 0
191 20 955 1910000 1
47 20 235 470000 1
1 11 5 10000 1
1 1 2 4062 0
18 1 2 4062 0
60 7 24 48604 0
1 9 5 10000 1
184 18 920 1840000 1
105 33 525 1050000 1
