4 1.0
5 1.0
6 1.0
7 1.0
2 1.0
8 1.0
1 1.0
1 1.0
3 1.0
7 1.0
8 1.0
5 1.0
3 1.0
2 1.0
7 1.0
3 1.0
3 1.0
9 1.0
6 1.0
1 1.0
6 1.0
5 1.0
6 1.0
8 1.0
4 1.0
1 1.0
2 1.0
2 1.0
7 1.0
1 1.0
8 1.0
8 1.0
6 1.0
2 1.0
5 1.0
2 1.0
5 1.0
4 1.0
6 1.0
3 1.0
7 1.0
9 1.0
2 1.0
6 1.0
9 1.0
1 1.0
2 1.0
7 1.0
2 1.0
4 1.0
1 1.0
5 1.0
9 1.0
7 1.0
2 1.0
3 1.0
5 1.0
1 1.0
2 1.0
6 1.0
8 1.0
6 1.0
8 1.0
5 1.0
2 1.0
2 1.0
7 1.0
7 1.0
6 1.0
8 1.0
2 1.0
2 1.0
10 1.0
2 1.0
8 1.0
4 1.0
3 1.0
9 1.0
6 1.0
1 1.0
4 1.0
6 1.0
5 1.0
2 1.0
1 1.0
9 1.0
3 1.0
3 1.0
3 1.0
1 1.0
5 1.0
4 1.0
1 1.0
263 1.0
87 1.0
3 1.0
3 1.0
1 1.0
1 1.0
40 1.0
34 1.0
1 1.0
1 1.0
114 1.0
1 1.0
1 1.0
143 1.0
1 1.0
1 1.0
9 1.0
29 1.0
152 1.0
1 1.0
289 1.0
1 1.0
1 1.0
12 1.0
15 1.0
2 1.0
4 1.0
1 1.0
191 1.0
47 1.0
1 1.0
1 1.0
184 1.0
105 1.0
