2 1 2 9736 0
5 1 3 14604 0
5 1 3 15049 0
1 2 3 10000 1
5 2 10 39472 0
3 1 4 19653 0
3 3 9 30000 1
4 7 11 40000 1
8 9 24 80000 1
2 2 3 14604 0
3 5 9 30000 1
1 1 1 4868 0
7 2 8 34340 0
1 1 2 9736 0
7 6 21 70000 1
6 9 18 60000 1
7 4 15 63812 0
3 1 4 19472 0
4 3 12 40000 1
8 1 4 19472 0
6 10 18 60000 1
3 4 8 29736 0
6 5 14 54340 0
4 3 9 34604 0
5 4 11 44521 0
2 1 2 9736 0
3 6 9 30000 1
6 1 3 14604 0
7 1 3 14604 0
5 6 15 50000 1
1 4 3 10000 1
1 5 3 10000 1
5 6 15 50000 1
4 8 12 40000 1
8 4 14 58944 0
7 1 2 9736 0
3 2 7 29472 0
6 1 5 24340 0
5 2 5 24340 0
4 1 3 14966 0
6 5 17 59736 0
4 2 8 34340 0
2 1 2 9736 0
1 1 2 9736 0
2 1 2 9736 0
6 7 18 60000 1
3 1 4 19472 0
1 1 2 9736 0
6 10 18 60000 1
3 1 4 19736 0
2 3 6 20000 1
6 4 18 60000 1
3 2 4 19472 0
3 1 3 14604 0
4 1 3 14604 0
1 1 2 9736 0
4 6 12 40000 1
5 2 3 14604 0
4 5 12 40000 1
3 5 9 30000 1
2 3 6 20000 1
1 1 2 9736 0
4 3 7 30098 0
6 4 17 59736 0
7 4 19 70000 1
2 1 2 9736 0
7 8 21 70000 1
6 3 12 49208 0
2 5 6 20000 1
3 1 3 14604 0
7 1 2 9736 0
6 11 18 60000 1
2 1 3 14604 0
6 3 9 39208 0
6 7 18 60000 1
3 5 9 30000 1
6 11 18 60000 1
2 3 6 20000 1
7 1 2 9736 0
5 5 13 49472 0
1 1 2 9736 0
2 3 6 20000 1
1 3 3 10000 1
6 1 4 19917 0
4 10 12 40000 1
4 11 12 40000 1
2 5 5 20000 1
4 1 3 14604 0
7 2 15 64076 0
8 7 24 80000 1
1 2 3 10000 1
1 1 2 9736 0
3 6 9 30000 1
1 1 3 10000 1
6 6 18 60000 1
2 2 5 20000 1
8 1 5 24340 0
7 7 21 70000 1
7 1 5 24785 0
26 10 78 260000 1
15 1 5 24819 0
36 1 5 24819 0
11 3 14 59389 0
22 2 21 102673 0
29 3 23 108103 0
30 1 4 20261 0
27 1 2 9736 0
37 8 111 370000 1
12 10 36 120000 1
28 2 13 64761 0
10 4 19 83284 0
