1 1.01235294118
2 0.980392156863
1 0.980392156863
3 0.988382352941
3 0.980392156863
9 1.01235294118
9 0.980392156863
6 0.980392156863
6 0.980392156863
7 1.04245098039
3 0.980392156863
7 0.980392156863
2 0.980392156863
6 0.980392156863
3 0.980392156863
7 1.01235294118
7 0.980392156863
6 0.980392156863
6 0.999537815126
2 0.980392156863
3 0.998655462185
4 1.01235294118
8 0.980392156863
8 1.01235294118
6 1.10191176471
3 1.01235294118
6 1.08107843137
5 1.01235294118
4 0.980392156863
1 0.980392156863
5 0.980392156863
7 0.980392156863
2 0.993176470588
6 0.980392156863
2 0.980392156863
3 1.01647058824
2 0.980392156863
3 0.980392156863
7 0.987120743034
5 1.01235294118
7 1.01235294118
2 0.980392156863
7 0.980392156863
3 1.04676470588
9 1.01235294118
4 0.980392156863
4 0.984957983193
5 1.01235294118
2 1.01235294118
5 0.980392156863
3 1.01235294118
5 1.04183823529
6 1.01235294118
7 1.06698529412
3 1.01235294118
9 0.980392156863
8 0.994919786096
6 1.01235294118
9 1.01235294118
1 1.01235294118
7 0.980392156863
5 0.980392156863
3 1.01235294118
5 0.980392156863
6 1.01235294118
2 0.980392156863
1 1.01235294118
1 1.01235294118
8 1.04300653595
7 0.980392156863
4 0.980392156863
2 1.01235294118
6 1.01235294118
4 0.980392156863
6 1.02546218487
2 1.01235294118
1 1.01235294118
9 1.15007352941
6 0.993176470588
7 0.989792387543
2 0.980392156863
3 1.01235294118
3 0.993176470588
10 0.993176470588
5 1.01235294118
8 0.995432525952
5 1.01235294118
9 1.01235294118
8 0.980392156863
6 0.980392156863
4 0.998655462185
2 0.980392156863
3 0.980392156863
3 0.980392156863
1 0.980392156863
2 1.01235294118
7 0.980392156863
9 1.01235294118
2 0.980392156863
4 1.01235294118
4 1.00169934641
10 1.0092081448
1 1.01235294118
8 1.01852941176
6 0.980392156863
5 0.980392156863
7 0.980392156863
2 0.980392156863
7 1.03176470588
7 0.997601809955
4 1.01235294118
8 1.01235294118
2 1.01235294118
8 1.08107843137
2 1.01235294118
6 0.980392156863
4 1.01235294118
9 1.01235294118
6 1.04357142857
3 1.01852941176
7 0.980392156863
2 0.980392156863
1 1.01235294118
5 0.980392156863
5 1.01235294118
9 0.980392156863
6 1.02011029412
2 0.980392156863
1 0.980392156863
3 0.980392156863
8 1.01235294118
5 0.980392156863
7 0.997601809955
4 1.10617647059
6 0.993176470588
6 0.980392156863
7 1.12176470588
5 0.984957983193
1 0.980392156863
5 0.980392156863
9 1.01235294118
8 0.980392156863
4 0.99637254902
4 1.01235294118
8 0.980392156863
8 0.980392156863
7 0.980392156863
1 0.980392156863
6 1.03841176471
2 1.01235294118
9 1.00363636364
9 1.00169934641
8 0.980392156863
1 0.980392156863
5 0.998655462185
7 0.980392156863
9 0.991806722689
5 1.01235294118
8 1.00497737557
1 0.980392156863
9 1.01656346749
6 0.980392156863
6 0.980392156863
4 1.01235294118
5 0.988382352941
3 1.01235294118
7 0.980392156863
3 1.01235294118
9 1.09662629758
5 1.03867647059
5 0.980392156863
9 0.980392156863
7 0.998655462185
3 1.01235294118
4 1.01235294118
4 1.10617647059
4 0.99637254902
4 0.996985294118
6 1.01235294118
4 0.980392156863
6 0.980392156863
3 0.980392156863
1 0.980392156863
1 0.980392156863
157 1.01235294118
1 1.01235294118
1 1.01235294118
2 0.980392156863
108 1.10735294118
1 0.980392156863
43 0.998655462185
1 1.01235294118
1 1.01235294118
53 0.980392156863
168 1.01235294118
1 1.01235294118
153 1.05166666667
3 1.01235294118
34 1.00036764706
1 1.01235294118
221 1.0831372549
2 0.980392156863
260 1.01435828877
1 1.01235294118
1 0.980392156863
1 0.980392156863
39 1.01389705882
8 1.04495798319
53 0.980392156863
194 0.980392156863
2 0.980392156863
5 1.05029411765
1 1.01235294118
1 1.01235294118
11 1.09482352941
44 0.991102941176
105 1.01235294118
39 1.01235294118
6 1.01235294118
1 0.980392156863
3 0.980392156863
2 0.980392156863
1 1.01235294118
1 1.01235294118
9 1.08130718954
4 1.03529411765
3 1.01235294118
1 0.980392156863
1 0.980392156863
1 0.980392156863
3 0.980392156863
4 1.03529411765
1 0.980392156863
1 0.980392156863
1 0.980392156863
7 1.01235294118
270 1.00383053221
2 1.01235294118
1 1.01235294118
1 1.01235294118
2 0.980392156863
14 0.980392156863
4 0.980392156863
1 1.01235294118
2 0.980392156863
246 1.01235294118
2 0.980392156863
1 0.980392156863
10 0.980392156863
2 1.01235294118
1 0.980392156863
5 0.984957983193
2 1.01235294118
5 0.980392156863
5 0.980392156863
139 1.11235294118
2 0.980392156863
4 0.986203208556
2 1.01235294118
2 0.980392156863
1 0.980392156863
1 0.980392156863
30 1.0043627451
1 1.01235294118
