8 6 24 80000 1
5 1 6 23747 0
8 1 6 26907 0
7 1 4 17174 0
6 1 2 7678 0
9 4 21 83270 0
3 5 9 30000 1
9 1 7 33745 0
4 7 12 40000 1
9 5 26 90000 1
6 1 4 21046 0
9 2 9 36775 0
4 4 12 40000 1
7 2 10 42991 0
9 1 5 25141 0
8 2 5 21087 0
3 1 2 8284 0
6 1 4 16243 0
4 1 3 12996 0
6 2 8 32256 0
4 1 8 30399 0
8 3 15 61477 0
8 3 10 45051 0
7 1 9 42273 0
8 1 4 17174 0
9 7 27 90000 1
9 1 5 22227 0
7 9 21 70000 1
8 1 5 22851 0
3 1 3 13215 0
3 1 3 11517 0
2 5 6 20000 1
6 6 18 60000 1
4 4 12 40000 1
4 1 6 25598 0
7 4 21 70000 1
1 1 2 7678 0
5 2 5 17811 0
9 7 27 90000 1
6 1 6 23880 0
5 3 9 33034 0
5 2 6 25266 0
5 7 15 50000 1
7 1 5 22765 0
9 2 15 65628 0
3 3 9 30000 1
1 1 2 7678 0
4 1 3 12803 0
6 6 18 60000 1
4 1 3 13723 0
8 4 15 60798 0
6 5 16 56675 0
4 6 11 40000 1
2 1 3 11783 0
2 1 4 16642 0
8 1 6 23300 0
3 1 3 11990 0
5 4 14 50000 1
8 1 3 12818 0
5 1 4 17107 0
6 5 18 60000 1
5 4 12 45172 0
4 1 3 11517 0
7 6 21 70000 1
6 3 11 43104 0
6 3 12 49026 0
5 6 15 50000 1
4 5 12 40000 1
4 7 12 40000 1
4 1 5 20555 0
9 3 14 58948 0
6 5 18 60000 1
5 5 15 50000 1
3 6 9 30000 1
5 1 4 16327 0
2 1 3 11990 0
6 3 13 54061 0
5 1 2 7678 0
2 1 3 10133 0
7 1 4 19168 0
8 7 24 80000 1
4 1 3 11783 0
2 1 3 11650 0
1 2 3 10000 1
8 1 3 13771 0
5 1 3 12537 0
4 3 9 33335 0
6 5 17 60000 1
5 1 2 9097 0
2 4 6 20000 1
8 6 24 80000 1
7 2 12 46409 0
5 1 3 11783 0
4 4 12 40000 1
5 2 7 28758 0
4 5 12 40000 1
7 5 21 70000 1
6 1 7 29420 0
6 1 2 7811 0
7 9 17 70000 1
2 4 6 20000 1
9 8 25 90000 1
8 5 24 80000 1
5 7 15 50000 1
8 1 5 24102 0
5 8 15 50000 1
1 1 2 7678 0
7 1 4 19283 0
3 3 9 30000 1
7 6 21 70000 1
9 5 18 64896 0
2 5 6 20000 1
3 6 9 30000 1
4 3 10 40000 1
7 2 8 30325 0
1 1 2 7678 0
4 7 12 40000 1
1 3 3 10000 1
7 10 21 70000 1
2 2 4 13839 0
3 1 3 11990 0
9 4 26 90000 1
7 2 15 58502 0
3 4 9 30000 1
9 1 5 20772 0
9 1 3 11970 0
6 6 17 60000 1
3 6 9 30000 1
8 2 13 56828 0
3 1 2 7811 0
1 1 2 7678 0
7 6 21 70000 1
1 5 3 10000 1
9 1 5 19860 0
4 1 4 14253 0
9 4 20 79721 0
5 2 6 25399 0
4 1 4 15382 0
3 3 9 30000 1
2 4 6 20000 1
2 1 2 8530 0
6 2 8 33609 0
8 6 23 80000 1
2 5 6 20000 1
9 8 27 90000 1
1 2 3 10000 1
8 3 13 48474 0
2 1 3 11676 0
4 1 5 19594 0
6 1 5 21442 0
8 5 23 78210 0
3 1 3 12090 0
6 3 18 60000 1
8 7 24 80000 1
3 1 3 12842 0
7 5 20 70000 1
7 4 17 61298 0
6 3 12 47082 0
2 2 6 20000 1
2 4 6 20000 1
7 9 21 70000 1
8 2 12 53913 0
1 2 3 10000 1
2 3 6 20000 1
8 1 2 8110 0
6 5 18 60000 1
4 5 12 40000 1
4 3 12 40000 1
5 3 11 42642 0
2 4 6 20000 1
2 2 5 18284 0
4 1 1 4312 0
7 2 14 56862 0
7 3 14 58898 0
6 1 4 15622 0
2 3 6 20000 1
9 9 27 90000 1
8 5 24 80000 1
8 5 24 80000 1
8 3 15 60185 0
8 5 24 80000 1
1 1 2 7678 0
1 1 2 7678 0
2 2 6 20000 1
1 5 3 10000 1
1 2 3 10000 1
1 2 3 10000 1
22 6 65 220000 1
1 2 3 10000 1
1 5 3 10000 1
4 1 2 8944 0
1 3 3 10000 1
1 1 1 3839 0
1 5 3 10000 1
1 2 3 10000 1
1 2 3 10000 1
1 1 2 7678 0
1 1 3 10000 1
1 1 3 10000 1
67 8 191 670000 1
267 7 801 2670000 1
3 5 9 30000 1
153 1 4 17115 0
1 1 2 7678 0
1 4 3 10000 1
1 1 2 7678 0
5 3 10 41307 0
1 5 3 10000 1
10 1 6 30631 0
1 3 3 10000 1
1 1 2 7678 0
1 1 2 7678 0
12 1 7 27538 0
1 1 2 7678 0
1 2 3 10000 1
1 3 3 10000 1
24 2 17 76519 0
3 3 9 30000 1
1 1 2 7678 0
144 1 6 28542 0
4 3 10 36376 0
3 4 9 30000 1
1 1 2 7678 0
1 4 3 10000 1
20 4 21 83891 0
81 1 3 15084 0
19 6 50 190000 1
31 1 5 25583 0
1 3 3 10000 1
203 1 5 21501 0
1 2 3 10000 1
52 6 105 357189 0
1 1 2 7678 0
3 1 3 12662 0
205 2 8 33542 0
65 6 89 313055 0
1 3 3 10000 1
1 1 3 10000 1
2 1 3 11949 0
50 1 8 38931 0
1 2 3 10000 1
1 1 3 10000 1
30 1 10 47529 0
81 8 241 810000 1
14 1 7 30797 0
1 1 2 7678 0
284 10 852 2840000 1
1 1 2 7678 0
150 9 450 1500000 1
1 4 3 10000 1
3 1 3 12123 0
26 1 2 7944 0
54 5 21 73939 0
32 6 95 320000 1
3 5 9 30000 1
1 1 2 7678 0
64 1 5 21401 0
2 2 5 18225 0
1 4 3 10000 1
23 2 7 32784 0
259 1 3 12537 0
20 5 51 186092 0
20 2 11 42794 0
1 1 2 7678 0
