8 0.877192982456
3 0.877192982456
4 0.877192982456
9 0.910931174089
4 0.877192982456
9 0.877192982456
7 0.877192982456
2 0.877192982456
6 0.877192982456
4 0.877192982456
7 0.877192982456
9 0.877192982456
5 0.877192982456
3 0.877192982456
6 0.877192982456
4 0.956937799043
5 0.93984962406
6 0.877192982456
7 0.877192982456
5 0.877192982456
4 0.877192982456
4 0.877192982456
6 0.877192982456
5 0.877192982456
3 0.877192982456
8 0.877192982456
1 0.877192982456
6 0.928792569659
2 0.877192982456
8 0.877192982456
4 0.877192982456
4 0.877192982456
7 0.877192982456
7 1.08359133127
2 0.877192982456
9 0.947368421053
8 0.877192982456
5 0.877192982456
5 0.877192982456
3 0.877192982456
7 0.877192982456
2 0.877192982456
3 0.877192982456
4 1.05263157895
4 0.877192982456
1 0.877192982456
7 0.877192982456
9 0.910931174089
3 0.877192982456
6 0.928792569659
3 0.877192982456
7 0.877192982456
1 0.877192982456
3 0.877192982456
2 0.877192982456
8 0.91533180778
2 0.877192982456
9 0.877192982456
1 0.877192982456
6 0.877192982456
8 0.877192982456
7 0.921052631579
2 0.877192982456
2 0.877192982456
7 0.877192982456
1 0.877192982456
2 0.877192982456
6 0.877192982456
4 0.877192982456
4 0.877192982456
2 0.877192982456
2 0.877192982456
9 0.877192982456
8 0.877192982456
8 0.877192982456
8 0.877192982456
2 0.877192982456
1 0.877192982456
1 0.877192982456
1 0.877192982456
22 0.890688259109
1 0.877192982456
1 0.877192982456
1 0.877192982456
1 0.877192982456
1 0.877192982456
1 0.877192982456
1 0.877192982456
1 0.877192982456
67 0.923119316616
267 0.877192982456
3 0.877192982456
1 0.877192982456
1 0.877192982456
1 0.877192982456
1 0.877192982456
1 0.877192982456
3 0.877192982456
3 0.877192982456
1 0.877192982456
19 1.0
1 0.877192982456
1 0.877192982456
1 0.877192982456
1 0.877192982456
1 0.877192982456
1 0.877192982456
81 0.884472592269
284 0.877192982456
150 0.877192982456
1 0.877192982456
32 0.886426592798
3 0.877192982456
1 0.877192982456
