2 2 4 20000 1
6 7 12 60000 1
8 8 16 80000 1
8 23 16 80000 1
3 2 2 10000 0
9 15 18 90000 1
8 10 16 80000 1
6 2 2 10000 0
3 6 6 30000 1
6 12 12 60000 1
7 6 6 30000 0
3 2 4 28224 0
6 0 0 0 0
7 11 14 70000 1
5 9 10 50000 1
7 1 2 18224 0
4 3 5 38578 0
7 0 0 0 0
5 12 10 50000 1
8 2 4 28224 0
7 3 3 19112 0
2 5 4 20000 1
6 9 12 60000 1
6 11 12 60000 1
4 0 0 0 0
3 5 6 30000 1
3 3 3 19112 0
5 2 2 10000 0
5 3 6 47957 0
1 2 2 10000 1
7 2 2 10000 0
5 4 4 20000 0
2 0 0 0 0
4 6 8 40000 1
2 5 4 20000 1
5 8 10 50000 1
8 5 5 29112 0
7 20 14 70000 1
7 17 14 70000 1
2 2 2 10000 0
1 1 2 10000 1
3 3 5 29112 0
7 7 9 57336 0
3 0 0 0 0
5 11 10 50000 1
1 2 2 10000 1
4 2 4 29646 0
5 6 6 30000 0
6 5 6 38224 0
6 9 12 60000 1
8 4 7 47448 0
5 3 3 19112 0
8 6 12 76448 0
7 13 14 70000 1
4 6 8 40000 1
3 2 2 10000 0
4 7 8 40000 1
5 5 10 50000 1
6 11 12 60000 1
1 1 2 10000 1
5 8 10 50000 1
7 13 14 70000 1
3 2 2 10000 0
4 9 8 40000 1
6 7 12 60000 1
4 6 8 40000 1
8 1 1 9112 0
3 6 6 30000 1
1 0 0 0 0
2 0 0 0 0
6 1 2 19914 0
6 11 12 60000 1
8 13 16 80000 1
8 10 14 80000 1
3 3 6 30000 1
5 11 10 50000 1
6 15 12 60000 1
5 7 10 50000 1
8 17 16 80000 1
7 16 14 70000 1
8 0 0 0 0
5 4 4 20000 0
6 5 8 48845 0
3 2 4 28224 0
3 3 3 19112 0
2 5 4 20000 1
7 7 12 68224 0
4 11 8 40000 1
8 8 14 80000 1
6 7 12 60000 1
6 14 12 60000 1
8 3 6 46448 0
5 8 10 50000 1
