1 0.833333333333
3 1.11111111111
7 1.11111111111
5 0.925925925926
1 0.833333333333
6 0.952380952381
7 0.972222222222
6 0.909090909091
7 1.01449275362
4 1.02564102564
8 0.987654320988
4 0.952380952381
2 0.952380952381
6 1.11111111111
1 0.833333333333
8 0.952380952381
2 0.833333333333
3 1.0
4 0.888888888889
3 1.11111111111
4 1.11111111111
2 0.952380952381
5 0.833333333333
5 1.04166666667
1 0.833333333333
1 0.833333333333
2 0.833333333333
8 1.11111111111
5 1.04166666667
4 1.02564102564
4 1.11111111111
9 1.0
7 1.06060606061
5 0.877192982456
1 0.833333333333
4 1.11111111111
6 0.952380952381
6 1.05263157895
4 0.952380952381
2 0.833333333333
6 1.05263157895
6 1.0
8 1.02564102564
4 0.888888888889
7 1.01449275362
5 1.04166666667
4 0.952380952381
9 1.0
8 0.952380952381
1 0.833333333333
7 1.06060606061
6 1.05263157895
9 1.03448275862
4 0.888888888889
6 1.11111111111
9 0.967741935484
5 0.833333333333
1 0.833333333333
2 0.833333333333
1 0.833333333333
3 0.909090909091
1 0.833333333333
1 0.833333333333
8 0.987654320988
1 0.833333333333
5 1.04166666667
2 0.833333333333
7 1.16666666667
6 0.869565217391
2 0.833333333333
6 0.833333333333
9 0.909090909091
2 1.11111111111
2 0.833333333333
4 0.888888888889
4 0.952380952381
4 1.02564102564
9 0.857142857143
8 0.987654320988
2 1.11111111111
2 0.833333333333
6 0.833333333333
2 0.833333333333
1 0.833333333333
5 0.833333333333
5 0.833333333333
1 0.833333333333
8 0.919540229885
9 1.0
7 1.11111111111
5 1.11111111111
8 0.987654320988
8 0.919540229885
9 1.25
1 0.833333333333
188 0.924287118977
59 0.923317683881
11 0.940170940171
1 0.833333333333
19 0.833333333333
1 0.833333333333
1 0.833333333333
1 0.833333333333
7 1.01449275362
69 0.94262295082
1 0.833333333333
25 0.833333333333
4 0.833333333333
1 0.833333333333
10 0.833333333333
1 0.833333333333
1 0.833333333333
1 0.833333333333
216 0.833333333333
1 0.833333333333
2 0.833333333333
3 0.833333333333
2 0.833333333333
2 1.11111111111
1 0.833333333333
1 0.833333333333
3 0.833333333333
297 1.03340292276
1 0.833333333333
11 1.11111111111
27 1.05882352941
10 0.854700854701
1 0.833333333333
98 0.978043912176
124 0.963480963481
39 0.970149253731
2 0.833333333333
7 1.11111111111
96 1.03225806452
12 0.975609756098
1 0.833333333333
1 0.833333333333
