6 2 6 60000 1
5 3 5 50000 1
4 1 4 40000 1
1 1 1 10000 1
2 1 2 20000 1
8 1 5 65531 0
4 2 4 40000 1
3 1 3 30000 1
1 1 1 10000 1
6 1 6 60000 1
7 1 6 70000 1
2 1 2 20000 1
3 1 3 30000 1
1 1 1 10000 1
8 2 8 80000 1
2 1 2 20000 1
6 3 6 60000 1
8 4 8 80000 1
5 1 5 50000 1
2 1 2 20000 1
4 1 4 40000 1
7 1 7 70000 1
6 1 6 60000 1
7 1 6 65837 0
7 1 6 66195 0
5 1 5 50000 1
3 1 3 30000 1
8 3 8 80000 1
5 1 5 50000 1
6 1 5 57517 0
3 2 3 30000 1
2 1 2 20000 1
3 1 3 30000 1
3 2 3 30000 1
7 2 7 70000 1
1 1 1 10000 1
5 1 5 50000 1
5 2 5 50000 1
4 1 4 40000 1
6 1 4 51182 0
3 1 3 30000 1
6 1 5 58403 0
4 1 3 40000 1
4 1 4 40000 1
5 1 5 50000 1
4 1 4 40000 1
4 1 4 40000 1
1 1 1 10000 1
8 2 8 80000 1
2 1 2 20000 1
1 1 1 10000 1
1 1 1 10000 1
4 3 4 40000 1
6 1 4 46441 0
6 1 6 60000 1
3 1 3 30000 1
4 1 4 40000 1
7 1 5 64234 0
3 1 3 30000 1
2 1 2 20000 1
3 2 3 30000 1
8 3 8 80000 1
4 1 4 40000 1
5 1 5 50000 1
5 1 5 50000 1
4 1 4 40000 1
2 1 2 20000 1
2 1 2 20000 1
6 1 6 60000 1
6 1 6 60000 1
5 1 5 50000 1
7 1 4 57796 0
5 1 4 50000 1
6 1 6 60000 1
6 2 6 60000 1
2 1 2 20000 1
4 1 4 40000 1
5 1 5 50000 1
3 1 3 30000 1
6 1 6 60000 1
4 2 4 40000 1
5 1 5 50000 1
5 2 5 50000 1
5 3 5 50000 1
2 1 2 20000 1
4 3 4 40000 1
5 1 5 50000 1
3 2 3 30000 1
2 1 2 20000 1
5 1 5 50000 1
4 1 4 40000 1
5 3 5 50000 1
4 3 4 40000 1
4 1 4 40000 1
1 1 1 10000 1
4 1 4 40000 1
6 3 6 60000 1
5 1 5 50000 1
4 2 4 40000 1
4 1 4 40000 1
5 1 5 50000 1
7 1 4 57834 0
3 2 3 30000 1
5 2 5 50000 1
5 2 5 50000 1
5 1 5 50000 1
1 1 1 10000 1
7 2 6 70000 1
17 2 17 170000 1
34 6 34 340000 1
38 6 38 380000 1
9 2 9 90000 1
13 1 10 130000 1
18 1 4 51953 0
