8 1.0582010582
8 1.0582010582
7 0.925925925926
3 1.02040816327
9 1.12781954887
5 0.850340136054
5 0.850340136054
5 1.08225108225
1 0.793650793651
4 1.0582010582
8 1.12044817927
2 0.793650793651
5 0.793650793651
5 0.992063492063
5 1.19047619048
3 1.02040816327
5 0.793650793651
8 0.865800865801
6 1.02040816327
3 0.892857142857
6 1.19047619048
7 0.793650793651
4 1.19047619048
2 0.793650793651
5 0.793650793651
8 0.793650793651
2 1.19047619048
6 1.0989010989
6 1.02040816327
2 0.952380952381
10 0.992063492063
5 1.08225108225
6 1.02040816327
9 1.42857142857
2 0.952380952381
9 1.19047619048
8 1.19047619048
7 1.11111111111
1 0.793650793651
1 0.793650793651
5 0.992063492063
1 0.793650793651
2 0.793650793651
1 0.793650793651
2 0.793650793651
6 1.0989010989
1 0.793650793651
6 1.0989010989
4 0.793650793651
5 1.19047619048
4 1.0582010582
1 0.793650793651
8 1.12044817927
2 0.793650793651
4 1.19047619048
5 0.793650793651
7 1.11111111111
4 1.0582010582
2 1.19047619048
7 1.04166666667
8 0.907029478458
2 0.793650793651
5 1.08225108225
9 0.857142857143
8 1.00250626566
7 0.980392156863
3 0.793650793651
4 0.865800865801
2 0.952380952381
2 0.952380952381
8 1.12044817927
8 1.0582010582
2 0.793650793651
10 1.03519668737
9 1.26050420168
3 0.892857142857
5 1.08225108225
3 1.02040816327
8 1.12044817927
3 0.793650793651
9 1.19047619048
4 1.0582010582
3 1.02040816327
8 1.0582010582
4 1.0582010582
1 0.793650793651
5 0.793650793651
1 0.793650793651
7 1.11111111111
8 1.00250626566
4 1.0582010582
2 0.793650793651
2 0.952380952381
2 0.952380952381
6 1.02040816327
1 0.793650793651
8 0.907029478458
3 1.02040816327
5 0.992063492063
1 0.793650793651
4 0.952380952381
8 0.907029478458
2 1.19047619048
5 0.850340136054
1 0.793650793651
1 0.793650793651
130 0.814536340852
1 0.793650793651
19 0.983436853002
183 0.880230880231
7 1.04166666667
283 1.01937900728
2 0.952380952381
1 0.793650793651
1 0.793650793651
2 0.952380952381
1 0.793650793651
1 0.793650793651
33 0.95818815331
88 1.10859158478
25 0.815394651011
1 0.793650793651
2 0.793650793651
1 0.793650793651
19 0.837742504409
51 1.11402359109
1 0.793650793651
1 0.793650793651
1 0.793650793651
1 0.793650793651
1 0.793650793651
1 0.793650793651
201 1.23026074183
1 0.793650793651
1 0.793650793651
1 0.793650793651
1 0.793650793651
2 0.793650793651
1 0.793650793651
27 0.931677018634
1 0.793650793651
1 0.793650793651
1 0.793650793651
18 0.874635568513
2 0.952380952381
2 0.793650793651
1 0.793650793651
1 0.793650793651
3 0.892857142857
1 0.793650793651
68 0.925170068027
1 0.793650793651
1 0.793650793651
1 0.793650793651
45 1.17739403454
83 1.58095238095
7 1.04166666667
1 0.793650793651
85 0.857546408394
1 0.793650793651
4 0.865800865801
1 0.793650793651
1 0.793650793651
