2 0 0 0 0
4 1 2 20224 0
3 0 0 0 0
7 0 0 0 0
1 1 1 10000 1
4 0 0 0 0
8 1 4 58105 0
8 3 7 80000 1
2 4 2 20000 1
5 4 5 50000 1
8 2 6 72681 0
1 0 0 0 0
3 1 3 30000 1
8 5 8 80000 1
2 0 0 0 0
1 2 1 10000 1
6 2 6 60000 1
6 8 6 60000 1
6 4 6 60000 1
5 1 2 22592 0
1 0 0 0 0
8 2 4 54286 0
3 0 0 0 0
7 3 7 70000 1
8 8 8 80000 1
6 0 0 0 0
1 0 0 0 0
4 5 4 40000 1
1 0 0 0 0
1 2 1 10000 1
6 0 0 0 0
4 0 0 0 0
8 1 3 43246 0
6 1 2 27922 0
6 0 0 0 0
5 4 5 50000 1
5 1 3 37707 0
2 0 0 0 0
9 2 8 87100 0
1 1 1 10000 1
3 2 3 30000 1
1 1 1 10000 1
7 5 7 70000 1
3 3 3 30000 1
8 1 3 42079 0
3 0 0 0 0
7 2 4 43414 0
7 0 0 0 0
9 9 9 90000 1
6 0 0 0 0
1 0 0 0 0
7 8 7 70000 1
7 8 7 70000 1
6 0 0 0 0
3 0 0 0 0
7 1 2 25324 0
8 1 2 33617 0
3 2 3 30000 1
8 9 8 80000 1
3 3 3 30000 1
2 1 2 20000 1
8 3 8 80000 1
8 3 8 80000 1
8 10 8 80000 1
8 0 0 0 0
3 1 3 30000 1
6 1 2 24157 0
8 8 8 80000 1
8 1 3 56593 0
5 0 0 0 0
6 0 0 0 0
3 1 3 30000 1
8 7 8 80000 1
3 0 0 0 0
1 0 0 0 0
8 0 0 0 0
7 1 4 57725 0
7 4 7 70000 1
3 2 3 30000 1
5 4 5 50000 1
5 0 0 0 0
4 0 0 0 0
4 1 2 21886 0
2 2 2 20000 1
4 0 0 0 0
8 6 8 80000 1
3 2 3 30000 1
1 2 1 10000 1
7 4 7 70000 1
7 0 0 0 0
4 5 4 40000 1
4 0 0 0 0
2 1 2 20000 1
8 3 8 80000 1
3 2 3 30000 1
8 6 8 80000 1
3 3 3 30000 1
2 2 2 20000 1
1 2 1 10000 1
1 0 0 0 0
6 1 2 29982 0
7 2 7 70000 1
7 3 7 70000 1
2 3 2 20000 1
3 0 0 0 0
5 0 0 0 0
4 5 4 40000 1
