8 1.48148148148
6 1.23456790123
5 1.15740740741
9 1.11111111111
4 1.0582010582
2 0.925925925926
3 1.38888888889
7 1.2962962963
6 1.23456790123
6 1.23456790123
1 0.925925925926
5 1.15740740741
7 1.2962962963
7 1.44032921811
2 0.925925925926
2 1.23456790123
4 1.48148148148
7 1.17845117845
1 0.925925925926
9 1.38888888889
4 1.23456790123
8 1.3468013468
5 1.15740740741
7 1.2962962963
3 1.38888888889
2 1.23456790123
2 0.925925925926
2 1.23456790123
3 1.38888888889
5 1.15740740741
3 0.925925925926
1 0.925925925926
3 1.11111111111
2 1.23456790123
9 1.04166666667
3 1.11111111111
3 1.11111111111
6 1.5873015873
3 1.38888888889
3 1.38888888889
2 0.925925925926
9 1.04166666667
3 0.925925925926
6 1.23456790123
4 1.23456790123
1 0.925925925926
3 0.925925925926
2 0.925925925926
1 0.925925925926
8 1.3468013468
3 1.11111111111
9 1.04166666667
4 1.0582010582
3 1.11111111111
7 1.2962962963
1 0.925925925926
9 1.11111111111
1 0.925925925926
5 1.32275132275
6 1.23456790123
1 0.925925925926
3 1.38888888889
2 1.23456790123
1 0.925925925926
5 0.925925925926
2 0.925925925926
3 1.38888888889
2 1.23456790123
3 1.11111111111
1 0.925925925926
8 1.23456790123
6 1.11111111111
7 1.44032921811
3 1.11111111111
7 0.997150997151
3 1.11111111111
9 1.51515151515
2 1.23456790123
4 1.0582010582
2 1.23456790123
2 0.925925925926
3 0.925925925926
2 1.23456790123
2 1.23456790123
5 1.32275132275
7 1.17845117845
4 1.23456790123
2 0.925925925926
3 0.925925925926
4 1.23456790123
2 1.23456790123
7 1.2962962963
8 1.48148148148
2 1.23456790123
2 1.23456790123
2 1.23456790123
5 1.02880658436
1 0.925925925926
5 1.15740740741
1 0.925925925926
3 1.38888888889
7 1.2962962963
4 0.925925925926
4 1.0582010582
2 1.23456790123
2 1.23456790123
1 0.925925925926
1 0.925925925926
1 0.925925925926
32 1.41093474427
129 0.925925925926
1 0.925925925926
1 0.925925925926
1 0.925925925926
1 0.925925925926
11 1.1316872428
79 1.0601180891
1 0.925925925926
1 0.925925925926
1 0.925925925926
1 0.925925925926
6 1.11111111111
1 0.925925925926
1 0.925925925926
1 0.925925925926
1 0.925925925926
1 0.925925925926
1 0.925925925926
1 0.925925925926
1 0.925925925926
1 0.925925925926
6 1.38888888889
1 0.925925925926
1 0.925925925926
1 0.925925925926
1 0.925925925926
1 0.925925925926
2 1.23456790123
1 0.925925925926
1 0.925925925926
3 1.38888888889
3 1.11111111111
36 0.925925925926
1 0.925925925926
1 0.925925925926
2 1.23456790123
103 0.925925925926
1 0.925925925926
7 1.62037037037
106 1.46489773355
191 0.940701339638
84 1.06544901065
