5 0 0 0 0
2 2 4 20000 1
1 1 2 10000 1
8 8 16 80000 1
2 0 0 0 0
1 1 2 10000 1
7 0 0 0 0
4 1 2 12600 0
5 0 0 0 0
6 0 0 0 0
7 7 14 70000 1
1 1 2 10000 1
5 2 4 22600 0
5 0 0 0 0
3 4 6 30000 1
7 0 0 0 0
1 2 2 10000 1
8 5 10 57800 0
7 7 14 70000 1
6 7 12 60000 1
5 2 4 22600 0
7 0 0 0 0
2 3 4 20000 1
4 5 8 40000 1
8 5 13 68900 0
6 2 7 38900 0
4 2 4 22600 0
3 2 4 22600 0
5 0 0 0 0
5 2 6 35200 0
8 6 16 80000 1
1 0 0 0 0
2 2 4 20000 1
8 6 16 80000 1
5 0 0 0 0
3 2 4 20000 0
2 4 4 20000 1
4 2 6 32600 0
6 0 0 0 0
2 0 0 0 0
2 0 0 0 0
1 2 2 10000 1
2 2 4 20000 1
1 2 2 10000 1
1 1 2 10000 1
4 3 6 32600 0
2 0 0 0 0
1 2 2 10000 1
2 0 0 0 0
7 9 14 70000 1
2 0 0 0 0
5 6 10 50000 1
5 0 0 0 0
5 1 3 18900 0
3 3 6 30000 1
4 3 8 40000 1
1 2 2 10000 1
2 0 0 0 0
5 0 0 0 0
3 5 6 30000 1
4 3 7 36300 0
4 2 6 32600 0
2 0 0 0 0
3 8 6 30000 1
3 2 4 20000 0
6 4 8 45200 0
3 2 6 30000 1
6 2 6 32600 0
7 9 14 70000 1
5 7 10 50000 1
7 2 4 22600 0
1 1 2 10000 1
2 4 4 20000 1
5 3 9 46300 0
2 0 0 0 0
8 3 6 35200 0
4 0 0 0 0
1 1 2 10000 1
5 3 6 35200 0
3 7 6 30000 1
4 0 0 0 0
3 1 2 12600 0
4 0 0 0 0
5 2 8 42600 0
6 0 0 0 0
7 3 6 35200 0
7 2 4 22600 0
8 7 16 80000 1
3 0 0 0 0
5 2 9 46300 0
6 6 12 60000 1
2 1 2 12600 0
8 1 2 12600 0
1 1 2 10000 1
6 4 12 60000 1
2 0 0 0 0
1 2 2 10000 1
4 0 0 0 0
6 4 8 45200 0
8 1 2 12600 0
6 4 12 60000 1
1 0 0 0 0
