4 5.0
2 5.0
5 5.0
7 5.0
1 5.0
2 5.0
8 5.0
6 5.0
8 5.0
5 5.0
6 5.0
8 5.0
7 5.0
1 5.0
8 5.0
6 5.0
7 5.0
6 5.0
2 5.0
5 5.0
3 5.0
4 5.0
5 5.0
5 5.0
3 5.0
8 5.0
1 5.0
3 5.0
3 5.0
6 5.0
3 5.0
3 5.0
5 5.0
7 5.0
7 5.0
1 5.0
6 5.0
7 5.0
2 5.0
6 5.0
3 5.0
2 5.0
1 5.0
5 5.0
3 5.0
1 5.0
6 5.0
3 5.0
4 5.0
2 5.0
1 5.0
7 5.0
4 5.0
3 5.0
7 5.0
8 5.0
1 5.0
4 5.0
1 5.0
5 5.0
1 5.0
1 5.0
6 5.0
8 5.0
1 5.0
7 5.0
7 5.0
4 5.0
6 5.0
8 5.0
6 5.0
4 5.0
7 5.0
5 5.0
7 5.0
8 5.0
2 5.0
4 5.0
5 5.0
5 5.0
3 5.0
3 5.0
2 5.0
5 5.0
3 5.0
7 5.0
7 5.0
3 5.0
7 5.0
3 5.0
7 5.0
5 5.0
7 5.0
1 5.0
1 5.0
3 5.0
6 5.0
1 5.0
5 5.0
6 5.0
7 5.0
4 5.0
1 5.0
3 5.0
7 5.0
4 5.0
2 5.0
4 5.0
6 5.0
2 5.0
3 5.0
6 5.0
1 5.0
3 5.0
7 5.0
4 5.0
15 5.0
17 5.0
22 5.0
26 5.0
20 5.0
