4 1 3 28080 0
3 2 6 30000 1
5 3 10 50000 1
8 4 16 80000 1
6 0 0 0 0
1 1 2 10000 1
7 1 2 18720 0
2 2 4 20000 1
2 2 4 20000 1
3 2 6 30000 1
5 1 2 18720 0
3 0 0 0 0
6 1 2 18720 0
5 0 0 0 0
6 0 0 0 0
3 2 6 30000 1
4 5 8 40000 1
8 2 10 76160 0
2 4 4 20000 1
6 3 12 60000 1
6 8 12 60000 1
1 1 2 10000 1
4 0 0 0 0
5 4 10 50000 1
2 5 4 20000 1
5 3 6 47440 0
2 2 4 20000 1
1 1 2 10000 1
4 3 8 40000 1
4 1 3 28080 0
2 1 2 18720 0
1 1 2 10000 1
2 1 2 18720 0
5 2 10 50000 1
1 0 0 0 0
7 3 6 38720 0
5 0 0 0 0
4 1 2 18720 0
2 2 4 20000 1
8 1 3 28080 0
8 0 0 0 0
7 9 14 70000 1
5 5 10 50000 1
2 2 4 20000 1
2 0 0 0 0
7 4 14 70000 1
6 3 12 60000 1
1 1 2 10000 1
5 3 10 50000 1
1 0 0 0 0
6 2 5 38080 0
5 2 7 48080 0
7 3 9 66800 0
5 0 0 0 0
3 2 6 30000 1
2 1 3 19360 0
1 2 2 10000 1
5 2 10 50000 1
6 6 12 60000 1
3 2 6 30000 1
8 1 2 18720 0
6 2 12 60000 1
8 5 16 80000 1
2 0 0 0 0
1 2 2 10000 1
1 0 0 0 0
3 0 0 0 0
5 0 0 0 0
1 2 2 10000 1
4 2 8 40000 1
6 2 5 38080 0
6 8 12 60000 1
3 1 4 28720 0
2 1 4 20000 1
8 0 0 0 0
7 6 14 70000 1
8 2 8 66160 0
2 1 3 19360 0
8 3 6 47440 0
3 1 5 29360 0
1 2 2 10000 1
7 7 14 70000 1
6 5 12 60000 1
6 0 0 0 0
4 1 3 28080 0
3 2 5 29360 0
