7 0.833333333333
7 0.833333333333
6 0.833333333333
4 0.833333333333
9 0.833333333333
4 0.833333333333
9 0.833333333333
8 0.833333333333
2 0.833333333333
1 0.833333333333
7 0.833333333333
3 0.833333333333
8 0.833333333333
2 0.833333333333
9 0.833333333333
6 0.833333333333
4 0.833333333333
5 0.833333333333
2 0.833333333333
8 0.833333333333
8 0.833333333333
2 0.833333333333
3 0.833333333333
7 0.833333333333
3 0.833333333333
3 0.833333333333
7 0.833333333333
1 0.833333333333
7 0.833333333333
4 0.833333333333
9 0.833333333333
6 0.833333333333
6 0.833333333333
7 0.833333333333
5 0.833333333333
7 0.833333333333
1 0.833333333333
8 0.833333333333
8 0.833333333333
5 0.833333333333
2 0.833333333333
2 0.833333333333
2 0.833333333333
7 0.833333333333
2 0.833333333333
6 0.833333333333
6 0.833333333333
3 0.833333333333
3 0.833333333333
6 0.833333333333
1 0.833333333333
7 0.833333333333
8 0.833333333333
5 0.833333333333
5 0.833333333333
7 0.833333333333
9 0.833333333333
1 0.833333333333
7 0.833333333333
8 0.833333333333
7 0.833333333333
4 0.833333333333
8 0.833333333333
1 0.833333333333
6 0.833333333333
7 0.833333333333
6 0.833333333333
8 0.833333333333
5 0.833333333333
7 0.833333333333
5 0.833333333333
4 0.833333333333
4 0.833333333333
1 0.833333333333
4 0.833333333333
4 0.833333333333
3 0.833333333333
4 0.833333333333
1 0.833333333333
2 0.833333333333
3 0.833333333333
7 0.833333333333
3 0.833333333333
3 0.833333333333
8 0.833333333333
2 0.833333333333
5 0.833333333333
5 0.833333333333
3 0.833333333333
7 0.833333333333
8 0.833333333333
3 0.833333333333
8 0.833333333333
4 0.833333333333
1 0.833333333333
6 0.833333333333
9 0.833333333333
2 0.833333333333
8 0.833333333333
28 0.833333333333
20 0.833333333333
122 0.833333333333
2 0.833333333333
1 0.833333333333
6 0.833333333333
1 0.833333333333
1 0.833333333333
3 0.833333333333
1 0.833333333333
1 0.833333333333
1 0.833333333333
1 0.833333333333
1 0.833333333333
1 0.833333333333
2 0.833333333333
1 0.833333333333
1 0.833333333333
216 0.833333333333
9 0.833333333333
1 0.833333333333
7 0.833333333333
38 0.833333333333
2 0.833333333333
5 0.833333333333
1 0.833333333333
23 0.833333333333
1 0.833333333333
1 0.833333333333
1 0.833333333333
16 0.833333333333
92 0.833333333333
1 0.833333333333
13 0.833333333333
1 0.833333333333
1 0.833333333333
1 0.833333333333
1 0.833333333333
5 0.833333333333
11 0.833333333333
1 0.833333333333
57 0.833333333333
6 0.833333333333
1 0.833333333333
7 0.833333333333
1 0.833333333333
13 0.833333333333
3 0.833333333333
2 0.833333333333
19 0.833333333333
1 0.833333333333
1 0.833333333333
1 0.833333333333
8 0.833333333333
