7 1 7 70000 1
6 1 6 60000 1
1 1 1 10000 1
8 1 8 80000 1
6 1 6 60000 1
2 1 2 20000 1
3 1 3 30000 1
1 1 1 10000 1
2 1 2 20000 1
3 1 3 30000 1
5 1 5 50000 1
5 1 5 50000 1
6 1 6 60000 1
7 1 7 70000 1
2 1 2 20000 1
5 1 5 50000 1
4 2 4 40000 1
7 1 7 70000 1
2 1 2 20000 1
1 1 1 10000 1
3 1 3 30000 1
5 1 5 50000 1
6 1 6 60000 1
5 1 5 50000 1
3 1 3 30000 1
2 1 2 20000 1
4 1 4 40000 1
2 1 2 20000 1
8 2 8 80000 1
7 1 7 70000 1
5 1 5 50000 1
7 1 7 70000 1
7 2 7 70000 1
4 2 4 40000 1
8 2 8 80000 1
8 1 8 80000 1
4 1 4 40000 1
4 1 4 40000 1
8 2 8 80000 1
5 2 5 50000 1
6 1 6 60000 1
3 1 3 30000 1
1 1 1 10000 1
7 1 7 70000 1
5 1 5 50000 1
8 2 8 80000 1
5 1 5 50000 1
5 1 5 50000 1
2 1 2 20000 1
2 1 2 20000 1
7 1 7 70000 1
7 1 7 70000 1
5 1 5 50000 1
5 1 5 50000 1
7 1 7 70000 1
8 1 8 80000 1
4 1 4 40000 1
2 1 2 20000 1
7 2 7 70000 1
2 1 2 20000 1
4 1 4 40000 1
8 1 8 80000 1
7 1 7 70000 1
1 1 1 10000 1
7 1 7 70000 1
2 1 2 20000 1
6 2 6 60000 1
3 1 3 30000 1
3 1 3 30000 1
1 1 1 10000 1
3 1 3 30000 1
3 1 3 30000 1
1 1 1 10000 1
2 1 2 20000 1
1 1 1 10000 1
2 1 2 20000 1
5 1 5 50000 1
3 1 3 30000 1
7 1 7 70000 1
5 1 5 50000 1
1 1 1 10000 1
2 1 2 20000 1
7 2 7 70000 1
5 1 5 50000 1
7 2 7 70000 1
4 1 4 40000 1
3 1 3 30000 1
5 1 5 50000 1
1 1 1 10000 1
5 1 5 50000 1
8 1 8 80000 1
3 1 3 30000 1
1 1 1 10000 1
5 1 5 50000 1
2 1 2 20000 1
6 1 6 60000 1
3 1 3 30000 1
3 1 3 30000 1
1 1 1 10000 1
6 2 6 60000 1
3 1 3 30000 1
6 1 6 60000 1
5 1 5 50000 1
6 1 6 60000 1
1 1 1 10000 1
35 1 22 220000 0
32 2 32 320000 1
15 1 15 150000 1
14 2 14 140000 1
37 2 37 370000 1
33 2 33 330000 1
33 1 27 270000 0
31 1 28 280000 0
25 1 22 220000 0
13 2 13 130000 1
9 1 9 90000 1
