7 2.7027027027
6 2.7027027027
1 2.7027027027
8 2.7027027027
6 2.7027027027
2 2.7027027027
3 2.7027027027
1 2.7027027027
2 2.7027027027
3 2.7027027027
5 2.7027027027
5 2.7027027027
6 2.7027027027
7 2.7027027027
2 2.7027027027
5 2.7027027027
4 2.7027027027
7 2.7027027027
2 2.7027027027
1 2.7027027027
3 2.7027027027
5 2.7027027027
6 2.7027027027
5 2.7027027027
3 2.7027027027
2 2.7027027027
4 2.7027027027
2 2.7027027027
8 2.7027027027
7 2.7027027027
5 2.7027027027
7 2.7027027027
7 2.7027027027
4 2.7027027027
8 2.7027027027
8 2.7027027027
4 2.7027027027
4 2.7027027027
8 2.7027027027
5 2.7027027027
6 2.7027027027
3 2.7027027027
1 2.7027027027
7 2.7027027027
5 2.7027027027
8 2.7027027027
5 2.7027027027
5 2.7027027027
2 2.7027027027
2 2.7027027027
7 2.7027027027
7 2.7027027027
5 2.7027027027
5 2.7027027027
7 2.7027027027
8 2.7027027027
4 2.7027027027
2 2.7027027027
7 2.7027027027
2 2.7027027027
4 2.7027027027
8 2.7027027027
7 2.7027027027
1 2.7027027027
7 2.7027027027
2 2.7027027027
6 2.7027027027
3 2.7027027027
3 2.7027027027
1 2.7027027027
3 2.7027027027
3 2.7027027027
1 2.7027027027
2 2.7027027027
1 2.7027027027
2 2.7027027027
5 2.7027027027
3 2.7027027027
7 2.7027027027
5 2.7027027027
1 2.7027027027
2 2.7027027027
7 2.7027027027
5 2.7027027027
7 2.7027027027
4 2.7027027027
3 2.7027027027
5 2.7027027027
1 2.7027027027
5 2.7027027027
8 2.7027027027
3 2.7027027027
1 2.7027027027
5 2.7027027027
2 2.7027027027
6 2.7027027027
3 2.7027027027
3 2.7027027027
1 2.7027027027
6 2.7027027027
3 2.7027027027
6 2.7027027027
5 2.7027027027
6 2.7027027027
1 2.7027027027
35 2.7027027027
32 2.7027027027
15 2.7027027027
14 2.7027027027
37 2.7027027027
33 2.7027027027
33 2.7027027027
31 2.7027027027
25 2.7027027027
13 2.7027027027
9 2.7027027027
