5 0 0 0 0
4 12 184 32702 0
7 9 160 40350 0
3 2 25 3798 0
2 18 122 20000 1
5 10 213 50000 1
5 13 199 31436 0
2 39 126 20000 1
7 25 350 70000 1
3 9 92 15181 0
6 12 214 42619 0
2 21 140 20000 1
1 18 109 8445 0
7 18 313 70000 1
2 31 155 20000 1
6 1 13 5181 0
5 24 285 50000 1
1 20 118 10000 1
4 25 301 40000 1
4 20 236 40000 1
7 2 35 8145 0
5 16 271 50000 1
7 2 29 10615 0
8 9 167 40838 0
8 11 247 48686 0
1 9 98 10000 1
4 16 154 18646 0
7 6 98 19285 0
4 8 160 39270 0
1 4 33 2909 0
8 17 350 69618 0
3 14 182 30000 1
5 12 146 22770 0
3 18 187 30000 1
5 14 218 50000 1
6 7 115 30999 0
8 15 262 46136 0
5 8 85 12709 0
1 2 21 2447 0
1 8 51 5979 0
2 16 131 16655 0
4 24 234 40000 1
3 5 67 16599 0
7 18 335 70000 1
6 4 88 28991 0
8 6 85 17608 0
1 15 102 10000 1
6 5 99 37844 0
2 1 8 1656 0
3 8 127 22350 0
7 4 122 27709 0
8 4 90 17394 0
1 0 0 0 0
9 14 196 35633 0
7 11 173 48591 0
2 15 124 15876 0
1 7 65 6505 0
3 7 94 21210 0
5 7 137 28936 0
4 12 202 40000 1
2 2 33 5124 0
6 8 97 16484 0
3 0 0 0 0
5 4 74 24172 0
4 14 207 31746 0
2 5 62 11215 0
5 13 184 43735 0
1 8 40 2337 0
1 29 113 10000 1
5 1 15 4327 0
6 2 17 1809 0
1 10 43 2812 0
3 7 78 15904 0
7 8 119 21606 0
7 14 292 70000 1
5 21 275 50000 1
8 4 123 35142 0
8 12 197 60262 0
1 9 61 5182 0
8 10 238 50274 0
3 10 118 18674 0
7 5 90 24832 0
8 4 88 27316 0
2 44 149 20000 1
4 3 35 9192 0
2 10 120 18007 0
1 3 35 3306 0
2 3 24 4160 0
3 2 24 4138 0
5 16 256 50000 1
