8 1.30425438596
2 0.4875
1 0.36231884058
8 0.653594771242
7 1.1394
1 0.307594339623
6 0.467289719626
2 0.574573170732
5 0.849736842105
5 0.668449197861
4 0.602409638554
6 0.557620817844
4 0.595238095238
3 0.513698630137
2 0.446428571429
4 0.928640350877
9 1.65241666667
5 0.578703703704
6 0.887573964497
2 0.472138157895
4 0.657894736842
2 0.515463917526
5 0.68306010929
1 0.294117647059
1 0.396825396825
3 0.641025641026
4 0.932666666667
9 0.995575221239
4 0.602409638554
7 0.70281124498
4 0.679956140351
2 0.462962962963
1 0.390625
10 0.6591
2 0.38762195122
4 0.707004310345
2 0.552272727273
2 0.574473684211
9 0.929384615385
3 0.480769230769
6 1.07233333333
8 0.760456273764
6 0.681818181818
9 0.633802816901
8 1.10089285714
4 0.78125
6 0.635593220339
1 0.390625
9 0.819162303665
5 0.990317460317
3 0.595238095238
6 0.857142857143
3 0.580909090909
3 0.80578125
1 0.294117647059
6 0.955652173913
7 0.734865591398
8 0.724637681159
9 0.902023809524
2 0.480568181818
5 0.666901408451
6 0.749194915254
2 0.378787878788
2 0.446428571429
7 0.539185185185
7 0.866336633663
9 0.78125
3 0.5859375
2 0.524038461538
5 0.657894736842
1 0.29125
2 0.396825396825
9 0.835763888889
6 1.15380434783
9 1.20988636364
2 0.502602739726
6 0.76589673913
2 0.510204081633
5 0.832865853659
2 0.549450549451
9 1.20894230769
7 0.99142
5 0.504032258065
4 0.856826923077
1 0.43523255814
7 0.700687919463
6 0.757575757576
2 0.516805555556
3 0.863958333333
4 0.661975308642
1 0.274725274725
3 0.684027777778
8 0.72202166065
8 1.24470588235
8 0.709219858156
8 0.84765
6 0.731707317073
2 0.561797752809
7 1.05394444444
1 0.373272727273
8 0.819672131148
5 0.790691489362
8 0.80954787234
6 0.697674418605
9 0.618131868132
6 0.649350649351
7 0.968350515464
6 0.561797752809
1 0.386971153846
4 0.641025641026
8 0.581395348837
2 0.51798245614
8 0.740740740741
9 0.416041666667
5 0.858409090909
1 0.337837837838
1 0.333333333333
4 0.666666666667
7 0.862068965517
9 0.763173076923
5 0.630913043478
2 0.37037037037
9 0.978549382716
9 0.774134615385
3 0.669791666667
7 0.609756097561
9 0.770547945205
4 0.474915966387
9 0.966262376238
7 0.641025641026
1 0.320512820513
2 0.734230769231
5 0.586854460094
9 0.935608108108
2 0.515463917526
4 0.664835526316
8 1.15890625
3 0.537990196078
3 0.755394736842
4 0.699615384615
4 0.740740740741
2 0.596097560976
4 0.937391304348
6 0.776321138211
8 0.60641025641
6 0.686527777778
3 0.419736842105
8 1.0152284264
1 0.37225
8 0.724637681159
2 0.384615384615
4 0.595238095238
8 0.860434782609
5 0.550660792952
6 0.700934579439
5 0.506072874494
5 0.96875
4 0.827558139535
6 0.75
4 0.724268292683
8 0.843
6 1.23964285714
9 1.06357142857
4 0.819672131148
6 1.01365384615
7 0.953918269231
5 0.925110619469
6 0.887573964497
8 0.784593023256
7 0.921835106383
4 0.558659217877
6 1.06633928571
9 0.703125
6 0.986158536585
5 0.657894736842
4 0.743684210526
7 0.978684210526
8 0.539034482759
5 1.07109375
8 0.729927007299
2 0.467289719626
2 0.625
3 0.546156716418
1 0.36231884058
4 0.641875
3 0.625
19 0.836277173913
1 0.326875
91 0.989404761905
26 1.27201565558
1 0.284090909091
2 0.476785714286
108 1.07520833333
7 1.31044117647
1 0.384615384615
1 0.359326923077
1 0.357142857143
90 0.845546786922
8 0.859054487179
1 0.307954545455
108 0.798108187999
3 0.624801587302
1 0.342465753425
1 0.347318181818
245 1.086875
57 0.651746031746
135 1.33663366337
1 0.373134328358
1 0.348166666667
1 0.35925
2 0.565657894737
6 0.802139037433
1 0.328947368421
23 0.648461538462
207 0.886889460154
22 1.53951923077
1 0.367647058824
265 1.16166929686
24 1.64615079365
61 1.09352272727
1 0.320512820513
79 0.988488488488
100 1.17125
5 0.59075
1 0.294117647059
1 0.347222222222
1 0.352112676056
1 0.386173469388
178 0.825756169976
56 0.901481004507
83 0.9918359375
1 0.342465753425
163 1.01166832175
90 0.797024442083
91 1.15482233503
1 0.333333333333
169 0.899294871795
41 0.888214904679
8 0.851063829787
1 0.41412037037
1 0.396825396825
1 0.395227272727
259 1.03072269978
43 0.778985507246
1 0.316455696203
1 0.287356321839
1 0.320512820513
9 0.806451612903
31 0.689501779359
54 0.815709969789
1 0.341557377049
6 1.15384615385
10 0.538793103448
1 0.487708333333
1 0.3125
1 0.347222222222
1 0.36231884058
4 0.947321428571
2 0.509861111111
15 0.825673076923
1 0.36231884058
155 0.985648148148
1 0.342583333333
10 0.950570342205
