4 14 274 40000 1
6 24 421 60000 1
4 23 255 40000 1
3 10 231 30000 1
7 11 350 50716 0
8 10 294 80000 1
2 12 135 13124 0
2 21 211 20000 1
4 3 76 11975 0
5 1 23 6723 0
3 1 19 3228 0
4 22 308 40000 1
2 39 224 20000 1
6 21 473 60000 1
2 1 20 2770 0
3 22 244 30000 1
5 19 338 50000 1
6 29 480 60000 1
5 15 319 50000 1
7 18 489 70000 1
5 2 46 9613 0
7 9 146 32314 0
5 6 155 35183 0
8 6 95 18209 0
2 3 65 9762 0
6 5 146 23433 0
4 22 253 40000 1
7 2 79 18643 0
2 14 164 20000 1
6 3 150 30858 0
1 11 117 10000 1
5 7 117 22086 0
3 14 220 30000 1
3 1 22 3306 0
1 28 135 10000 1
1 6 106 7589 0
1 7 116 8769 0
5 20 392 50000 1
2 1 17 2508 0
4 1 54 6720 0
2 4 89 11934 0
5 7 160 34909 0
8 23 406 80000 1
7 8 350 70000 1
7 1 24 6728 0
7 14 417 70000 1
5 1 23 6580 0
1 8 71 4038 0
4 20 344 40000 1
5 13 275 50000 1
5 3 62 10681 0
1 21 134 10000 1
6 9 153 34109 0
3 17 257 30000 1
2 16 184 20000 1
2 16 181 20000 1
6 10 342 60000 1
5 17 321 50000 1
7 18 419 70000 1
7 4 167 39756 0
6 22 473 60000 1
6 1 21 6046 0
5 30 436 50000 1
4 1 26 6736 0
2 1 27 3154 0
1 24 137 10000 1
8 18 502 80000 1
6 24 514 60000 1
2 1 26 4107 0
3 29 257 30000 1
7 8 278 44594 0
7 23 399 70000 1
2 19 185 20000 1
5 22 283 50000 1
2 17 155 20000 1
8 20 485 80000 1
5 12 263 50000 1
2 6 90 12177 0
5 20 308 50000 1
5 21 436 50000 1
5 4 154 28845 0
3 1 21 4191 0
3 2 66 9634 0
7 25 361 70000 1
7 3 77 19178 0
2 31 245 20000 1
5 6 82 20412 0
7 10 183 36848 0
5 17 277 50000 1
5 5 112 25125 0
7 11 351 70000 1
1 24 130 10000 1
3 1 9 1596 0
7 21 362 70000 1
7 16 406 70000 1
4 19 299 40000 1
1 35 129 10000 1
1 31 126 10000 1
4 1 13 2675 0
7 4 75 15763 0
6 8 197 40125 0
2 5 73 11065 0
5 13 281 50000 1
8 1 25 6707 0
1 37 127 10000 1
1 24 147 10000 1
1 2 29 2472 0
1 18 154 10000 1
4 19 262 40000 1
4 23 265 40000 1
5 18 403 50000 1
7 31 546 70000 1
4 2 67 12347 0
7 12 327 56156 0
7 14 404 70000 1
6 22 395 60000 1
1 6 74 6669 0
3 14 231 30000 1
5 2 28 8050 0
2 5 89 11852 0
6 15 306 45024 0
8 20 352 80000 1
7 22 419 70000 1
5 17 292 50000 1
28 9 860 280000 1
8 32 470 80000 1
36 3 138 58767 0
8 24 511 80000 1
17 1 27 7245 0
21 1 55 11147 0
34 18 1569 340000 1
35 1 40 18693 0
31 16 1549 310000 1
34 18 1363 340000 1
29 1 32 8678 0
22 1 26 7072 0
20 4 118 44397 0
