4 0.260688216893
6 0.254496097727
4 0.280112044818
3 0.231910946197
7 0.258755102041
8 0.485908649174
2 0.173597883598
2 0.169262017603
4 0.281367481203
5 0.521972049689
3 0.303383458647
4 0.231910946197
2 0.15943877551
6 0.226517668378
2 0.247321428571
3 0.219555035129
5 0.264158918005
6 0.223214285714
5 0.279892521272
7 0.255623721881
5 0.373175465839
7 0.395229941292
5 0.405334101382
8 0.34227443609
2 0.268186813187
6 0.286607142857
4 0.282326369283
7 0.42140596745
2 0.217770034843
6 0.367357142857
1 0.152625152625
5 0.337087912088
3 0.243506493506
3 0.268344155844
1 0.132275132275
1 0.12784703504
1 0.134990763547
5 0.2277696793
2 0.263445378151
4 0.222222222222
2 0.239446227929
5 0.389609375
8 0.351864883885
7 0.357142857143
7 0.500595238095
7 0.299760191847
5 0.510869565217
1 0.101559356137
4 0.207641196013
5 0.324675324675
5 0.307632488479
1 0.133262260128
6 0.398097572362
3 0.20844913841
2 0.194099378882
2 0.197316495659
6 0.31328320802
5 0.278148642635
7 0.298329355609
7 0.425106928999
6 0.226517668378
6 0.514115646259
5 0.204783748362
4 0.462637362637
2 0.208597883598
1 0.130344108446
8 0.284575981787
6 0.20844913841
2 0.282074175824
3 0.20844913841
7 0.28644655704
7 0.31328320802
2 0.19305019305
5 0.315497223624
2 0.230414746544
8 0.294550810015
5 0.33948940793
2 0.241607142857
5 0.289888682746
5 0.204783748362
5 0.334473562152
3 0.35637755102
3 0.26066017316
7 0.346260387812
7 0.444758812616
2 0.145772594752
5 0.444512195122
7 0.35956284153
5 0.322331098504
5 0.400589923469
7 0.356125356125
1 0.137362637363
3 0.316666666667
7 0.345303867403
7 0.307881773399
4 0.238891543239
1 0.138427464009
1 0.141723356009
4 0.367445054945
7 0.37530952381
6 0.363714648296
2 0.270670254403
5 0.317742755465
8 0.479071428571
1 0.140607424072
1 0.121477162293
1 0.152216748768
1 0.115955473098
4 0.272628135224
4 0.269541778976
5 0.221552640907
7 0.228937728938
4 0.32907782516
7 0.306662297947
7 0.309405940594
6 0.271247739602
1 0.160931467181
3 0.231910946197
5 0.513392857143
2 0.237800963082
6 0.262745098039
8 0.405844155844
7 0.298329355609
5 0.305772994129
28 0.581395348837
8 0.303951367781
36 0.760442546584
8 0.279563880347
17 0.479166666667
21 0.361915584416
34 0.386961668032
35 0.834508928571
31 0.35737342064
34 0.445445970024
29 0.484263392857
22 0.485714285714
20 0.671867433414
