7 15 206 70000 1
3 0 0 0 0
3 5 81 30000 1
4 2 55 24709 0
7 5 104 70000 1
5 4 53 33891 0
1 5 47 10000 1
4 2 43 19690 0
5 0 0 0 0
5 17 145 50000 1
1 0 0 0 0
2 2 30 12017 0
3 2 26 13974 0
8 5 171 80000 1
8 0 0 0 0
8 10 197 80000 1
6 5 83 41224 0
5 4 63 36621 0
2 6 62 20000 1
6 3 78 60000 1
2 16 61 20000 1
5 5 114 50000 1
8 10 202 80000 1
4 3 54 29368 0
8 4 61 37338 0
5 3 75 50000 1
8 3 59 45033 0
3 11 99 30000 1
8 6 134 80000 1
3 22 109 30000 1
7 3 89 70000 1
6 1 35 24490 0
8 16 171 80000 1
2 8 57 20000 1
3 7 103 30000 1
3 18 112 30000 1
7 5 71 46828 0
8 0 0 0 0
1 18 50 10000 1
2 1 13 5287 0
6 14 178 60000 1
3 6 64 30000 1
4 0 0 0 0
5 3 78 50000 1
6 6 106 60000 1
4 1 13 8847 0
3 11 108 30000 1
3 8 73 30000 1
7 3 62 47821 0
5 5 78 47387 0
8 0 0 0 0
1 8 43 10000 1
1 19 44 10000 1
1 10 42 10000 1
8 9 157 80000 1
5 2 60 31697 0
1 8 47 10000 1
5 11 93 50000 1
6 2 33 27284 0
3 0 0 0 0
5 13 151 50000 1
6 0 0 0 0
2 14 79 20000 1
8 4 136 80000 1
8 5 114 80000 1
2 5 64 20000 1
7 0 0 0 0
4 7 88 40000 1
2 9 70 20000 1
6 6 115 60000 1
8 0 0 0 0
2 1 17 5179 0
5 1 43 27246 0
3 12 88 30000 1
8 14 163 80000 1
5 4 64 35182 0
7 8 119 70000 1
3 17 98 30000 1
1 8 56 10000 1
