7 1.51705452128
6 0.822368421053
8 1.5506567029
2 0.906458333333
2 0.836789772727
4 0.644329896907
3 0.600961538462
9 1.89592633929
7 0.804227941176
3 0.625
9 1.28771446078
2 0.496031746032
8 0.984251968504
9 0.837053571429
7 0.65494011976
1 0.332446808511
4 0.771604938272
4 0.871379573171
8 0.698324022346
5 0.96450617284
2 0.5466796875
9 1.99510869565
7 1.62533967391
6 0.997340425532
2 0.466417910448
7 0.647189349112
5 1.42391493056
8 0.631313131313
8 0.925925925926
2 0.78125
9 0.660211267606
7 1.63246268657
5 1.13224637681
7 1.77591463415
4 0.744047619048
3 0.9796875
6 1.66488970588
6 1.61180555556
8 1.93011363636
6 0.646551724138
5 0.703828828829
5 1.14402901786
8 1.70875
4 1.10397727273
8 1.22549019608
3 0.729719387755
9 1.21228448276
3 0.808963815789
4 0.844594594595
9 1.50191761364
2 0.833685661765
3 0.970809659091
6 0.829646017699
6 0.94696969697
4 0.548245614035
8 0.641025641026
2 0.568181818182
2 0.7484375
6 1.11607142857
1 0.464251893939
9 0.822368421053
8 1.601625
6 1.06534090909
6 1.69741071429
1 0.372375
7 1.1984375
5 0.840053763441
9 0.522769516729
1 0.339673913043
9 0.710227272727
9 1.25558035714
4 0.644329896907
2 0.583233173077
1 0.355113636364
3 1.09552556818
4 1.20192307692
5 0.984156976744
3 1.17016369048
4 0.711516203704
1 0.411184210526
9 0.812861271676
9 1.04166666667
5 1.26008064516
8 1.43879206731
8 1.49128289474
5 1.20192307692
6 0.732421875
9 2.08289262821
6 0.986842105263
10 1.20766369048
5 0.758495145631
2 0.762195121951
3 0.633445945946
1 0.392708333333
2 0.716666666667
9 1.04166666667
7 1.63919836957
8 0.874125874126
10 1.25
9 1.5545212766
1 0.429641544118
4 0.753012048193
5 1.13224431818
7 0.822368421053
1 0.472604166667
9 1.07347328244
8 1.87172619048
8 1.80029296875
4 1.02459016393
2 0.664893617021
5 0.751201923077
1 0.434027777778
6 1.32649872449
5 1.4078125
5 1.10035211268
2 0.548245614035
5 0.679347826087
3 0.744047619048
2 0.653046875
4 0.753012048193
4 0.657894736842
4 0.762195121951
2 0.752403846154
2 0.48828125
8 0.796178343949
2 0.694444444444
6 1.12951807229
6 0.852272727273
5 0.840053763441
3 0.706628787879
5 0.730140186916
9 0.884433962264
2 0.595738636364
5 1.62412109375
8 1.69754464286
4 0.905797101449
4 0.78125
2 0.600961538462
2 0.416666666667
1 0.30637254902
5 1.23350183824
6 1.47388392857
3 0.78125
4 0.753012048193
2 0.651041666667
6 1.62520833333
1 0.269396551724
9 1.58544642857
3 0.794491525424
7 0.724337748344
4 1.22549019608
2 0.77828125
4 0.880281690141
3 1.34722222222
9 1.01902173913
5 0.952743902439
6 0.732421875
8 0.739644970414
4 1.11620065789
7 0.754310344828
3 0.984188988095
9 0.794491525424
4 0.664893617021
2 0.78984375
7 0.444613821138
8 0.698324022346
9 1.67497159091
5 0.640368852459
5 0.417780748663
1 0.444901315789
6 1.39872159091
5 1.45772569444
3 0.808189655172
7 1.17607526882
10 1.37061403509
6 1.75604619565
8 1.54261363636
8 0.541125541126
3 0.756048387097
5 1.1294858871
4 1.0303030303
5 1.09555027174
66 0.697733423545
1 0.448391544118
1 0.556770833333
1 0.381097560976
1 0.36953125
1 0.390625
1 0.459558823529
164 1.53237847222
40 1.64041994751
90 1.98648097826
1 0.4288125
1 0.428425480769
10 1.14889705882
15 1.35476878613
34 1.06462925852
55 1.64631226054
1 0.439598214286
1 0.411184210526
61 1.54105902778
4 0.651041666667
8 1.30172413793
3 0.794491525424
1 0.390625
1 0.355113636364
1 0.300480769231
1 0.325520833333
9 1.21228448276
9 0.724871134021
1 0.390625
10 1.62628676471
61 0.94359375
1 0.363372093023
101 2.42043711656
79 0.713099364529
1 0.459558823529
1 0.504296875
44 1.4662109375
15 1.64662828947
1 0.531433823529
1 0.30637254902
133 1.03030490828
12 1.86889534884
1 0.367780172414
8 1.19393028846
60 1.26177658143
1 0.411184210526
1 0.400641025641
8 1.6856875
1 0.31887755102
1 0.48251953125
2 0.538793103448
105 1.65969460227
1 0.372023809524
1 0.294811320755
2 0.651041666667
1 0.393198529412
12 1.38888888889
1 0.504032258065
4 0.625
2 0.505447635135
287 1.60074573864
10 1.43741319444
1 0.390625
1 0.410481770833
1 0.462934027778
1 0.5078125
19 1.78840361446
186 1.77390046296
116 1.71245659722
1 0.404567307692
1 0.375868055556
1 0.434027777778
1 0.459558823529
1 0.294811320755
1 0.3125
1 0.381097560976
1 0.325520833333
1 0.475892857143
258 1.27651994934
70 0.849844599845
1 0.400641025641
163 1.18349210037
