3 3 77 15400 0
3 5 76 15200 0
2 17 100 20000 1
1 15 50 10000 1
7 5 173 34600 0
4 3 110 22000 0
2 13 100 20000 1
5 8 250 50000 1
1 1 17 3400 0
1 7 50 10000 1
2 3 72 14400 0
5 4 124 24800 0
5 21 250 50000 1
5 32 250 50000 1
2 1 24 4800 0
7 5 149 29800 0
9 23 450 90000 1
1 10 50 10000 1
6 1 35 7000 0
8 23 400 80000 1
1 3 45 9000 0
3 17 150 30000 1
3 27 150 30000 1
1 1 24 4800 0
1 1 30 6000 0
3 17 150 30000 1
3 14 150 30000 1
5 25 250 50000 1
7 30 350 70000 1
9 3 45 9000 0
5 18 250 50000 1
8 16 400 80000 1
7 3 93 18600 0
5 13 150 30000 0
6 12 165 33000 0
9 11 369 73800 0
8 16 343 68600 0
4 12 200 40000 1
2 5 70 14000 0
6 2 82 16400 0
8 1 34 6800 0
1 1 16 3200 0
4 34 200 40000 1
4 27 200 40000 1
9 4 115 23000 0
2 15 100 20000 1
1 3 50 10000 1
4 16 200 40000 1
9 7 161 32200 0
1 16 50 10000 1
5 18 250 50000 1
5 24 250 50000 1
4 1 19 3800 0
5 19 250 50000 1
3 9 118 23600 0
1 1 14 2800 0
8 21 400 80000 1
8 7 274 54800 0
1 1 31 6200 0
2 5 80 16000 0
4 20 200 40000 1
4 5 83 16600 0
7 17 287 57400 0
3 4 75 15000 0
4 38 200 40000 1
7 2 47 9400 0
3 4 95 19000 0
2 13 100 20000 1
1 2 40 8000 0
2 3 75 15000 0
4 11 182 36400 0
8 1 20 4000 0
7 16 350 70000 1
6 17 300 60000 1
2 3 78 15600 0
1 4 50 10000 1
2 8 100 20000 1
8 17 314 62800 0
6 8 253 50600 0
3 21 150 30000 1
1 1 22 4400 0
3 18 150 30000 1
7 8 210 42000 0
2 1 19 3800 0
4 16 200 40000 1
3 8 118 23600 0
3 4 80 16000 0
3 9 131 26200 0
9 16 417 83400 0
6 16 300 60000 1
1 2 50 10000 1
1 1 21 4200 0
7 11 196 39200 0
6 12 198 39600 0
3 16 150 30000 1
9 7 143 28600 0
6 1 41 8200 0
8 43 400 80000 1
3 20 150 30000 1
7 5 93 18600 0
1 12 50 10000 1
8 26 400 80000 1
8 35 400 80000 1
5 17 250 50000 1
5 7 149 29800 0
6 1 26 5200 0
4 20 200 40000 1
6 31 300 60000 1
8 22 400 80000 1
5 2 23 4600 0
1 11 50 10000 1
7 14 347 69400 0
5 19 250 50000 1
2 24 100 20000 1
6 15 259 51800 0
25 7 226 45200 0
28 15 482 96400 0
23 17 843 168600 0
38 17 726 145200 0
11 59 550 110000 1
40 4 181 36200 0
18 22 873 174600 0
41 14 474 94800 0
23 17 753 150600 0
10 6 179 35800 0
28 73 1400 280000 1
10 13 277 55400 0
