3 1.0
3 1.0
2 1.0
1 1.0
7 1.0
4 1.0
2 1.0
5 1.0
1 1.0
1 1.0
2 1.0
5 1.0
5 1.0
5 1.0
2 1.0
7 1.0
9 1.0
1 1.0
6 1.0
8 1.0
1 1.0
3 1.0
3 1.0
1 1.0
1 1.0
3 1.0
3 1.0
5 1.0
7 1.0
9 1.0
5 1.0
8 1.0
7 1.0
5 1.0
6 1.0
9 1.0
8 1.0
4 1.0
2 1.0
6 1.0
8 1.0
1 1.0
4 1.0
4 1.0
9 1.0
2 1.0
1 1.0
4 1.0
9 1.0
1 1.0
5 1.0
5 1.0
4 1.0
5 1.0
3 1.0
1 1.0
8 1.0
8 1.0
1 1.0
2 1.0
4 1.0
4 1.0
7 1.0
3 1.0
4 1.0
7 1.0
3 1.0
2 1.0
1 1.0
2 1.0
4 1.0
8 1.0
7 1.0
6 1.0
2 1.0
1 1.0
2 1.0
8 1.0
6 1.0
3 1.0
1 1.0
3 1.0
7 1.0
2 1.0
4 1.0
3 1.0
3 1.0
3 1.0
9 1.0
6 1.0
1 1.0
1 1.0
7 1.0
6 1.0
3 1.0
9 1.0
6 1.0
8 1.0
3 1.0
7 1.0
1 1.0
8 1.0
8 1.0
5 1.0
5 1.0
6 1.0
4 1.0
6 1.0
8 1.0
5 1.0
1 1.0
7 1.0
5 1.0
2 1.0
6 1.0
25 1.0
28 1.0
23 1.0
38 1.0
11 1.0
40 1.0
18 1.0
41 1.0
23 1.0
10 1.0
28 1.0
10 1.0
