9 11 360 90000 1
4 1 43 10836 0
9 13 360 90000 1
7 18 280 70000 1
6 3 196 49072 0
1 3 40 10000 1
6 13 240 60000 1
1 1 40 10000 1
2 1 56 14032 0
8 7 320 80000 1
2 11 80 20000 1
7 6 280 70000 1
4 7 160 40000 1
3 3 120 30000 1
8 2 102 25624 0
4 8 160 40000 1
8 25 320 80000 1
2 1 30 7560 0
5 2 81 20332 0
4 4 160 40000 1
3 9 120 30000 1
5 12 200 50000 1
8 10 320 80000 1
5 17 200 50000 1
8 17 320 80000 1
6 2 90 22600 0
3 8 120 30000 1
4 14 160 40000 1
3 9 120 30000 1
9 1 52 13104 0
4 9 160 40000 1
4 18 160 40000 1
9 14 360 90000 1
8 13 320 80000 1
4 5 144 36048 0
5 20 200 50000 1
1 6 40 10000 1
9 2 69 17308 0
6 6 240 60000 1
8 10 320 80000 1
3 11 120 30000 1
2 1 56 14032 0
6 4 146 36632 0
7 11 280 70000 1
4 1 68 17056 0
7 27 280 70000 1
7 4 252 63104 0
2 3 80 20000 1
9 19 360 90000 1
4 18 160 40000 1
9 3 215 53940 0
7 4 148 37136 0
9 20 360 90000 1
7 7 280 70000 1
2 5 80 20000 1
8 10 320 80000 1
4 17 160 40000 1
4 6 160 40000 1
2 8 80 20000 1
5 2 74 18568 0
8 1 72 18144 0
7 13 280 70000 1
7 9 280 70000 1
1 1 40 10000 1
4 1 53 13276 0
5 9 200 50000 1
8 11 320 80000 1
5 17 200 50000 1
4 14 160 40000 1
5 13 200 50000 1
8 1 36 9072 0
2 1 56 14032 0
9 8 360 90000 1
6 6 240 60000 1
8 17 320 80000 1
6 15 240 60000 1
7 8 280 70000 1
7 9 280 70000 1
7 18 280 70000 1
8 6 190 47720 0
7 16 280 70000 1
3 5 120 30000 1
5 8 200 50000 1
4 1 36 9072 0
6 15 240 60000 1
4 7 160 40000 1
1 5 40 10000 1
8 9 320 80000 1
3 10 120 30000 1
1 1 29 7308 0
1 2 40 10000 1
6 1 75 18820 0
8 2 107 26804 0
7 13 280 70000 1
7 22 280 70000 1
5 15 200 50000 1
7 5 191 47892 0
4 1 34 8568 0
3 1 59 14788 0
9 3 167 41844 0
1 1 29 7308 0
3 10 120 30000 1
9 17 360 90000 1
7 14 280 70000 1
7 6 255 63780 0
7 13 280 70000 1
2 4 80 20000 1
1 1 36 9072 0
9 22 360 90000 1
4 6 160 40000 1
1 2 40 10000 1
5 3 177 44284 0
4 9 160 40000 1
3 12 120 30000 1
6 3 122 30584 0
40 17 1600 400000 1
42 18 1680 420000 1
43 15 1683 420916 0
13 9 331 83012 0
42 22 1680 420000 1
27 16 1080 270000 1
20 19 800 200000 1
43 19 1720 430000 1
31 11 569 142748 0
25 4 418 104696 0
15 6 403 100916 0
40 10 739 185268 0
