4 0.992063492063
4 0.992063492063
10 0.992063492063
2 0.992063492063
10 0.992063492063
5 0.992063492063
6 0.992063492063
8 0.992063492063
5 0.992063492063
6 0.992063492063
11 0.992063492063
1 0.992063492063
6 0.992063492063
8 0.992063492063
4 0.992063492063
2 0.992063492063
11 0.992063492063
3 0.992063492063
4 0.992063492063
6 0.992063492063
1 0.992063492063
4 0.992063492063
3 0.992063492063
9 0.992063492063
4 0.992063492063
7 0.992063492063
7 0.992063492063
2 0.992063492063
8 0.992063492063
2 0.992063492063
2 0.992063492063
7 0.992063492063
3 0.992063492063
8 0.992063492063
5 0.992063492063
6 0.992063492063
5 0.992063492063
11 0.992063492063
11 0.992063492063
6 0.992063492063
4 0.992063492063
4 0.992063492063
4 0.992063492063
7 0.992063492063
1 0.992063492063
10 0.992063492063
7 0.992063492063
4 0.992063492063
7 0.992063492063
7 0.992063492063
11 0.992063492063
3 0.992063492063
9 0.992063492063
2 0.992063492063
3 0.992063492063
9 0.992063492063
10 0.992063492063
9 0.992063492063
7 0.992063492063
3 0.992063492063
6 0.992063492063
10 0.992063492063
8 0.992063492063
9 0.992063492063
11 0.992063492063
10 0.992063492063
4 0.992063492063
4 0.992063492063
5 0.992063492063
11 0.992063492063
8 0.992063492063
4 0.992063492063
1 0.992063492063
10 0.992063492063
2 0.992063492063
10 0.992063492063
6 0.992063492063
2 0.992063492063
2 0.992063492063
10 0.992063492063
7 0.992063492063
7 0.992063492063
4 0.992063492063
1 0.992063492063
2 0.992063492063
4 0.992063492063
2 0.992063492063
6 0.992063492063
1 0.992063492063
5 0.992063492063
5 0.992063492063
4 0.992063492063
5 0.992063492063
11 0.992063492063
6 0.992063492063
4 0.992063492063
10 0.992063492063
5 0.992063492063
7 0.992063492063
9 0.992063492063
10 0.992063492063
6 0.992063492063
1 0.992063492063
4 0.992063492063
2 0.992063492063
1 0.992063492063
11 0.992063492063
2 0.992063492063
11 0.992063492063
29 0.992063492063
4 0.992063492063
1 0.992063492063
3 0.992063492063
1 0.992063492063
22 0.992063492063
1 0.992063492063
1 0.992063492063
1 0.992063492063
10 0.992063492063
5 0.992063492063
25 0.992063492063
2 0.992063492063
3 0.992063492063
1 0.992063492063
287 0.992063492063
2 0.992063492063
2 0.992063492063
3 0.992063492063
1 0.992063492063
98 0.992063492063
1 0.992063492063
9 0.992063492063
2 0.992063492063
1 0.992063492063
25 0.992063492063
2 0.992063492063
1 0.992063492063
1 0.992063492063
2 0.992063492063
4 0.992063492063
3 0.992063492063
1 0.992063492063
1 0.992063492063
1 0.992063492063
8 0.992063492063
10 0.992063492063
1 0.992063492063
5 0.992063492063
2 0.992063492063
1 0.992063492063
1 0.992063492063
350 0.992063492063
4 0.992063492063
1 0.992063492063
