9 7 270 90000 1
2 3 60 20000 1
2 3 60 20000 1
5 13 150 50000 1
7 8 210 70000 1
7 2 75 25300 0
1 2 30 10000 1
3 3 87 29180 0
8 9 240 80000 1
7 8 210 70000 1
10 1 64 21560 0
10 12 300 100000 1
4 1 42 14080 0
6 1 44 14760 0
3 4 90 30000 1
10 5 300 100000 1
2 1 56 18840 0
4 13 120 40000 1
5 1 58 19520 0
10 18 300 100000 1
9 17 270 90000 1
8 8 240 80000 1
7 8 210 70000 1
1 1 30 10000 1
1 2 30 10000 1
9 13 270 90000 1
2 2 60 20000 1
10 7 300 100000 1
4 4 120 40000 1
9 19 270 90000 1
7 4 200 66800 0
3 6 90 30000 1
4 1 41 13740 0
2 6 60 20000 1
12 27 360 120000 1
1 1 30 10000 1
5 1 35 11900 0
10 18 300 100000 1
5 13 150 50000 1
11 2 103 34620 0
7 10 210 70000 1
8 3 155 51900 0
11 20 330 110000 1
6 15 180 60000 1
3 1 45 15100 0
8 14 240 80000 1
3 5 90 30000 1
10 4 177 59380 0
3 3 90 30000 1
11 1 55 18500 0
2 5 60 20000 1
7 4 210 70000 1
4 9 120 40000 1
5 16 150 50000 1
5 13 150 50000 1
4 3 120 40000 1
6 7 156 52240 0
1 2 30 10000 1
1 3 30 10000 1
7 4 210 70000 1
10 16 300 100000 1
7 13 210 70000 1
5 5 150 50000 1
2 6 60 20000 1
5 8 150 50000 1
9 13 270 90000 1
11 10 330 110000 1
5 3 89 29860 0
3 6 90 30000 1
5 2 66 22240 0
6 8 180 60000 1
11 2 127 42580 0
3 1 45 15100 0
9 4 205 68700 0
9 6 270 90000 1
3 11 90 30000 1
4 1 34 11560 0
9 20 270 90000 1
5 14 150 50000 1
10 14 300 100000 1
11 4 209 70060 0
2 5 60 20000 1
7 21 210 70000 1
5 1 38 12720 0
8 20 240 80000 1
7 5 210 70000 1
7 14 210 70000 1
9 18 270 90000 1
7 3 86 28840 0
6 2 133 44420 0
7 17 210 70000 1
5 13 150 50000 1
6 3 117 39180 0
2 5 60 20000 1
10 2 56 18840 0
10 13 300 100000 1
5 3 87 29180 0
6 13 180 60000 1
12 20 360 120000 1
2 1 55 18500 0
2 10 60 20000 1
5 1 45 15100 0
11 4 171 57340 0
11 1 78 26320 0
3 7 90 30000 1
7 1 59 19860 0
4 7 120 40000 1
7 15 210 70000 1
8 11 240 80000 1
9 2 103 34420 0
3 3 90 30000 1
5 15 150 50000 1
11 24 330 110000 1
4 1 46 15440 0
3 12 90 30000 1
11 17 330 110000 1
9 1 55 18500 0
2 3 60 20000 1
2 3 60 20000 1
2 3 60 20000 1
1 5 30 10000 1
7 3 168 56120 0
7 2 95 31900 0
5 1 37 12380 0
4 13 120 40000 1
4 2 114 38160 0
1 1 30 10000 1
7 1 60 20200 0
4 7 120 40000 1
3 13 90 30000 1
6 6 148 49520 0
2 1 41 13740 0
5 12 150 50000 1
8 9 240 80000 1
4 7 120 40000 1
6 3 180 60000 1
5 10 150 50000 1
2 6 60 20000 1
3 8 90 30000 1
11 19 330 110000 1
6 6 180 60000 1
9 5 270 90000 1
10 22 300 100000 1
4 2 95 31700 0
11 17 330 110000 1
10 6 205 68700 0
11 1 64 21560 0
2 8 60 20000 1
10 1 89 29860 0
10 5 300 100000 1
8 7 240 80000 1
10 1 47 15780 0
4 2 67 22380 0
5 9 150 50000 1
3 1 31 10540 0
7 3 148 49520 0
3 1 42 14080 0
11 11 330 110000 1
5 3 113 37820 0
2 1 33 11220 0
6 1 45 15100 0
8 18 240 80000 1
3 7 90 30000 1
7 15 210 70000 1
4 3 120 40000 1
3 5 90 30000 1
5 14 150 50000 1
9 9 270 90000 1
1 5 30 10000 1
8 1 87 29380 0
5 1 51 17140 0
9 10 270 90000 1
3 7 90 30000 1
3 1 34 11360 0
1 3 30 10000 1
8 4 240 80000 1
4 1 50 16800 0
10 1 34 11360 0
6 13 180 60000 1
5 6 150 50000 1
11 6 226 75840 0
5 4 150 50000 1
1 1 30 10000 1
6 18 180 60000 1
10 6 210 70200 0
163 1 44 14760 0
2 1 60 20000 1
184 2 59 19860 0
6 16 180 60000 1
31 20 930 310000 1
125 12 1042 348680 0
49 27 1470 490000 1
4 2 70 23400 0
4 7 120 40000 1
222 15 5802 1934280 0
333 17 9990 3330000 1
18 5 206 69240 0
1 1 30 10000 1
7 17 210 70000 1
31 3 138 46520 0
28 18 840 280000 1
3 5 90 30000 1
2 4 60 20000 1
7 18 210 70000 1
1 1 30 10000 1
11 1 44 14760 0
62 3 302 101480 0
137 9 736 246040 0
1 1 30 10000 1
1 1 30 10000 1
54 5 289 96660 0
129 2 100 33600 0
18 16 540 180000 1
2 1 38 12720 0
280 20 8400 2800000 1
1 1 30 10000 1
9 9 270 90000 1
121 35 3630 1210000 1
2 5 60 20000 1
1 1 30 10000 1
43 18 1290 430000 1
3 3 90 30000 1
4 8 120 40000 1
1 5 30 10000 1
3 4 90 30000 1
3 1 55 18500 0
1 3 30 10000 1
180 15 1665 558900 0
164 9 934 312760 0
1 1 30 10000 1
2 7 60 20000 1
2 2 51 17140 0
6 2 155 51900 0
1 1 30 10000 1
37 15 1070 357400 0
6 7 180 60000 1
1 1 30 10000 1
22 2 153 51620 0
1 1 30 10000 1
8 1 58 19520 0
1 1 23 7820 0
2 1 44 14760 0
9 1 45 15100 0
1 1 30 10000 1
250 2 75 25300 0
3 1 62 20880 0
6 7 180 60000 1
1 1 30 10000 1
1 1 30 10000 1
1 1 25 8500 0
11 8 330 110000 1
16 25 480 160000 1
2 8 60 20000 1
354 24 10620 3540000 1
1 1 30 10000 1
4 8 120 40000 1
100 10 1141 382740 0
40 25 1200 400000 1
1 1 30 10000 1
6 4 120 40200 0
160 12 1166 390440 0
2 7 60 20000 1
327 6 476 160440 0
165 1 59 19860 0
