9 0.980392156863
2 0.980392156863
2 0.980392156863
5 0.980392156863
7 0.980392156863
1 0.980392156863
8 0.980392156863
7 0.980392156863
10 0.980392156863
3 0.980392156863
10 0.980392156863
4 0.980392156863
10 0.980392156863
9 0.980392156863
8 0.980392156863
7 0.980392156863
1 0.980392156863
1 0.980392156863
9 0.980392156863
2 0.980392156863
10 0.980392156863
4 0.980392156863
9 0.980392156863
3 0.980392156863
2 0.980392156863
12 0.980392156863
1 0.980392156863
10 0.980392156863
5 0.980392156863
7 0.980392156863
11 0.980392156863
6 0.980392156863
8 0.980392156863
3 0.980392156863
3 0.980392156863
2 0.980392156863
7 0.980392156863
4 0.980392156863
5 0.980392156863
5 0.980392156863
4 0.980392156863
1 0.980392156863
1 0.980392156863
7 0.980392156863
10 0.980392156863
7 0.980392156863
5 0.980392156863
2 0.980392156863
5 0.980392156863
9 0.980392156863
11 0.980392156863
3 0.980392156863
6 0.980392156863
9 0.980392156863
3 0.980392156863
9 0.980392156863
5 0.980392156863
10 0.980392156863
2 0.980392156863
7 0.980392156863
8 0.980392156863
7 0.980392156863
7 0.980392156863
9 0.980392156863
7 0.980392156863
5 0.980392156863
2 0.980392156863
10 0.980392156863
6 0.980392156863
12 0.980392156863
2 0.980392156863
3 0.980392156863
4 0.980392156863
7 0.980392156863
8 0.980392156863
3 0.980392156863
5 0.980392156863
11 0.980392156863
3 0.980392156863
11 0.980392156863
2 0.980392156863
2 0.980392156863
2 0.980392156863
1 0.980392156863
4 0.980392156863
1 0.980392156863
4 0.980392156863
3 0.980392156863
5 0.980392156863
8 0.980392156863
4 0.980392156863
6 0.980392156863
5 0.980392156863
2 0.980392156863
3 0.980392156863
11 0.980392156863
6 0.980392156863
9 0.980392156863
10 0.980392156863
11 0.980392156863
2 0.980392156863
10 0.980392156863
8 0.980392156863
5 0.980392156863
11 0.980392156863
8 0.980392156863
3 0.980392156863
7 0.980392156863
4 0.980392156863
3 0.980392156863
5 0.980392156863
9 0.980392156863
1 0.980392156863
9 0.980392156863
3 0.980392156863
1 0.980392156863
8 0.980392156863
6 0.980392156863
5 0.980392156863
5 0.980392156863
1 0.980392156863
6 0.980392156863
2 0.980392156863
6 0.980392156863
31 0.980392156863
49 0.980392156863
4 0.980392156863
333 0.980392156863
1 0.980392156863
7 0.980392156863
28 0.980392156863
3 0.980392156863
2 0.980392156863
7 0.980392156863
1 0.980392156863
1 0.980392156863
1 0.980392156863
18 0.980392156863
280 0.980392156863
1 0.980392156863
9 0.980392156863
121 0.980392156863
2 0.980392156863
1 0.980392156863
43 0.980392156863
3 0.980392156863
4 0.980392156863
1 0.980392156863
3 0.980392156863
1 0.980392156863
1 0.980392156863
2 0.980392156863
1 0.980392156863
6 0.980392156863
1 0.980392156863
1 0.980392156863
1 0.980392156863
6 0.980392156863
1 0.980392156863
1 0.980392156863
11 0.980392156863
16 0.980392156863
2 0.980392156863
354 0.980392156863
1 0.980392156863
4 0.980392156863
40 0.980392156863
1 0.980392156863
2 0.980392156863
