9 8 18 90000 1
4 3 8 40000 1
5 2 10 50000 1
3 1 6 30000 1
6 2 12 60000 1
9 1 4 24000 0
6 1 5 30000 0
3 1 6 30000 1
2 1 4 20000 1
6 1 5 30000 0
4 1 8 40000 1
5 1 8 42000 0
6 3 12 60000 1
7 1 7 42000 0
7 6 14 70000 1
7 1 7 42000 0
6 1 6 36000 0
7 1 4 24000 0
5 1 8 42000 0
3 1 6 30000 1
1 1 2 10000 1
6 1 7 40000 0
6 1 8 44000 0
5 1 5 30000 0
8 4 16 80000 1
6 4 12 60000 1
5 1 10 50000 1
9 1 5 30000 0
4 3 8 40000 1
6 2 12 60000 1
4 1 8 40000 1
4 3 8 40000 1
4 1 6 32000 0
1 1 2 10000 1
6 4 12 60000 1
3 1 6 30000 1
8 7 16 80000 1
2 1 4 20000 1
1 1 2 10000 1
2 1 4 20000 1
7 1 8 46000 0
5 1 8 42000 0
4 1 4 24000 0
8 1 5 30000 0
2 1 4 20000 1
5 3 10 50000 1
6 1 5 30000 0
9 1 11 62000 0
6 4 12 60000 1
6 1 5 30000 0
2 1 4 20000 1
8 1 5 30000 0
1 1 2 10000 1
7 4 14 70000 1
6 1 5 30000 0
9 2 17 86000 0
2 1 3 16000 0
3 1 6 30000 1
4 1 5 28000 0
9 1 4 24000 0
6 2 12 60000 1
7 1 9 50000 0
7 4 14 70000 1
3 1 5 26000 0
9 2 8 46000 0
6 1 6 36000 0
8 1 6 36000 0
2 1 4 20000 1
7 4 14 70000 1
7 1 4 24000 0
6 2 12 60000 1
1 1 2 10000 1
2 1 4 20000 1
4 1 4 22000 0
7 2 12 62000 0
3 1 4 22000 0
8 3 16 80000 1
8 6 16 80000 1
4 1 7 36000 0
8 1 4 24000 0
3 1 5 26000 0
1 1 2 10000 1
5 1 5 30000 0
6 4 12 60000 1
7 2 14 70000 1
2 1 4 20000 1
4 3 8 40000 1
2 1 4 20000 1
5 1 7 38000 0
1 1 2 10000 1
6 3 12 60000 1
1 1 2 10000 1
7 5 14 70000 1
8 3 16 80000 1
6 3 12 60000 1
6 1 6 36000 0
8 1 10 56000 0
2 1 4 20000 1
2 1 4 20000 1
8 4 16 80000 1
1 1 2 10000 1
8 4 16 80000 1
1 1 2 10000 1
2 1 3 16000 0
9 7 18 90000 1
3 2 6 30000 1
9 2 12 66000 0
4 1 5 28000 0
7 6 14 70000 1
36 1 5 30000 0
29 6 58 290000 1
3 1 5 26000 0
20 2 8 46000 0
40 3 16 94000 0
34 1 5 30000 0
25 9 50 250000 1
