9 2.5
4 2.5
5 2.5
3 2.5
6 2.5
9 3.0
6 3.0
3 2.5
2 2.5
6 3.0
4 2.5
5 2.625
6 2.5
7 3.0
7 2.5
7 3.0
6 3.0
7 3.0
5 2.625
3 2.5
1 2.5
6 2.85714285714
6 2.75
5 3.0
8 2.5
6 2.5
5 2.5
9 3.0
4 2.5
6 2.5
4 2.5
4 2.5
4 2.66666666667
1 2.5
6 2.5
3 2.5
8 2.5
2 2.5
1 2.5
2 2.5
7 2.875
5 2.625
4 3.0
8 3.0
2 2.5
5 2.5
6 3.0
9 2.81818181818
6 2.5
6 3.0
2 2.5
8 3.0
1 2.5
7 2.5
6 3.0
9 2.52941176471
2 2.66666666667
3 2.5
4 2.8
9 3.0
6 2.5
7 2.77777777778
7 2.5
3 2.6
9 2.875
6 3.0
8 3.0
2 2.5
7 2.5
7 3.0
6 2.5
1 2.5
2 2.5
4 2.75
7 2.58333333333
3 2.75
8 2.5
8 2.5
4 2.57142857143
8 3.0
3 2.6
1 2.5
5 3.0
6 2.5
7 2.5
2 2.5
4 2.5
2 2.5
5 2.71428571429
1 2.5
6 2.5
1 2.5
7 2.5
8 2.5
6 2.5
6 3.0
8 2.8
2 2.5
2 2.5
8 2.5
1 2.5
8 2.5
1 2.5
2 2.66666666667
9 2.5
3 2.5
9 2.75
4 2.8
7 2.5
36 3.0
29 2.5
3 2.6
20 2.875
40 2.9375
34 3.0
25 2.5
