10 12 40 100000 1
6 2 24 60000 1
11 1 10 28000 0
6 7 24 60000 1
6 4 24 60000 1
3 3 12 30000 1
5 10 20 50000 1
8 5 32 80000 1
6 1 8 22400 0
10 2 21 58800 0
4 4 16 40000 1
8 3 23 63200 0
1 1 4 10000 1
6 1 13 36400 0
5 1 7 19600 0
3 4 12 30000 1
5 6 20 50000 1
5 7 20 50000 1
3 4 12 30000 1
9 2 23 63200 0
9 1 7 19600 0
3 1 11 28400 0
8 10 32 80000 1
1 1 4 10000 1
2 1 8 20000 1
9 15 36 90000 1
5 10 20 50000 1
9 8 36 90000 1
10 4 40 100000 1
6 7 24 60000 1
8 5 32 80000 1
5 8 20 50000 1
5 4 20 50000 1
8 9 32 80000 1
10 16 40 100000 1
8 2 18 50400 0
5 8 20 50000 1
7 5 28 70000 1
5 3 20 50000 1
5 3 20 50000 1
9 2 15 42000 0
7 2 14 39200 0
7 1 8 22400 0
6 6 24 60000 1
9 9 36 90000 1
4 1 7 19600 0
6 2 12 33600 0
2 3 8 20000 1
9 6 36 90000 1
11 2 29 81200 0
11 11 44 110000 1
1 1 4 10000 1
7 15 28 70000 1
7 1 9 25200 0
2 1 8 20000 1
8 2 15 42000 0
11 6 44 110000 1
2 2 8 20000 1
5 4 20 50000 1
3 4 12 30000 1
5 8 20 50000 1
7 1 7 19600 0
6 2 24 60000 1
4 6 16 40000 1
11 3 37 98800 0
8 8 32 80000 1
1 1 4 10000 1
9 5 36 90000 1
2 1 6 16800 0
4 1 8 22400 0
2 1 8 20000 1
10 2 27 75600 0
3 3 12 30000 1
6 1 7 19600 0
10 5 40 100000 1
9 2 13 36400 0
1 1 4 10000 1
9 3 32 83600 0
5 4 20 50000 1
4 1 6 16800 0
11 5 32 88400 0
4 1 8 21200 0
11 11 44 110000 1
4 7 16 40000 1
8 1 14 38000 0
8 3 32 80000 1
10 4 40 100000 1
6 11 24 60000 1
8 10 32 80000 1
7 1 6 16800 0
3 5 12 30000 1
3 2 12 30000 1
1 1 4 10000 1
6 1 10 28000 0
9 5 36 90000 1
11 8 44 110000 1
7 6 28 70000 1
11 6 44 110000 1
9 8 36 90000 1
8 2 19 53200 0
9 4 36 90000 1
10 13 40 100000 1
7 3 18 50400 0
2 1 8 20000 1
4 2 16 40000 1
8 1 8 22400 0
5 6 20 50000 1
5 1 8 22400 0
9 14 36 90000 1
9 3 18 50400 0
8 12 32 80000 1
2 1 8 20000 1
10 15 40 100000 1
8 2 12 33600 0
8 13 32 80000 1
9 1 12 33600 0
10 3 19 53200 0
2 1 8 20000 1
12 5 48 120000 1
8 1 8 22400 0
4 1 12 33600 0
10 4 28 77200 0
10 1 11 30800 0
11 1 14 39200 0
11 18 44 110000 1
2 1 8 20000 1
3 1 12 30000 1
1 1 4 10000 1
5 10 20 50000 1
4 3 16 40000 1
4 6 16 40000 1
9 9 36 90000 1
10 15 40 100000 1
5 1 7 19600 0
5 1 9 25200 0
2 2 8 20000 1
8 1 7 19600 0
11 1 10 28000 0
2 3 8 20000 1
10 17 40 100000 1
10 17 40 100000 1
11 1 7 19600 0
7 14 28 70000 1
7 9 28 70000 1
9 11 36 90000 1
4 6 16 40000 1
6 6 24 60000 1
1 1 4 10000 1
11 3 28 77200 0
6 3 24 60000 1
3 3 12 30000 1
9 1 6 16800 0
2 3 8 20000 1
4 3 16 40000 1
8 3 32 80000 1
7 4 28 70000 1
7 5 28 70000 1
8 10 32 80000 1
9 8 36 90000 1
3 2 12 30000 1
9 6 36 90000 1
7 1 14 39200 0
5 1 7 19600 0
6 2 24 60000 1
3 6 12 30000 1
1 2 4 10000 1
6 3 16 43600 0
8 4 31 78400 0
3 3 12 30000 1
9 5 36 90000 1
4 1 7 19600 0
2 1 7 18400 0
2 1 8 20000 1
4 2 16 40000 1
9 2 36 90000 1
11 1 12 33600 0
7 3 28 70000 1
10 1 13 36400 0
9 3 20 54800 0
10 11 40 100000 1
9 5 36 90000 1
2 1 8 20000 1
1 1 4 10000 1
1 1 4 10000 1
6 3 24 60000 1
17 6 40 110800 0
1 1 4 10000 1
48 11 76 206800 0
39 26 156 390000 1
2 2 8 20000 1
2 2 8 20000 1
1 1 4 10000 1
1 2 4 10000 1
2 5 8 20000 1
14 14 56 140000 1
79 9 121 335200 0
215 9 85 233200 0
8 2 28 73600 0
14 10 56 140000 1
247 28 988 2470000 1
73 14 137 371600 0
269 20 1076 2690000 1
1 1 4 10000 1
2 5 8 20000 1
43 6 36 99600 0
1 1 4 10000 1
1 1 4 10000 1
56 16 224 560000 1
1 1 4 10000 1
1 1 4 10000 1
71 17 256 665200 0
1 1 4 10000 1
201 28 804 2010000 1
1 1 4 10000 1
11 9 44 110000 1
2 1 6 16800 0
324 1 6 16800 0
256 1 16 44800 0
116 5 28 77200 0
1 1 4 10000 1
39 4 28 76000 0
1 1 4 10000 1
2 1 8 20000 1
1 2 4 10000 1
46 19 184 460000 1
1 1 4 10000 1
1 1 4 10000 1
1 1 4 10000 1
10 8 40 100000 1
1 1 4 10000 1
157 2 24 67200 0
300 10 170 453200 0
124 12 208 562000 0
7 13 28 70000 1
76 6 58 161200 0
1 1 4 10000 1
202 1 7 19600 0
9 12 36 90000 1
35 9 60 165600 0
1 1 4 10000 1
6 6 24 60000 1
16 18 64 160000 1
10 2 12 33600 0
296 27 1184 2960000 1
1 1 4 10000 1
2 1 7 18400 0
1 2 4 10000 1
3 4 12 30000 1
101 5 60 166800 0
83 8 100 277600 0
11 16 44 110000 1
1 1 4 10000 1
1 1 4 10000 1
1 1 4 10000 1
1 1 4 10000 1
10 10 40 100000 1
209 24 836 2090000 1
54 5 34 90400 0
60 9 117 319200 0
27 20 108 270000 1
1 1 4 10000 1
2 1 8 20000 1
19 1 7 19600 0
11 1 6 16800 0
