10 0.892857142857
6 0.892857142857
6 0.892857142857
6 0.892857142857
3 0.892857142857
5 0.892857142857
8 0.892857142857
4 0.892857142857
1 0.892857142857
3 0.892857142857
5 0.892857142857
5 0.892857142857
3 0.892857142857
8 0.892857142857
1 0.892857142857
2 0.892857142857
9 0.892857142857
5 0.892857142857
9 0.892857142857
10 0.892857142857
6 0.892857142857
8 0.892857142857
5 0.892857142857
5 0.892857142857
8 0.892857142857
10 0.892857142857
5 0.892857142857
7 0.892857142857
5 0.892857142857
5 0.892857142857
6 0.892857142857
9 0.892857142857
2 0.892857142857
9 0.892857142857
11 0.892857142857
1 0.892857142857
7 0.892857142857
2 0.892857142857
11 0.892857142857
2 0.892857142857
5 0.892857142857
3 0.892857142857
5 0.892857142857
6 0.892857142857
4 0.892857142857
8 0.892857142857
1 0.892857142857
9 0.892857142857
2 0.892857142857
3 0.892857142857
10 0.892857142857
1 0.892857142857
5 0.892857142857
11 0.892857142857
4 0.892857142857
8 0.892857142857
10 0.892857142857
6 0.892857142857
8 0.892857142857
3 0.892857142857
3 0.892857142857
1 0.892857142857
9 0.892857142857
11 0.892857142857
7 0.892857142857
11 0.892857142857
9 0.892857142857
9 0.892857142857
10 0.892857142857
2 0.892857142857
4 0.892857142857
5 0.892857142857
9 0.892857142857
8 0.892857142857
2 0.892857142857
10 0.892857142857
8 0.892857142857
2 0.892857142857
12 0.892857142857
11 0.892857142857
2 0.892857142857
3 0.892857142857
1 0.892857142857
5 0.892857142857
4 0.892857142857
4 0.892857142857
9 0.892857142857
10 0.892857142857
2 0.892857142857
2 0.892857142857
10 0.892857142857
10 0.892857142857
7 0.892857142857
7 0.892857142857
9 0.892857142857
4 0.892857142857
6 0.892857142857
1 0.892857142857
6 0.892857142857
3 0.892857142857
2 0.892857142857
4 0.892857142857
8 0.892857142857
7 0.892857142857
7 0.892857142857
8 0.892857142857
9 0.892857142857
3 0.892857142857
9 0.892857142857
6 0.892857142857
3 0.892857142857
1 0.892857142857
3 0.892857142857
9 0.892857142857
2 0.892857142857
4 0.892857142857
9 0.892857142857
7 0.892857142857
10 0.892857142857
9 0.892857142857
2 0.892857142857
1 0.892857142857
1 0.892857142857
6 0.892857142857
1 0.892857142857
39 0.892857142857
2 0.892857142857
2 0.892857142857
1 0.892857142857
1 0.892857142857
2 0.892857142857
14 0.892857142857
14 0.892857142857
247 0.892857142857
269 0.892857142857
1 0.892857142857
2 0.892857142857
1 0.892857142857
1 0.892857142857
56 0.892857142857
1 0.892857142857
1 0.892857142857
1 0.892857142857
201 0.892857142857
1 0.892857142857
11 0.892857142857
1 0.892857142857
1 0.892857142857
2 0.892857142857
1 0.892857142857
46 0.892857142857
1 0.892857142857
1 0.892857142857
1 0.892857142857
10 0.892857142857
1 0.892857142857
7 0.892857142857
1 0.892857142857
9 0.892857142857
1 0.892857142857
6 0.892857142857
16 0.892857142857
296 0.892857142857
1 0.892857142857
1 0.892857142857
3 0.892857142857
11 0.892857142857
1 0.892857142857
1 0.892857142857
1 0.892857142857
1 0.892857142857
10 0.892857142857
209 0.892857142857
27 0.892857142857
1 0.892857142857
2 0.892857142857
