15 1 7 70000 0
21 3 21 210000 1
24 5 24 240000 1
8 4 8 80000 1
21 3 21 210000 1
7 1 7 70000 1
18 6 18 180000 1
22 7 22 220000 1
4 1 4 40000 1
5 0 0 0 0
8 4 8 80000 1
16 7 16 160000 1
28 8 28 280000 1
14 4 14 140000 1
1 0 0 0 0
12 0 0 0 0
13 3 13 130000 1
23 5 23 230000 1
28 6 28 280000 1
21 0 0 0 0
13 3 13 130000 1
3 0 0 0 0
10 7 10 100000 1
27 7 27 270000 1
5 4 5 50000 1
19 8 19 190000 1
7 3 7 70000 1
20 4 20 200000 1
2 1 2 20000 1
2 1 2 20000 1
27 0 0 0 0
9 2 9 90000 1
16 4 16 160000 1
25 5 25 250000 1
15 2 15 150000 1
15 2 15 150000 1
6 0 0 0 0
11 4 11 110000 1
3 2 3 30000 1
4 0 0 0 0
4 1 4 40000 1
25 1 5 50000 0
8 3 8 80000 1
26 8 26 260000 1
14 1 5 50000 0
15 5 15 150000 1
1 0 0 0 0
26 9 26 260000 1
20 2 12 120000 0
3 0 0 0 0
18 1 7 70000 0
15 3 15 150000 1
7 3 7 70000 1
1 0 0 0 0
23 3 23 230000 1
15 7 15 150000 1
2 0 0 0 0
3 2 3 30000 1
27 2 14 140000 0
18 7 18 180000 1
22 1 9 90000 0
10 3 10 100000 1
18 6 18 180000 1
10 5 10 100000 1
12 6 12 120000 1
14 7 14 140000 1
7 1 6 60000 0
11 0 0 0 0
16 0 0 0 0
28 1 6 60000 0
26 5 26 260000 1
15 3 15 150000 1
19 0 0 0 0
23 9 23 230000 1
11 2 11 110000 1
8 0 0 0 0
28 0 0 0 0
3 1 3 30000 1
19 0 0 0 0
9 3 9 90000 1
14 1 6 60000 0
23 3 23 230000 1
21 0 0 0 0
21 1 6 60000 0
16 5 16 160000 1
2 1 2 20000 1
