1 2.94117647059
5 2.94117647059
7 2.94117647059
9 2.94117647059
2 2.94117647059
9 2.94117647059
6 2.94117647059
6 2.94117647059
5 2.94117647059
8 2.94117647059
6 2.94117647059
5 2.94117647059
5 2.94117647059
2 2.94117647059
6 2.94117647059
5 2.94117647059
4 2.94117647059
4 2.94117647059
3 2.94117647059
3 2.94117647059
3 2.94117647059
6 2.94117647059
3 2.94117647059
1 2.94117647059
9 2.94117647059
9 2.94117647059
8 2.94117647059
7 2.94117647059
7 2.94117647059
4 2.94117647059
6 2.94117647059
8 2.94117647059
3 2.94117647059
5 2.94117647059
2 2.94117647059
5 2.94117647059
2 2.94117647059
2 2.94117647059
6 2.94117647059
7 2.94117647059
4 2.94117647059
7 2.94117647059
4 2.94117647059
3 2.94117647059
7 2.94117647059
8 2.94117647059
5 2.94117647059
6 2.94117647059
5 2.94117647059
8 2.94117647059
8 2.94117647059
6 2.94117647059
2 2.94117647059
8 2.94117647059
5 2.94117647059
4 2.94117647059
2 2.94117647059
3 2.94117647059
2 2.94117647059
1 2.94117647059
3 2.94117647059
4 2.94117647059
7 2.94117647059
5 2.94117647059
8 2.94117647059
4 2.94117647059
2 2.94117647059
5 2.94117647059
3 2.94117647059
9 2.94117647059
2 2.94117647059
3 2.94117647059
9 2.94117647059
8 2.94117647059
5 2.94117647059
1 2.94117647059
9 2.94117647059
3 2.94117647059
7 2.94117647059
3 2.94117647059
6 2.94117647059
9 2.94117647059
4 2.94117647059
7 2.94117647059
8 2.94117647059
6 2.94117647059
1 2.94117647059
4 2.94117647059
4 2.94117647059
3 2.94117647059
1 2.94117647059
1 2.94117647059
8 2.94117647059
6 2.94117647059
4 2.94117647059
7 2.94117647059
9 2.94117647059
4 2.94117647059
9 2.94117647059
7 2.94117647059
2 2.94117647059
4 2.94117647059
8 2.94117647059
3 2.94117647059
2 2.94117647059
6 2.94117647059
1 2.94117647059
1 2.94117647059
9 2.94117647059
6 2.94117647059
7 2.94117647059
36 2.94117647059
28 2.94117647059
31 2.94117647059
36 2.94117647059
38 2.94117647059
13 2.94117647059
43 2.94117647059
13 2.94117647059
37 2.94117647059
15 2.94117647059
34 2.94117647059
19 2.94117647059
24 2.94117647059
19 2.94117647059
12 2.94117647059
20 2.94117647059
36 2.94117647059
30 2.94117647059
