14 32 66 140000 1
15 22 61 130267 0
26 7 26 67710 0
3 25 15 30000 1
23 17 59 142008 0
7 1 3 7733 0
19 10 28 65722 0
24 31 112 240000 1
5 6 19 40249 0
28 3 14 36275 0
13 22 57 125277 0
14 24 64 140000 1
26 15 89 215566 0
28 16 60 141985 0
5 10 25 50000 1
10 35 45 100000 1
1 7 5 10000 1
14 3 15 36060 0
14 17 62 135099 0
2 13 10 20000 1
14 7 18 45613 0
21 12 36 81809 0
8 8 22 51790 0
25 9 32 81128 0
14 20 62 139776 0
5 2 8 19741 0
16 24 68 149409 0
20 20 59 139712 0
9 19 35 73290 0
17 19 60 139692 0
17 27 78 170000 1
17 29 81 170000 1
18 27 70 162437 0
20 21 70 163332 0
7 25 35 70000 1
2 0 0 0 0
19 9 33 86874 0
3 20 15 30000 1
18 11 37 91096 0
4 21 20 40000 1
27 14 57 136560 0
26 6 25 63345 0
23 27 106 230000 1
8 22 38 79542 0
26 9 26 67094 0
22 12 40 98900 0
1 5 5 10000 1
15 20 52 121680 0
4 23 20 40000 1
22 4 13 34822 0
11 10 28 61868 0
26 0 0 0 0
15 18 48 108899 0
25 24 102 237919 0
10 13 27 62304 0
24 17 65 152884 0
11 17 31 68888 0
24 8 23 59704 0
15 37 74 150000 1
22 31 98 220000 1
23 23 62 136263 0
15 19 57 132592 0
4 40 20 40000 1
3 18 14 30000 1
15 15 61 139007 0
9 11 24 57461 0
11 22 50 110000 1
12 14 39 89453 0
20 4 12 29517 0
16 23 70 153961 0
6 12 23 48922 0
16 11 29 69324 0
1 4 5 10000 1
6 10 27 58652 0
23 49 102 230000 1
21 19 65 142892 0
2 12 10 20000 1
23 20 87 200055 0
1 5 5 10000 1
4 13 19 39483 0
3 15 15 30000 1
5 20 25 50000 1
22 26 93 206508 0
18 28 87 180000 1
16 9 21 47708 0
19 13 37 86932 0
20 16 56 133300 0
16 10 30 71747 0
20 49 97 200000 1
1 3 5 10000 1
16 15 43 101989 0
21 16 45 107851 0
10 5 14 34002 0
13 0 0 0 0
27 13 53 131441 0
6 10 23 51769 0
24 30 118 240000 1
22 5 17 43722 0
3 9 13 26400 0
13 26 63 130000 1
13 2 4 10225 0
20 9 44 108403 0
3 1 2 4835 0
7 26 35 70000 1
21 20 68 157161 0
25 7 25 59637 0
28 26 104 226734 0
26 21 81 177513 0
4 13 18 36400 0
6 14 23 47323 0
10 22 41 90034 0
