5 1.38888888889
11 1.59420289855
11 1.8405952381
9 1.82374074074
9 1.69561904762
1 0.952380952381
3 1.33333333333
4 1.659
3 1.57551515152
2 1.11111111111
3 1.11111111111
1 0.952380952381
1 0.952380952381
3 1.33333333333
4 1.40533333333
8 1.71291358025
5 1.51515151515
2 1.39341666667
9 1.5
6 1.61101960784
8 1.52380952381
2 1.46644444444
7 1.55555555556
10 1.5503875969
6 1.42857142857
10 1.51515151515
6 1.42857142857
10 1.75870967742
5 1.87244444444
8 1.44144144144
4 1.40350877193
8 1.5951827957
11 1.59420289855
8 1.52380952381
8 1.823875
4 1.746
8 1.48148148148
6 1.42857142857
6 1.49890666667
3 1.25
9 1.85551851852
9 1.46341463415
6 1.82940740741
10 1.51515151515
2 1.21212121212
1 1.01533333333
4 1.40350877193
10 1.62601626016
4 1.33333333333
10 1.5873015873
4 1.784
6 1.37931034483
3 1.25
2 1.21212121212
11 1.56028368794
1 1.01533333333
8 1.48148148148
8 1.56862745098
10 1.5503875969
9 1.65703703704
6 1.48148148148
2 1.40533333333
10 2.02081481481
9 1.57894736842
10 1.7448974359
5 1.28205128205
5 1.55333333333
4 1.40350877193
7 1.41414141414
5 1.44927536232
5 1.51515151515
11 1.52777777778
2 1.21212121212
9 1.59020512821
9 1.6668125
8 1.40350877193
4 1.60033333333
9 1.57894736842
9 1.53846153846
8 1.56862745098
9 1.46341463415
7 1.45833333333
7 1.68276190476
7 1.50537634409
6 1.8197254902
3 1.79444444444
4 1.33333333333
4 1.64586666667
7 1.79066666667
8 1.7928
3 1.17647058824
5 1.44927536232
5 1.38888888889
1 0.952380952381
2 1.21212121212
3 1.25
5 1.38888888889
2 1.40533333333
3 1.62106666667
3 1.62958333333
2 1.11111111111
8 1.48148148148
10 1.44927536232
4 1.33333333333
6 1.48148148148
3 1.33333333333
10 1.857
5 1.529
4 1.40350877193
11 1.56028368794
4 1.6996
10 1.88066666667
2 1.21033333333
11 1.63079166667
7 1.89466666667
9 1.81484848485
5 1.703125
4 1.33333333333
8 1.48148148148
10 1.72796825397
2 1.44026666667
8 1.51527083333
2 1.43816666667
11 1.52777777778
5 1.61440740741
5 1.38888888889
2 1.21212121212
8 1.52380952381
2 1.02564102564
2 1.21212121212
7 1.50537634409
6 1.55986111111
11 1.56028368794
5 1.40533333333
5 1.51515151515
4 1.52819607843
2 1.46355555556
10 1.8725
10 1.86647619048
7 1.53958333333
11 1.49659863946
11 1.52777777778
7 1.71658333333
11 1.56028368794
6 1.37931034483
9 1.92211111111
9 1.42857142857
11 1.43790849673
7 1.55555555556
11 1.52777777778
11 1.59420289855
10 1.67566666667
6 1.42857142857
2 1.21212121212
7 1.50537634409
6 1.57742857143
10 1.78549019608
5 1.74983333333
3 1.64422222222
10 1.79525925926
6 1.5774
2 1.21212121212
3 1.62926666667
4 1.55902222222
9 1.71
6 1.37931034483
2 1.11111111111
11 1.49659863946
2 1.22637037037
8 1.40350877193
6 1.48148148148
5 1.38888888889
1 0.952380952381
2 1.35658333333
5 1.38888888889
6 1.42857142857
1 1.01533333333
11 1.89485714286
10 1.5873015873
5 1.51515151515
6 1.42703703704
12 1.88305747126
1 1.01533333333
1 1.01533333333
4 1.40350877193
12 1.53846153846
1 0.952380952381
1 0.952380952381
21 1.87490123457
23 1.83763265306
1 1.01533333333
40 2.08782113821
93 1.68021680217
1 0.952380952381
1 0.952380952381
8 1.77582608696
1 0.952380952381
117 1.96728282828
1 1.01533333333
1 0.952380952381
3 1.4239047619
1 1.01533333333
348 1.68482207698
1 0.952380952381
34 1.93324074074
1 1.01533333333
1 0.952380952381
1 0.952380952381
4 1.3982962963
1 0.952380952381
187 1.83874139626
1 0.952380952381
206 1.95104347826
39 1.56626506024
210 1.80404371585
93 1.90876470588
2 1.40533333333
116 1.68482207698
17 1.8436
109 1.65151515152
1 0.952380952381
146 1.78921568627
23 1.88675
1 0.952380952381
15 1.5873015873
26 1.71617161716
163 1.82715789474
1 0.952380952381
1 0.952380952381
2 1.36362962963
1 0.952380952381
21 1.6091954023
4 1.74721212121
1 0.952380952381
11 1.81062745098
84 1.87811019284
1 0.952380952381
76 1.76538908246
1 1.01533333333
227 1.87758478081
4 1.26984126984
4 1.36968421053
5 1.54695238095
281 1.66963755199
1 1.01533333333
49 1.99210526316
108 1.8
4 1.26984126984
1 1.01533333333
89 1.78178178178
9 1.82111111111
1 0.952380952381
12 2.02644444444
141 1.90173856209
2 1.11111111111
19 1.64502164502
128 1.96901010101
1 0.952380952381
1 1.01533333333
1 0.952380952381
1 0.952380952381
150 1.75746924429
2 1.21212121212
221 1.64802386279
