3 7 7 30000 1
9 1 7 41546 0
2 4 6 20000 1
5 1 5 27561 0
2 4 5 20000 1
4 1 5 30745 0
7 13 15 70000 1
6 9 13 60000 1
5 10 12 50000 1
8 7 15 80000 1
3 3 8 30000 1
2 1 4 16079 0
1 1 4 10000 1
1 2 4 10000 1
4 2 9 40000 1
9 2 14 86096 0
7 2 9 56501 0
7 1 8 49353 0
5 7 11 50000 1
8 15 19 80000 1
8 4 16 80000 1
9 4 17 90000 1
2 2 5 20000 1
4 10 9 40000 1
4 1 4 24601 0
7 3 14 70000 1
8 9 16 80000 1
6 10 14 60000 1
3 1 4 20896 0
4 7 10 40000 1
5 8 12 50000 1
3 1 3 17716 0
5 4 11 50000 1
1 2 4 10000 1
3 6 7 30000 1
9 1 4 26253 0
4 3 8 40000 1
6 4 13 60000 1
8 7 17 80000 1
3 2 6 30000 1
7 1 7 42744 0
5 1 4 23090 0
3 1 4 22865 0
3 2 6 28737 0
8 1 6 37135 0
2 5 6 20000 1
8 7 17 80000 1
5 4 11 50000 1
1 1 2 6490 0
6 12 13 60000 1
7 1 4 23827 0
3 11 8 30000 1
5 1 6 37989 0
1 3 4 10000 1
5 9 10 50000 1
5 4 11 50000 1
3 1 4 22355 0
7 2 9 59140 0
7 8 16 70000 1
8 5 16 80000 1
4 9 9 40000 1
7 19 17 70000 1
5 1 5 32546 0
2 5 6 20000 1
5 1 4 23721 0
4 1 4 23699 0
4 8 9 40000 1
8 5 18 80000 1
6 1 6 39683 0
8 10 16 80000 1
9 13 18 90000 1
1 1 4 10000 1
7 5 14 70000 1
4 1 5 31931 0
3 7 8 30000 1
6 1 4 23827 0
9 17 18 90000 1
7 15 15 70000 1
3 5 8 30000 1
2 4 5 20000 1
9 12 18 90000 1
9 10 19 90000 1
19 3 22 145028 0
6 17 15 60000 1
10 1 6 41293 0
35 13 72 350000 1
18 4 29 173292 0
11 14 23 110000 1
38 17 74 380000 1
20 20 43 200000 1
16 21 32 160000 1
21 2 29 184079 0
34 23 68 340000 1
42 3 19 115902 0
27 1 18 125939 0
