3 2.00718954248
10 1.7825311943
11 1.72549019608
8 1.65118679051
11 1.72549019608
7 1.61476355248
1 0.980392156863
2 1.30718954248
5 1.9748583878
5 1.50829562594
9 1.76470588235
3 1.76196078431
3 1.47058823529
1 0.980392156863
5 1.50829562594
8 2.15137254902
10 2.14666666667
7 2.33937254902
7 1.61476355248
5 1.6339869281
11 2.33264705882
7 1.61476355248
10 1.86741363212
8 1.56862745098
9 1.60427807487
6 2.21558823529
2 1.52431372549
6 1.94318627451
7 1.83006535948
7 1.96558823529
8 2.22894117647
8 2.14042232278
12 2.28257703081
3 1.30718954248
6 2.09594771242
4 1.56862745098
12 1.62271805274
9 1.68067226891
8 2.21830065359
5 1.91529411765
10 2.19915966387
6 2.09019607843
11 2.01137254902
8 1.74291938998
8 1.74291938998
2 1.12044817927
6 1.80995475113
10 2.10161764706
9 1.68067226891
4 1.94806722689
9 1.60427807487
3 1.17647058824
7 2.21364705882
11 2.26355957768
11 2.20683473389
8 1.97193277311
9 2.17823529412
9 2.17635854342
5 1.86649237473
9 1.76470588235
1 0.980392156863
3 2.03901960784
10 1.7825311943
3 1.30718954248
6 2.07745098039
5 2.18679738562
3 1.30718954248
7 1.52505446623
11 2.19960784314
7 2.38454901961
4 1.42602495544
9 1.68067226891
10 2.09921568627
2 1.30718954248
1 0.980392156863
10 2.43843137255
5 1.6339869281
2 1.56098039216
9 1.68067226891
8 2.36005602241
4 1.30718954248
1 0.980392156863
9 1.68067226891
6 2.06094117647
3 1.47058823529
7 1.61476355248
10 1.86741363212
3 1.30718954248
7 1.61476355248
2 1.56598039216
6 1.56862745098
6 1.68067226891
8 1.74291938998
9 2.28240896359
3 1.30718954248
3 1.30718954248
2 1.30718954248
3 1.30718954248
8 1.65118679051
4 1.42602495544
9 1.68067226891
6 1.47058823529
6 2.21558823529
11 1.87553282182
1 0.980392156863
1 1.01215686275
4 1.42602495544
2 1.52431372549
5 1.40056022409
11 1.59767610748
6 1.68067226891
3 1.47058823529
2 1.30718954248
7 1.30718954248
6 1.86139433551
1 0.980392156863
10 2.30775599129
8 1.65118679051
6 1.56862745098
8 1.74291938998
4 1.56862745098
9 1.76470588235
11 2.27417366947
3 1.84797385621
8 1.56862745098
10 1.86741363212
2 1.30718954248
7 1.61476355248
5 2.24941176471
5 1.7825311943
7 1.71568627451
10 2.2237535014
11 1.72549019608
7 2.21264705882
3 1.65267973856
3 1.47058823529
6 1.68067226891
2 1.30718954248
7 1.71568627451
3 1.47058823529
5 1.50829562594
5 1.50829562594
9 1.68067226891
2 1.30718954248
10 1.7825311943
5 1.50829562594
7 2.04549019608
9 1.60427807487
7 1.71568627451
6 1.80995475113
4 1.42602495544
9 1.68067226891
3 1.30718954248
8 2.37039215686
9 1.68067226891
8 1.56862745098
8 1.89733333333
4 1.42602495544
3 1.60324929972
4 1.30718954248
4 1.42602495544
11 2.27154061625
4 1.56862745098
2 1.53617647059
8 1.92960784314
4 1.30718954248
4 1.30718954248
9 1.99539215686
5 1.50829562594
2 1.52431372549
8 1.56862745098
4 1.56862745098
6 1.68067226891
10 1.96078431373
2 1.30718954248
11 1.59767610748
1 0.980392156863
2 1.61058823529
5 1.50829562594
7 2.03796078431
5 1.40056022409
3 1.82183006536
1 0.980392156863
223 1.95639777164
5 1.6339869281
325 2.04248366013
6 2.12849673203
1 0.980392156863
1 0.980392156863
119 2.09267563528
6 1.56862745098
2 1.39403921569
2 1.30718954248
2 1.12044817927
1 0.980392156863
65 1.91655609612
168 3.00823529412
56 1.80006428801
88 1.89614307261
1 0.980392156863
124 2.00939880084
142 2.52758169935
14 2.41193627451
3 1.47058823529
1 0.980392156863
3 1.90183006536
10 1.7825311943
89 1.78984414279
6 1.47058823529
4 1.42602495544
77 2.75934640523
1 0.980392156863
25 1.81554103123
3 1.88562091503
207 1.69117647059
34 2.55426024955
16 2.58739495798
1 1.01215686275
1 0.980392156863
176 2.09150326797
150 2.18352941176
14 2.61784313725
1 0.980392156863
74 2.1862745098
1 1.01215686275
1 0.980392156863
2 1.30718954248
1 0.980392156863
1 0.980392156863
9 1.47058823529
1 1.01215686275
10 1.6339869281
120 2.23918552036
7 1.71568627451
33 2.02205882353
3 1.30718954248
166 1.93169255833
1 0.980392156863
19 1.81731229077
37 1.68718650251
2 1.58392156863
7 1.71568627451
3 1.47058823529
9 1.76470588235
2 1.30718954248
68 1.69851380042
41 1.91409897292
1 0.980392156863
136 2.0278833967
3 1.68768627451
1 1.01215686275
168 2.12663570691
1 1.01215686275
21 2.4243872549
114 2.00474808758
1 1.01215686275
1 0.980392156863
65 2.17041865395
3 1.30718954248
337 1.79560954817
1 0.980392156863
224 2.44732026144
1 0.980392156863
1 0.980392156863
