9 24 14 90000 1
7 6 10 70000 1
4 10 7 40000 1
3 8 7 30000 1
5 13 8 50000 1
18 25 24 180000 1
22 8 24 220000 1
9 14 14 90000 1
17 30 25 170000 1
28 27 36 280000 1
10 7 13 100000 1
27 8 29 270000 1
4 4 7 40000 1
23 5 20 215101 0
10 16 16 100000 1
9 20 12 90000 1
17 4 10 98545 0
10 12 13 100000 1
5 12 9 50000 1
6 0 0 0 0
3 1 3 23181 0
27 8 31 270000 1
27 10 34 270000 1
22 4 10 100553 0
19 31 26 190000 1
12 9 16 120000 1
22 1 4 42102 0
4 9 8 40000 1
5 4 8 50000 1
6 8 9 60000 1
5 3 7 50000 1
1 2 3 10000 1
8 1 4 38504 0
27 6 19 186609 0
27 8 30 270000 1
20 19 26 200000 1
23 33 32 230000 1
17 3 8 75383 0
27 16 33 270000 1
11 0 0 0 0
11 15 15 110000 1
7 8 11 70000 1
20 9 25 200000 1
8 23 12 80000 1
10 4 9 72569 0
14 1 5 60119 0
28 11 40 280000 1
23 11 30 230000 1
9 16 13 90000 1
20 17 26 200000 1
20 10 23 200000 1
12 1 5 54210 0
15 11 18 150000 1
10 1 2 20957 0
15 3 14 132354 0
16 9 20 160000 1
15 19 20 150000 1
24 8 30 240000 1
15 1 6 58802 0
11 0 0 0 0
24 10 32 240000 1
9 6 12 90000 1
5 2 4 38191 0
21 5 24 210000 1
27 4 12 124227 0
3 3 4 26617 0
20 13 24 200000 1
21 8 25 210000 1
8 13 12 80000 1
14 9 17 140000 1
19 6 21 184742 0
22 8 29 220000 1
5 4 8 50000 1
8 5 11 80000 1
18 8 23 179915 0
12 13 18 120000 1
27 2 12 140684 0
8 12 13 80000 1
23 15 28 230000 1
10 20 15 100000 1
9 7 13 90000 1
11 20 18 110000 1
23 20 30 230000 1
4 13 7 40000 1
21 1 4 56112 0
