9 2.25563909774
1 0.877192982456
7 1.75438596491
7 2.04678362573
8 1.75438596491
2 1.16959064327
2 1.16959064327
9 1.85758513932
5 1.75438596491
11 2.03139427516
5 1.75438596491
5 1.94931773879
9 2.10526315789
7 1.75438596491
3 1.75438596491
5 1.94931773879
2 1.16959064327
6 1.75438596491
5 1.75438596491
8 2.00501253133
2 1.40350877193
5 1.75438596491
2 1.40350877193
9 1.85758513932
5 1.75438596491
9 2.10526315789
5 1.75438596491
1 0.877192982456
8 2.00501253133
10 2.06398348813
4 1.55945419103
3 1.5037593985
9 1.85758513932
7 2.04678362573
10 1.59489633174
6 1.75438596491
10 2.06398348813
11 2.14424951267
3 1.75438596491
1 0.877192982456
7 2.04678362573
7 1.63742690058
9 1.75438596491
4 1.75438596491
9 1.75438596491
7 2.04678362573
11 2.14424951267
9 1.75438596491
6 1.61943319838
6 1.61943319838
9 1.6620498615
3 1.75438596491
5 1.59489633174
2 1.16959064327
11 1.75438596491
9 1.97368421053
5 1.75438596491
5 1.94931773879
5 1.94931773879
1 0.877192982456
10 1.67084377611
10 2.06398348813
3 1.5037593985
11 2.14424951267
7 1.88933873144
1 0.877192982456
4 1.55945419103
2 1.40350877193
9 2.10526315789
10 1.75438596491
4 1.55945419103
11 2.03139427516
5 1.75438596491
9 1.75438596491
8 1.87134502924
2 1.40350877193
10 1.94931773879
10 2.06398348813
10 1.94931773879
2 1.40350877193
8 2.00501253133
3 1.75438596491
3 1.75438596491
11 2.03139427516
4 1.75438596491
1 0.877192982456
7 1.75438596491
1 0.877192982456
4 1.75438596491
4 2.00501253133
2 1.16959064327
4 1.55945419103
11 2.03139427516
7 1.75438596491
3 1.5037593985
4 1.75438596491
10 1.94931773879
8 1.87134502924
1 0.877192982456
2 1.40350877193
7 1.88933873144
4 1.55945419103
8 2.00501253133
10 1.75438596491
7 1.75438596491
8 2.00501253133
7 2.04678362573
2 1.16959064327
1 0.877192982456
10 1.84672206833
4 1.55945419103
9 1.97368421053
6 1.75438596491
3 1.75438596491
7 1.88933873144
5 1.94931773879
2 1.40350877193
3 1.5037593985
11 1.9298245614
11 2.27038183695
2 1.40350877193
11 2.03139427516
1 0.877192982456
32 2.11850380669
2 1.40350877193
42 1.93905817175
6 1.75438596491
1 0.877192982456
23 2.01754385965
2 1.40350877193
3 1.5037593985
1 0.877192982456
21 1.93905817175
16 1.87134502924
1 0.877192982456
2 1.40350877193
186 2.21231043711
39 2.07336523126
1 0.877192982456
1 0.877192982456
1 0.877192982456
16 2.07927225471
3 1.31578947368
209 2.1568627451
1 0.877192982456
180 2.15555954733
9 1.85758513932
64 2.22338023276
2 1.40350877193
1 0.877192982456
14 2.13577421815
178 2.2629036359
1 0.877192982456
15 1.94931773879
1 0.877192982456
1 0.877192982456
16 2.07927225471
1 0.877192982456
1 0.877192982456
170 2.38596491228
17 1.98830409357
158 2.21754385965
109 2.54970760234
30 2.39234449761
1 0.877192982456
2 1.40350877193
3 1.5037593985
82 2.7933912451
1 0.877192982456
1 0.877192982456
349 2.18671679198
1 0.877192982456
3 1.5037593985
1 0.877192982456
1 0.877192982456
3 1.5037593985
28 1.9649122807
39 2.48803827751
19 2.38095238095
1 0.877192982456
1 0.877192982456
4 1.75438596491
1 0.877192982456
1 0.877192982456
26 2.33918128655
3 1.75438596491
1 0.877192982456
1 0.877192982456
