7 6 16 70000 1
8 4 18 80000 1
2 9 10 20000 1
1 1 4 8060 0
11 6 20 110000 1
4 1 9 40000 1
7 30 21 70000 1
8 9 18 80000 1
2 6 10 20000 1
6 14 19 60000 1
6 1 5 30275 0
2 6 10 20000 1
2 10 10 20000 1
2 4 9 20000 1
6 9 17 60000 1
1 2 5 10000 1
1 6 5 10000 1
2 10 10 20000 1
2 9 10 20000 1
8 15 18 80000 1
8 1 5 32612 0
4 3 10 40000 1
2 10 10 20000 1
2 3 8 20000 1
8 15 23 80000 1
1 2 5 10000 1
9 10 26 90000 1
9 8 22 90000 1
7 2 8 47181 0
3 10 12 30000 1
10 32 37 100000 1
3 10 13 30000 1
2 4 9 20000 1
1 6 5 10000 1
5 8 14 50000 1
2 1 7 20000 1
3 1 7 28937 0
3 2 9 30000 1
8 6 19 80000 1
3 7 13 30000 1
7 6 18 70000 1
7 12 23 70000 1
2 2 8 20000 1
10 14 26 100000 1
5 9 16 50000 1
3 1 6 26064 0
7 1 6 38708 0
4 7 12 40000 1
10 1 6 42767 0
6 14 16 60000 1
10 1 4 26834 0
9 5 21 90000 1
11 24 32 110000 1
10 12 26 100000 1
11 8 26 110000 1
10 25 37 100000 1
6 18 22 60000 1
8 27 29 80000 1
4 1 6 31099 0
4 3 10 40000 1
1 4 5 10000 1
4 4 10 40000 1
8 25 31 80000 1
8 25 23 80000 1
7 1 8 54872 0
4 5 12 40000 1
2 4 8 20000 1
6 22 27 60000 1
1 1 5 10000 1
3 1 4 16400 0
3 9 14 30000 1
2 8 10 20000 1
3 1 4 16251 0
1 1 4 8060 0
2 1 4 12404 0
5 3 11 50000 1
9 21 24 90000 1
6 10 17 60000 1
8 11 22 80000 1
5 5 14 50000 1
11 22 29 110000 1
5 9 14 50000 1
9 1 6 42497 0
2 5 7 20000 1
9 6 21 90000 1
3 5 9 30000 1
7 24 30 70000 1
3 8 12 30000 1
6 5 16 60000 1
2 12 10 20000 1
9 11 27 90000 1
9 15 23 90000 1
10 5 19 100000 1
5 1 4 21488 0
5 4 14 50000 1
1 3 5 10000 1
11 11 25 110000 1
2 1 5 17199 0
3 11 12 30000 1
5 20 16 50000 1
7 10 18 70000 1
2 5 9 20000 1
5 3 11 50000 1
1 2 5 10000 1
2 1 7 20000 1
1 1 5 10000 1
3 10 12 30000 1
9 16 27 90000 1
1 3 5 10000 1
8 6 22 80000 1
11 15 29 110000 1
10 16 28 100000 1
2 1 6 19590 0
9 23 26 90000 1
10 31 36 100000 1
2 3 8 20000 1
1 1 5 10000 1
8 19 22 80000 1
10 15 22 100000 1
7 6 19 70000 1
6 12 20 60000 1
5 9 15 50000 1
8 23 25 80000 1
3 7 13 30000 1
9 3 18 89304 0
1 6 5 10000 1
11 8 24 110000 1
4 2 10 40000 1
7 13 21 70000 1
1 1 4 8060 0
2 9 7 20000 1
4 10 14 40000 1
1 4 5 10000 1
3 4 11 30000 1
9 11 25 90000 1
11 19 30 110000 1
2 8 7 20000 1
5 6 15 50000 1
10 23 29 100000 1
4 13 16 40000 1
1 2 5 10000 1
1 2 5 10000 1
4 1 6 32651 0
5 1 7 42229 0
6 29 23 60000 1
4 5 13 40000 1
11 21 33 110000 1
9 14 21 90000 1
4 5 11 40000 1
4 1 6 29889 0
2 4 9 20000 1
4 1 6 30396 0
11 6 22 110000 1
8 36 35 80000 1
6 26 21 60000 1
7 33 29 70000 1
11 2 8 56818 0
7 6 15 70000 1
1 1 4 8060 0
3 13 15 30000 1
6 10 16 60000 1
11 28 39 110000 1
9 25 32 90000 1
9 17 26 90000 1
6 3 14 60000 1
10 1 5 31203 0
2 10 10 20000 1
10 4 16 92329 0
10 17 31 100000 1
9 23 31 90000 1
5 23 21 50000 1
9 32 38 90000 1
8 20 24 80000 1
8 5 19 80000 1
10 5 20 97952 0
7 3 12 65051 0
5 1 8 44496 0
8 14 21 80000 1
8 23 26 80000 1
6 2 12 59115 0
6 4 15 60000 1
8 6 17 80000 1
56 14 112 560000 1
138 13 112 653418 0
2 3 8 20000 1
5 2 8 42804 0
1 2 5 10000 1
4 1 5 26194 0
14 6 25 140000 1
1 6 5 10000 1
2 10 10 20000 1
1 4 5 10000 1
1 1 5 10000 1
8 3 17 80000 1
1 1 5 10000 1
1 5 5 10000 1
1 6 5 10000 1
3 3 10 30000 1
217 10 97 737858 0
1 1 5 10000 1
1 2 5 10000 1
285 27 676 2850000 1
8 21 27 80000 1
2 7 10 20000 1
49 12 80 490000 1
61 37 202 610000 1
1 3 5 10000 1
1 6 5 10000 1
1 1 5 10000 1
1 6 5 10000 1
1 3 5 10000 1
12 32 43 120000 1
1 2 5 10000 1
43 4 16 102067 0
1 4 5 10000 1
2 1 7 20000 1
1 1 5 10000 1
1 3 5 10000 1
1 1 5 10000 1
20 6 33 200000 1
10 4 16 89193 0
154 31 564 1540000 1
2 12 10 20000 1
309 17 514 3090000 1
6 9 16 60000 1
114 21 302 1140000 1
1 5 5 10000 1
172 10 238 1720000 1
15 9 32 150000 1
1 2 5 10000 1
3 2 9 30000 1
1 2 5 10000 1
5 5 14 50000 1
4 7 13 40000 1
95 18 225 950000 1
44 1 7 63328 0
218 12 88 556590 0
18 19 42 180000 1
7 1 8 54655 0
1 4 5 10000 1
6 4 13 60000 1
1 2 5 10000 1
2 11 10 20000 1
37 21 99 370000 1
16 4 26 160000 1
2 1 7 20000 1
1 3 5 10000 1
3 9 14 30000 1
30 37 91 300000 1
2 11 10 20000 1
6 1 4 23853 0
32 30 113 320000 1
4 10 17 40000 1
16 15 38 160000 1
31 16 71 310000 1
1 2 5 10000 1
1 3 5 10000 1
23 5 20 119009 0
2 4 9 20000 1
287 27 605 2870000 1
1 4 5 10000 1
22 37 90 220000 1
4 1 9 40000 1
1 4 5 10000 1
