7 2.1875
8 2.22222222222
2 1.0
1 1.0075
11 2.75
4 2.22222222222
7 1.66666666667
8 2.22222222222
2 1.0
6 1.57894736842
6 3.0275
2 1.0
2 1.0
2 1.11111111111
6 1.76470588235
1 1.0
1 1.0
2 1.0
2 1.0
8 2.22222222222
8 3.2612
4 2.0
2 1.0
2 1.25
8 1.73913043478
1 1.0
9 1.73076923077
9 2.04545454545
7 2.9488125
3 1.25
10 1.35135135135
3 1.15384615385
2 1.11111111111
1 1.0
5 1.78571428571
2 1.42857142857
3 2.06692857143
3 1.66666666667
8 2.10526315789
3 1.15384615385
7 1.94444444444
7 1.52173913043
2 1.25
10 1.92307692308
5 1.5625
3 2.172
7 3.22566666667
4 1.66666666667
10 3.56391666667
6 1.875
10 3.35425
9 2.14285714286
11 1.71875
10 1.92307692308
11 2.11538461538
10 1.35135135135
6 1.36363636364
8 1.37931034483
4 2.59158333333
4 2.0
1 1.0
4 2.0
8 1.29032258065
8 1.73913043478
7 3.4295
4 1.66666666667
2 1.25
6 1.11111111111
1 1.0
3 2.05
3 1.07142857143
2 1.0
3 2.031375
1 1.0075
2 1.5505
5 2.27272727273
9 1.875
6 1.76470588235
8 1.81818181818
5 1.78571428571
11 1.89655172414
5 1.78571428571
9 3.54141666667
2 1.42857142857
9 2.14285714286
3 1.66666666667
7 1.16666666667
3 1.25
6 1.875
2 1.0
9 1.66666666667
9 1.95652173913
10 2.63157894737
5 2.686
5 1.78571428571
1 1.0
11 2.2
2 1.7199
3 1.25
5 1.5625
7 1.94444444444
2 1.11111111111
5 2.27272727273
1 1.0
2 1.42857142857
1 1.0
3 1.25
9 1.66666666667
1 1.0
8 1.81818181818
11 1.89655172414
10 1.78571428571
2 1.6325
9 1.73076923077
10 1.38888888889
2 1.25
1 1.0
8 1.81818181818
10 2.27272727273
7 1.84210526316
6 1.5
5 1.66666666667
8 1.6
3 1.15384615385
9 2.48066666667
1 1.0
11 2.29166666667
4 2.0
7 1.66666666667
1 1.0075
2 1.42857142857
4 1.42857142857
1 1.0
3 1.36363636364
9 1.8
11 1.83333333333
2 1.42857142857
5 1.66666666667
10 1.72413793103
4 1.25
1 1.0
1 1.0
4 2.72091666667
5 3.01635714286
6 1.30434782609
4 1.53846153846
11 1.66666666667
9 2.14285714286
4 1.81818181818
4 2.49075
2 1.11111111111
4 2.533
11 2.5
8 1.14285714286
6 1.42857142857
7 1.20689655172
11 3.551125
7 2.33333333333
1 1.0075
3 1.0
6 1.875
11 1.41025641026
9 1.40625
9 1.73076923077
6 2.14285714286
10 3.1203
2 1.0
10 2.88528125
10 1.61290322581
9 1.45161290323
5 1.19047619048
9 1.18421052632
8 1.66666666667
8 2.10526315789
10 2.4488
7 2.71045833333
5 2.781
8 1.90476190476
8 1.53846153846
6 2.463125
6 2.0
8 2.35294117647
56 2.5
138 2.91704464286
2 1.25
5 2.67525
1 1.0
4 2.6194
14 2.8
1 1.0
2 1.0
1 1.0
1 1.0
8 2.35294117647
1 1.0
1 1.0
1 1.0
3 1.5
217 3.80339175258
1 1.0
1 1.0
285 2.10798816568
8 1.48148148148
2 1.0
49 3.0625
61 1.5099009901
1 1.0
1 1.0
1 1.0
1 1.0
1 1.0
12 1.39534883721
1 1.0
43 3.18959375
1 1.0
2 1.42857142857
1 1.0
1 1.0
1 1.0
20 3.0303030303
10 2.78728125
154 1.36524822695
2 1.0
309 3.00583657588
6 1.875
114 1.88741721854
1 1.0
172 3.61344537815
15 2.34375
1 1.0
3 1.66666666667
1 1.0
5 1.78571428571
4 1.53846153846
95 2.11111111111
44 4.52342857143
218 3.16244318182
18 2.14285714286
7 3.4159375
1 1.0
6 2.30769230769
1 1.0
2 1.0
37 1.86868686869
16 3.07692307692
2 1.42857142857
1 1.0
3 1.07142857143
30 1.64835164835
2 1.0
6 2.981625
32 1.41592920354
4 1.17647058824
16 2.10526315789
31 2.18309859155
1 1.0
1 1.0
23 2.975225
2 1.11111111111
287 2.37190082645
1 1.0
22 1.22222222222
4 2.22222222222
1 1.0
