8 1 5 80000 1
9 1 5 90000 1
6 3 5 60000 1
3 1 3 30000 1
7 1 5 70000 1
1 1 1 10000 1
3 1 3 30000 1
4 1 3 40000 1
1 1 1 10000 1
2 1 2 20000 1
4 1 3 40000 1
7 1 5 70000 1
3 1 3 30000 1
2 1 2 20000 1
5 1 3 50000 1
5 2 4 50000 1
4 1 3 40000 1
7 1 5 70000 1
1 1 1 10000 1
7 3 5 70000 1
5 2 4 50000 1
4 1 3 40000 1
7 1 5 70000 1
8 2 5 80000 1
4 1 3 40000 1
7 2 5 70000 1
5 1 3 50000 1
9 3 8 90000 1
8 1 5 80000 1
3 1 2 30000 1
9 4 9 90000 1
8 1 5 80000 1
3 1 3 30000 1
3 1 2 30000 1
3 1 3 30000 1
9 1 5 90000 1
7 2 5 70000 1
2 1 2 20000 1
7 1 5 70000 1
6 1 3 60000 1
9 1 5 90000 1
1 1 1 10000 1
6 2 4 60000 1
7 2 6 70000 1
2 1 2 20000 1
5 1 3 50000 1
3 1 3 30000 1
4 1 3 40000 1
3 1 3 30000 1
5 1 3 50000 1
7 3 6 70000 1
4 1 3 40000 1
2 1 2 20000 1
2 1 2 20000 1
9 1 5 90000 1
3 1 3 30000 1
3 1 3 30000 1
9 1 5 90000 1
2 1 2 20000 1
2 1 2 20000 1
2 1 2 20000 1
2 1 2 20000 1
2 1 2 20000 1
5 1 3 50000 1
3 1 2 30000 1
4 1 3 40000 1
1 1 1 10000 1
3 1 2 30000 1
3 1 3 30000 1
5 1 3 50000 1
9 1 6 90000 1
5 1 3 50000 1
4 1 3 40000 1
6 1 4 60000 1
1 1 1 10000 1
4 1 3 40000 1
7 1 5 70000 1
5 1 3 50000 1
3 1 2 30000 1
2 1 2 20000 1
1 1 1 10000 1
6 3 5 60000 1
9 4 6 90000 1
4 1 3 40000 1
8 1 5 80000 1
6 1 4 60000 1
3 1 3 30000 1
8 2 5 80000 1
3 1 3 30000 1
2 1 2 20000 1
4 1 3 40000 1
7 1 5 70000 1
8 2 5 80000 1
3 1 3 30000 1
4 1 3 40000 1
5 1 3 50000 1
4 1 3 40000 1
2 1 2 20000 1
6 1 4 60000 1
8 2 7 80000 1
3 1 3 30000 1
7 2 6 70000 1
8 1 5 80000 1
4 1 3 40000 1
6 1 4 60000 1
4 1 3 40000 1
2 1 2 20000 1
1 1 1 10000 1
3 1 3 30000 1
7 1 4 70000 1
4 2 3 40000 1
5 1 3 50000 1
41 7 21 410000 1
4 1 3 40000 1
37 5 35 370000 1
19 5 19 190000 1
21 6 17 210000 1
19 4 18 190000 1
22 3 16 220000 1
26 2 14 260000 1
30 1 14 300000 1
27 3 21 270000 1
14 1 8 140000 1
13 1 7 130000 1
