9 2.00892857143
1 0.892857142857
7 2.08333333333
1 0.892857142857
7 1.92307692308
3 1.5306122449
2 1.42857142857
8 2.04081632653
3 1.19047619048
1 0.892857142857
4 1.78571428571
1 0.892857142857
8 2.04081632653
6 2.38095238095
5 1.4880952381
5 1.37362637363
10 1.62337662338
5 1.78571428571
3 1.07142857143
8 2.04081632653
9 1.39751552795
2 0.892857142857
10 2.38095238095
12 2.67857142857
10 2.23214285714
3 0.892857142857
3 0.974025974026
4 2.04081632653
2 0.892857142857
3 1.5306122449
11 1.6369047619
11 2.61904761905
4 2.04081632653
8 1.78571428571
4 2.04081632653
1 0.892857142857
10 1.78571428571
10 1.27551020408
2 1.02040816327
6 1.94805194805
1 0.892857142857
10 1.98412698413
5 2.23214285714
2 1.19047619048
6 2.14285714286
4 1.78571428571
6 2.14285714286
5 1.19047619048
1 0.892857142857
12 1.26050420168
7 1.25
1 0.892857142857
6 1.33928571429
10 2.23214285714
4 1.0989010989
4 1.5873015873
5 2.23214285714
8 2.38095238095
6 1.02040816327
4 1.42857142857
7 1.78571428571
8 2.38095238095
8 2.04081632653
7 1.78571428571
6 2.14285714286
2 1.02040816327
8 2.5974025974
8 2.1978021978
4 2.38095238095
8 2.1978021978
9 1.89075630252
9 1.5306122449
1 0.892857142857
6 1.64835164835
5 1.62337662338
5 1.37362637363
5 1.98412698413
3 1.5306122449
10 2.74725274725
2 1.42857142857
11 1.09126984127
10 1.62337662338
6 2.67857142857
10 1.78571428571
5 1.37362637363
3 1.5306122449
10 2.10084033613
11 2.45535714286
1 0.892857142857
9 2.47252747253
5 1.62337662338
5 2.23214285714
11 1.19047619048
5 2.23214285714
4 1.42857142857
1 0.892857142857
10 2.74725274725
8 1.2987012987
10 1.19047619048
7 2.27272727273
10 2.97619047619
2 1.02040816327
3 0.974025974026
4 1.78571428571
4 1.19047619048
4 2.04081632653
7 2.08333333333
8 2.1978021978
10 2.38095238095
11 1.96428571429
3 1.78571428571
1 0.892857142857
2 1.19047619048
10 1.87969924812
3 2.14285714286
1 0.892857142857
7 1.92307692308
3 1.19047619048
12 1.47783251232
10 2.55102040816
6 1.33928571429
10 2.10084033613
3 1.5306122449
11 2.31092436975
6 1.94805194805
4 1.78571428571
8 2.04081632653
11 2.61904761905
10 2.38095238095
10 1.87969924812
4 1.42857142857
3 1.07142857143
3 1.78571428571
10 2.10084033613
7 1.66666666667
11 2.06766917293
7 2.27272727273
4 2.38095238095
1 0.892857142857
10 1.4880952381
3 1.19047619048
2 1.19047619048
5 1.11607142857
7 2.27272727273
11 1.51098901099
7 1.5625
9 2.00892857143
6 1.78571428571
3 1.07142857143
6 1.42857142857
10 1.15207373272
8 1.5037593985
4 2.38095238095
168 1.76470588235
1 0.892857142857
1 0.892857142857
6 1.64835164835
1 0.892857142857
2 1.42857142857
1 0.892857142857
25 3.1887755102
33 2.06766917293
1 0.892857142857
1 0.892857142857
111 1.29976580796
3 1.33928571429
23 1.26373626374
3 1.78571428571
1 0.892857142857
240 2.75608635737
3 1.78571428571
12 1.5306122449
2 1.02040816327
1 0.892857142857
1 0.892857142857
4 1.78571428571
12 1.94805194805
1 0.892857142857
44 0.970017636684
2 1.42857142857
1 0.892857142857
15 1.91326530612
1 0.892857142857
1 0.892857142857
1 0.892857142857
1 0.892857142857
1 0.892857142857
144 2.73556231003
1 0.892857142857
39 1.90802348337
145 1.25693481276
6 1.42857142857
1 0.892857142857
5 1.98412698413
1 0.892857142857
1 0.892857142857
2 1.42857142857
3 1.5306122449
8 2.38095238095
29 1.56926406926
20 1.32275132275
28 2.38095238095
10 2.74725274725
1 0.892857142857
1 0.892857142857
2 1.19047619048
1 0.892857142857
1 0.892857142857
12 2.25563909774
1 0.892857142857
10 1.32275132275
29 1.59340659341
3 0.974025974026
1 0.892857142857
1 0.892857142857
1 0.892857142857
6 2.14285714286
9 1.39751552795
4 1.78571428571
2 0.892857142857
