5 1 3 50000 1
1 1 1 10000 1
6 2 4 60000 1
1 1 1 10000 1
9 1 4 90000 1
4 1 2 40000 1
7 1 3 70000 1
2 1 2 20000 1
3 1 2 30000 1
4 1 2 40000 1
2 1 2 20000 1
8 1 4 80000 1
7 1 3 70000 1
1 1 1 10000 1
8 1 4 80000 1
7 1 3 70000 1
3 1 2 30000 1
1 1 1 10000 1
1 1 1 10000 1
6 1 3 60000 1
7 1 3 70000 1
1 1 1 10000 1
6 2 5 60000 1
6 1 3 60000 1
1 1 1 10000 1
4 1 2 40000 1
8 2 5 80000 1
2 1 2 20000 1
6 1 3 60000 1
6 1 3 60000 1
2 1 2 20000 1
1 1 1 10000 1
5 1 2 50000 1
2 1 2 20000 1
8 1 4 80000 1
2 1 2 20000 1
2 1 2 20000 1
2 1 1 20000 1
7 1 3 70000 1
7 1 3 70000 1
8 1 4 80000 1
7 1 3 70000 1
3 1 2 30000 1
2 1 2 20000 1
3 1 2 30000 1
8 2 5 80000 1
9 1 4 90000 1
5 1 3 50000 1
4 1 2 40000 1
8 2 5 80000 1
3 1 2 30000 1
1 1 1 10000 1
5 1 2 50000 1
4 1 2 40000 1
8 1 3 80000 1
5 1 3 50000 1
8 1 4 80000 1
6 1 3 60000 1
1 1 1 10000 1
1 1 1 10000 1
5 1 3 50000 1
2 1 1 20000 1
2 1 2 20000 1
1 1 1 10000 1
9 1 5 90000 1
2 1 2 20000 1
4 1 2 40000 1
2 1 2 20000 1
2 1 2 20000 1
5 1 3 50000 1
9 1 4 90000 1
4 1 2 40000 1
5 1 3 50000 1
5 1 3 50000 1
7 1 3 70000 1
6 1 3 60000 1
1 1 1 10000 1
6 1 3 60000 1
9 3 7 90000 1
4 1 2 40000 1
8 1 4 80000 1
5 2 4 50000 1
3 1 2 30000 1
4 1 2 40000 1
7 1 3 70000 1
6 1 3 60000 1
9 1 4 90000 1
7 3 6 70000 1
6 1 3 60000 1
7 1 3 70000 1
9 2 6 90000 1
4 1 2 40000 1
7 3 7 70000 1
1 1 1 10000 1
5 1 3 50000 1
3 1 2 30000 1
2 1 2 20000 1
8 1 3 80000 1
2 1 2 20000 1
2 1 2 20000 1
7 1 3 70000 1
3 1 2 30000 1
6 1 3 60000 1
5 1 3 50000 1
5 1 3 50000 1
4 1 2 40000 1
1 1 1 10000 1
2 1 1 20000 1
6 1 3 60000 1
2 1 2 20000 1
5 2 4 50000 1
2 1 2 20000 1
43 3 34 430000 1
34 1 10 340000 1
15 1 6 150000 1
30 5 30 300000 1
37 1 11 370000 1
40 1 12 400000 1
39 5 30 390000 1
37 2 20 370000 1
19 1 8 190000 1
37 1 11 370000 1
20 1 7 200000 1
