3 1.66666666667
2 1.11111111111
5 1.54320987654
5 2.77777777778
10 2.13675213675
9 3.125
3 1.66666666667
1 0.925925925926
8 2.22222222222
4 1.5873015873
4 2.22222222222
10 3.08641975309
5 2.77777777778
12 1.66666666667
3 1.38888888889
2 1.38888888889
2 1.38888888889
5 2.31481481481
9 2.5
9 2.5
8 2.22222222222
2 1.38888888889
7 3.24074074074
8 2.46913580247
1 0.925925925926
4 1.85185185185
5 2.31481481481
8 1.7094017094
6 2.77777777778
6 1.85185185185
3 1.66666666667
6 2.77777777778
6 1.66666666667
6 2.08333333333
1 0.925925925926
5 1.73611111111
4 2.22222222222
3 1.66666666667
2 1.38888888889
4 1.85185185185
4 1.85185185185
3 1.66666666667
7 3.24074074074
3 1.19047619048
8 1.7094017094
7 2.16049382716
6 2.08333333333
7 3.24074074074
4 2.22222222222
7 1.94444444444
5 1.38888888889
6 2.08333333333
3 1.66666666667
10 1.6339869281
8 2.22222222222
4 2.77777777778
10 3.08641975309
5 2.77777777778
3 1.66666666667
3 1.66666666667
9 1.92307692308
7 1.76767676768
10 1.54320987654
8 1.85185185185
8 2.46913580247
10 1.6339869281
5 1.98412698413
7 1.38888888889
10 1.73611111111
4 1.23456790123
9 2.27272727273
11 1.6081871345
5 2.77777777778
2 1.38888888889
3 1.66666666667
4 2.22222222222
9 2.27272727273
10 3.47222222222
11 1.27314814815
5 1.38888888889
7 2.77777777778
10 1.98412698413
9 2.77777777778
11 1.6081871345
7 2.43055555556
10 2.77777777778
8 1.48148148148
3 1.38888888889
4 1.5873015873
3 1.66666666667
9 3.125
10 1.85185185185
5 2.77777777778
5 2.77777777778
4 2.22222222222
1 0.925925925926
10 1.6339869281
3 1.19047619048
1 0.925925925926
11 2.35042735043
5 1.54320987654
8 2.0202020202
7 1.62037037037
2 1.38888888889
6 2.77777777778
6 1.85185185185
10 3.08641975309
5 1.98412698413
10 1.32275132275
11 1.32850241546
11 3.3950617284
11 3.3950617284
11 2.03703703704
10 1.98412698413
6 2.08333333333
3 1.19047619048
1 0.925925925926
10 2.13675213675
4 1.5873015873
2 1.38888888889
9 2.27272727273
10 1.85185185185
8 1.7094017094
6 2.77777777778
5 1.73611111111
1 0.925925925926
1 0.925925925926
4 1.38888888889
2 1.38888888889
1 0.925925925926
1 0.925925925926
3 1.66666666667
7 2.77777777778
10 1.32275132275
11 2.5462962963
6 3.33333333333
4 1.85185185185
10 2.52525252525
5 1.54320987654
5 2.77777777778
1 0.925925925926
4 2.22222222222
7 2.16049382716
4 2.22222222222
5 1.73611111111
7 3.24074074074
4 1.85185185185
6 2.38095238095
2 1.11111111111
5 1.54320987654
5 1.26262626263
2 1.38888888889
1 0.925925925926
10 2.77777777778
9 3.125
2 0.925925925926
11 2.77777777778
4 1.38888888889
9 3.57142857143
3 1.66666666667
7 2.77777777778
5 1.38888888889
4 1.23456790123
6 2.38095238095
7 1.62037037037
10 1.6339869281
325 1.45609318996
2 1.38888888889
18 2.27272727273
20 2.05761316872
12 1.66666666667
3 1.66666666667
1 0.925925925926
1 0.925925925926
1 0.925925925926
258 3.31790123457
1 0.925925925926
4 2.22222222222
2 1.38888888889
1 0.925925925926
1 0.925925925926
1 0.925925925926
16 2.1164021164
1 0.925925925926
1 0.925925925926
1 0.925925925926
2 1.38888888889
10 2.52525252525
3 1.66666666667
1 0.925925925926
2 1.38888888889
22 1.79738562092
1 0.925925925926
28 0.972222222222
15 1.19047619048
1 0.925925925926
2 1.38888888889
4 2.22222222222
1 0.925925925926
1 0.925925925926
2 1.38888888889
35 1.31381381381
48 0.925925925926
9 1.5625
25 1.10229276896
2 1.38888888889
1 0.925925925926
1 0.925925925926
1 0.925925925926
1 0.925925925926
1 0.925925925926
3 1.66666666667
229 1.39498050682
1 0.925925925926
1 0.925925925926
1 0.925925925926
4 1.38888888889
69 1.12085769981
4 1.23456790123
1 0.925925925926
6 2.08333333333
1 0.925925925926
1 0.925925925926
32 1.09739368999
1 0.925925925926
1 0.925925925926
3 1.66666666667
2 1.38888888889
57 1.01495726496
41 1.86703096539
2 1.38888888889
3 1.19047619048
1 0.925925925926
7 2.77777777778
11 3.81944444444
221 1.52708678828
6 2.38095238095
