5 1 5 50000 1
5 1 5 50000 1
1 1 1 10000 1
7 1 7 70000 1
2 1 2 20000 1
2 1 2 20000 1
9 4 9 90000 1
1 1 1 10000 1
8 1 8 80000 1
8 4 8 80000 1
4 1 4 40000 1
5 1 5 50000 1
1 1 1 10000 1
6 3 6 60000 1
2 1 2 20000 1
6 2 6 60000 1
6 1 6 60000 1
2 1 2 20000 1
6 2 6 60000 1
4 1 4 40000 1
9 2 9 90000 1
4 1 4 40000 1
9 2 9 90000 1
5 1 5 50000 1
5 2 5 50000 1
8 1 8 80000 1
8 1 8 80000 1
1 1 1 10000 1
9 1 7 71300 0
5 1 5 50000 1
2 1 2 20000 1
6 2 6 60000 1
1 1 1 10000 1
7 2 7 70000 1
8 3 8 80000 1
6 1 6 60000 1
3 1 3 30000 1
5 1 5 50000 1
6 1 6 60000 1
5 1 5 50000 1
1 1 1 10000 1
7 3 7 70000 1
1 1 1 10000 1
8 1 8 80000 1
4 1 4 40000 1
2 1 2 20000 1
3 1 3 30000 1
1 1 1 10000 1
5 1 5 50000 1
2 1 2 20000 1
4 1 4 40000 1
5 1 5 50000 1
4 1 4 40000 1
9 3 9 90000 1
2 1 2 20000 1
3 2 3 30000 1
1 1 1 10000 1
7 1 7 70000 1
4 1 4 40000 1
3 1 3 30000 1
7 1 7 70000 1
8 2 8 80000 1
6 1 6 60000 1
7 3 7 70000 1
8 5 8 80000 1
1 1 1 10000 1
4 1 4 40000 1
5 1 5 50000 1
6 1 6 60000 1
3 1 3 30000 1
1 1 1 10000 1
9 4 9 90000 1
6 4 6 60000 1
2 1 2 20000 1
2 1 2 20000 1
2 1 2 20000 1
1 1 1 10000 1
1 1 1 10000 1
2 1 2 20000 1
6 1 6 60000 1
8 3 8 80000 1
5 1 5 50000 1
8 2 8 80000 1
6 1 6 60000 1
5 2 5 50000 1
2 1 2 20000 1
7 1 7 70000 1
7 5 7 70000 1
2 1 2 20000 1
9 3 9 90000 1
7 2 7 70000 1
4 1 4 40000 1
5 2 5 50000 1
8 1 8 80000 1
3 1 3 30000 1
2 1 2 20000 1
9 4 9 90000 1
4 1 4 40000 1
3 1 3 30000 1
4 3 4 40000 1
1 1 1 10000 1
5 1 5 50000 1
7 1 7 70000 1
7 2 7 70000 1
1 1 1 10000 1
8 1 7 70000 0
3 2 3 30000 1
2 1 2 20000 1
3 1 3 30000 1
2 1 2 20000 1
4 1 4 40000 1
7 1 7 70000 1
1 1 1 10000 1
6 1 6 60000 1
2 1 2 20000 1
9 5 9 90000 1
9 4 9 90000 1
9 2 9 90000 1
5 1 5 50000 1
3 1 3 30000 1
2 1 2 20000 1
4 1 4 40000 1
40 1 9 97586 0
22 1 10 103028 0
11 2 11 110000 1
38 1 13 139742 0
37 8 37 370000 1
23 1 15 155628 0
