7 0.952380952381
10 0.952380952381
3 0.952380952381
4 0.952380952381
9 0.952380952381
11 0.952380952381
4 0.952380952381
2 0.952380952381
4 0.962962962963
7 0.952380952381
10 0.952380952381
5 0.952380952381
12 0.973958333333
8 0.952380952381
9 0.952380952381
3 0.977777777778
11 0.952380952381
6 0.952380952381
9 0.957575757576
5 0.952380952381
5 0.952380952381
5 1.0
8 0.952380952381
3 1.0
9 0.952380952381
10 0.952380952381
3 0.952380952381
8 1.0
6 0.952380952381
12 0.952380952381
1 0.952380952381
4 0.952380952381
6 0.952380952381
10 0.952380952381
9 0.987421383648
8 0.952380952381
3 0.952380952381
7 0.97619047619
9 0.952380952381
9 0.952380952381
12 0.952380952381
9 0.952380952381
11 0.976744186047
10 0.980769230769
5 0.952380952381
9 0.952380952381
10 0.975308641975
4 0.972222222222
9 0.952380952381
4 1.0
6 0.972222222222
3 0.952380952381
2 0.952380952381
10 1.0
8 0.952380952381
1 1.0
4 0.968253968254
9 0.952380952381
2 0.952380952381
1 0.952380952381
8 0.987654320988
2 0.952380952381
10 1.0
7 0.952380952381
3 0.952380952381
5 0.952380952381
11 0.952380952381
8 0.952380952381
10 1.0
4 0.986111111111
11 1.0
11 1.0
5 1.0
5 1.0
6 0.952380952381
4 0.952380952381
6 0.952380952381
1 0.952380952381
11 1.0
3 0.952380952381
7 0.952380952381
11 1.0
2 0.974358974359
8 1.0
10 1.0
6 1.0
8 0.952380952381
3 0.952380952381
5 0.952380952381
9 0.979591836735
5 0.952380952381
1 1.0
6 0.982456140351
7 1.0
7 0.952380952381
7 0.952380952381
6 1.0
3 1.0
8 0.952380952381
6 0.952380952381
9 0.952380952381
11 1.0
2 1.0
5 0.952380952381
4 0.962962962963
5 0.952380952381
9 0.952380952381
11 1.0
2 0.952380952381
1 0.952380952381
7 0.952380952381
2 0.952380952381
8 0.952380952381
5 0.974358974359
9 0.988095238095
7 0.974358974359
11 0.952380952381
1 0.952380952381
1 0.952380952381
6 0.952380952381
7 0.952380952381
8 0.952380952381
4 0.952380952381
1 0.952380952381
11 0.952380952381
5 0.952380952381
8 0.972972972973
9 1.0
4 1.0
10 0.952380952381
3 0.952380952381
3 1.0
10 0.952380952381
7 1.0
3 0.952380952381
1 0.952380952381
8 0.952380952381
7 0.952380952381
8 0.952380952381
7 0.952380952381
5 0.952380952381
7 0.952380952381
9 1.0
1 0.952380952381
6 0.952380952381
4 0.983333333333
10 1.0
12 0.952380952381
2 0.952380952381
6 0.973333333333
4 1.0
5 0.952380952381
7 1.0
9 0.981981981982
4 0.952380952381
3 1.0
4 1.0
4 0.952380952381
8 0.952380952381
5 0.952380952381
2 0.952380952381
3 0.952380952381
7 1.0
4 0.952380952381
1 0.952380952381
9 0.952380952381
6 0.952380952381
2 0.952380952381
10 0.992592592593
11 0.952380952381
3 0.952380952381
11 0.952380952381
10 0.969696969697
1 0.952380952381
8 0.990476190476
8 0.962264150943
10 0.983333333333
1 0.952380952381
4 0.952380952381
11 0.952380952381
7 0.952380952381
7 0.952380952381
1 0.952380952381
1 0.952380952381
21 0.952380952381
1 1.0
16 1.0
3 0.952380952381
1 0.952380952381
10 1.0
15 0.952380952381
1 0.952380952381
4 0.952380952381
4 0.981481481481
2 0.952380952381
1 0.952380952381
6 1.0
206 0.978043912176
5 0.952380952381
1 0.952380952381
46 0.991967871486
1 0.952380952381
57 0.975308641975
96 0.976866456362
1 0.952380952381
3 0.952380952381
7 0.952380952381
1 1.0
233 0.982456140351
3 0.952380952381
1 0.952380952381
40 1.0
1 0.952380952381
29 0.977207977208
49 0.992753623188
2 0.952380952381
6 0.952380952381
6 0.952380952381
162 0.974937343358
1 0.952380952381
39 0.983050847458
3 0.952380952381
1 0.952380952381
71 0.98275862069
92 0.980654761905
1 0.952380952381
1 0.952380952381
44 0.952380952381
1 0.952380952381
1 0.952380952381
2 0.952380952381
1 0.952380952381
1 0.952380952381
1 0.952380952381
1 1.0
21 0.987341772152
1 0.952380952381
207 0.995780590717
165 0.952380952381
32 0.952380952381
174 0.952380952381
1 0.952380952381
52 0.952380952381
1 0.952380952381
1 0.952380952381
51 0.970553592462
1 0.952380952381
2 1.0
1 0.952380952381
33 0.977528089888
345 0.978666666667
1 0.952380952381
50 0.981333333333
1 0.952380952381
35 0.986928104575
57 0.952380952381
32 0.952380952381
5 0.952380952381
17 0.952380952381
368 0.952380952381
17 0.972868217054
1 0.952380952381
1 0.952380952381
23 0.952380952381
