7 2 8 66160 0
9 3 13 86800 0
8 3 16 80000 1
25 8 50 250000 1
18 1 4 37440 0
22 1 7 65520 0
27 5 26 208480 0
6 4 12 60000 1
2 1 3 19360 0
25 3 13 112960 0
10 6 20 100000 1
16 2 7 56800 0
8 1 5 46800 0
20 0 0 0 0
23 5 15 122960 0
1 0 0 0 0
4 0 0 0 0
19 1 7 65520 0
1 0 0 0 0
7 0 0 0 0
21 2 10 84880 0
12 3 12 103600 0
1 0 0 0 0
1 1 2 10000 1
12 1 8 66160 0
15 4 16 132320 0
14 1 6 56160 0
26 9 52 260000 1
20 13 40 200000 1
22 10 44 220000 1
19 11 38 190000 1
13 1 6 56160 0
6 0 0 0 0
10 1 7 65520 0
13 6 26 130000 1
20 0 0 0 0
22 1 5 46800 0
2 0 0 0 0
5 4 10 50000 1
19 5 38 190000 1
6 3 12 60000 1
9 4 18 90000 1
7 3 14 70000 1
7 3 14 70000 1
19 9 38 190000 1
12 9 24 120000 1
7 1 5 46800 0
20 10 40 200000 1
8 3 16 80000 1
23 9 46 230000 1
26 0 0 0 0
1 0 0 0 0
21 0 0 0 0
3 1 5 29360 0
15 0 0 0 0
16 4 18 133600 0
16 3 24 154880 0
14 0 0 0 0
4 5 8 40000 1
12 7 24 120000 1
8 6 16 80000 1
26 3 23 189120 0
7 1 4 37440 0
18 8 36 180000 1
10 2 8 66160 0
18 1 3 28080 0
7 1 4 37440 0
19 4 38 190000 1
15 4 19 142960 0
19 6 38 190000 1
13 4 15 122960 0
1 0 0 0 0
26 2 19 160400 0
24 9 48 240000 1
3 3 6 30000 1
20 5 20 152320 0
10 4 20 100000 1
24 7 28 227200 0
16 2 12 103600 0
6 1 4 37440 0
13 3 13 112960 0
18 1 6 56160 0
21 10 42 210000 1
10 1 4 37440 0
21 5 25 199120 0
13 2 14 122320 0
15 2 8 66160 0
1 0 0 0 0
11 9 22 110000 1
27 2 10 84880 0
20 6 40 200000 1
13 6 26 130000 1
5 4 10 50000 1
3 2 6 30000 1
3 0 0 0 0
7 1 5 46800 0
24 0 0 0 0
8 6 16 80000 1
24 9 48 240000 1
26 4 17 141680 0
27 5 29 236560 0
18 2 16 141040 0
24 1 8 74880 0
25 2 14 122320 0
6 1 4 37440 0
18 3 24 172320 0
16 7 29 158080 0
11 2 11 94240 0
20 9 40 200000 1
17 6 34 170000 1
12 4 24 120000 1
3 1 4 28720 0
16 4 14 113600 0
24 4 20 169760 0
12 1 3 28080 0
28 9 45 272960 0
14 3 13 104240 0
10 3 14 96160 0
4 3 8 40000 1
16 2 14 122320 0
