8 1.0
4 0.888888888889
6 0.888888888889
2 0.888888888889
11 0.974747474747
8 0.888888888889
2 0.888888888889
2 0.888888888889
7 1.0
1 0.888888888889
7 0.888888888889
9 0.888888888889
11 1.0
10 1.0
7 0.888888888889
12 0.983164983165
11 0.970760233918
9 0.888888888889
6 0.888888888889
11 1.0
9 0.888888888889
7 1.0
11 0.888888888889
11 1.0
5 1.0
6 1.0
7 0.888888888889
3 0.888888888889
11 0.888888888889
4 0.888888888889
9 1.0
7 0.888888888889
4 0.888888888889
3 1.0
9 0.888888888889
11 1.0
11 0.888888888889
7 1.0
10 0.949494949495
9 0.888888888889
8 0.888888888889
3 0.888888888889
9 0.888888888889
7 0.888888888889
8 0.888888888889
9 0.888888888889
10 0.888888888889
10 1.0
5 1.0
8 0.888888888889
3 1.0
5 0.888888888889
3 0.888888888889
11 0.888888888889
2 1.0
11 0.888888888889
3 0.888888888889
8 0.888888888889
10 0.888888888889
6 1.0
3 1.0
3 0.888888888889
2 0.888888888889
4 1.0
11 1.0
6 1.0
9 0.888888888889
7 0.888888888889
11 1.0
9 1.0
2 1.0
10 1.0
3 0.888888888889
3 0.888888888889
2 0.888888888889
11 0.983660130719
8 0.888888888889
7 0.973544973545
2 0.888888888889
11 0.888888888889
10 0.888888888889
6 0.888888888889
10 1.0
10 0.888888888889
6 0.888888888889
6 0.888888888889
9 0.888888888889
10 0.888888888889
3 0.888888888889
6 1.0
8 0.888888888889
11 0.982638888889
9 0.888888888889
3 0.888888888889
2 0.888888888889
7 0.965277777778
3 1.0
7 0.888888888889
2 0.888888888889
4 0.888888888889
8 0.888888888889
9 0.888888888889
8 1.0
11 0.888888888889
4 0.888888888889
5 0.888888888889
8 0.888888888889
1 0.888888888889
2 0.888888888889
5 0.953703703704
4 0.888888888889
5 1.0
11 0.888888888889
2 0.888888888889
7 0.888888888889
10 0.888888888889
6 1.0
5 0.888888888889
7 0.888888888889
11 0.888888888889
5 0.888888888889
2 0.888888888889
3 0.949494949495
3 0.888888888889
7 0.960317460317
8 0.972222222222
3 1.0
7 0.888888888889
6 0.888888888889
10 0.888888888889
4 0.888888888889
8 1.0
7 0.888888888889
7 0.888888888889
9 0.888888888889
2 0.888888888889
10 0.972899728997
2 0.888888888889
4 1.0
3 1.0
11 1.0
5 0.888888888889
7 0.962962962963
8 0.888888888889
4 0.888888888889
11 0.888888888889
7 1.0
5 0.888888888889
9 0.888888888889
1 0.888888888889
7 0.920634920635
1 0.888888888889
8 0.888888888889
9 1.0
4 0.888888888889
3 0.888888888889
10 0.888888888889
2 0.888888888889
11 0.888888888889
11 0.888888888889
10 0.888888888889
3 1.0
8 1.0
7 0.888888888889
6 0.888888888889
3 1.0
8 0.888888888889
6 0.957264957265
3 0.888888888889
6 1.0
2 0.888888888889
3 0.888888888889
9 1.0
8 0.888888888889
6 0.888888888889
10 1.0
6 0.888888888889
7 0.962962962963
4 0.888888888889
6 0.888888888889
5 0.888888888889
4 0.888888888889
2 0.888888888889
1 0.888888888889
264 0.932844932845
10 0.888888888889
1 0.888888888889
3 0.888888888889
13 0.888888888889
363 0.888888888889
270 0.888888888889
58 1.0
1 0.888888888889
4 0.888888888889
2 0.888888888889
111 0.987922705314
1 0.888888888889
281 1.0
1 0.888888888889
84 0.953870838347
3 0.888888888889
1 0.888888888889
63 0.888888888889
145 0.888888888889
124 0.922619047619
1 0.888888888889
3 1.0
11 1.0
16 0.888888888889
3 0.888888888889
1 0.888888888889
1 0.888888888889
328 0.986449864499
3 0.888888888889
192 0.985380116959
9 0.888888888889
1 0.888888888889
1 0.888888888889
5 0.970760233918
1 0.888888888889
31 0.964539007092
85 0.981481481481
82 0.946581196581
46 0.987654320988
1 0.888888888889
5 0.888888888889
38 0.888888888889
1 0.888888888889
7 0.888888888889
3 0.888888888889
1 0.888888888889
1 0.888888888889
80 0.982078853047
129 1.0
1 0.888888888889
266 0.888888888889
45 0.888888888889
180 1.0
1 0.888888888889
1 0.888888888889
81 0.888888888889
1 0.888888888889
1 0.888888888889
2 0.888888888889
3 0.888888888889
10 0.888888888889
3 1.0
1 0.888888888889
42 0.97299382716
1 0.888888888889
1 0.888888888889
5 1.0
1 0.888888888889
78 1.0
11 0.888888888889
1 0.888888888889
1 0.888888888889
2 0.888888888889
46 1.0
175 0.944944944945
1 0.888888888889
236 1.0
175 0.934086629002
13 0.888888888889
