7 4 7 70000 1
21 1 12 125172 0
27 5 27 270000 1
4 2 4 40000 1
8 5 8 80000 1
13 0 0 0 0
24 7 24 240000 1
18 3 18 180000 1
19 0 0 0 0
5 4 5 50000 1
6 0 0 0 0
18 7 18 180000 1
26 1 7 76034 0
12 5 12 120000 1
4 0 0 0 0
9 0 0 0 0
27 8 27 270000 1
23 10 23 230000 1
25 6 25 250000 1
7 1 6 61086 0
15 2 15 150000 1
9 2 9 90000 1
16 1 13 133448 0
9 4 9 90000 1
11 2 11 110000 1
25 5 25 250000 1
3 0 0 0 0
1 0 0 0 0
26 10 26 260000 1
5 3 5 50000 1
15 7 15 150000 1
12 2 12 120000 1
15 3 15 150000 1
7 2 7 70000 1
8 7 8 80000 1
14 3 14 140000 1
3 2 3 30000 1
28 4 28 280000 1
13 2 13 130000 1
10 0 0 0 0
8 1 6 60862 0
26 5 26 260000 1
18 0 0 0 0
5 0 0 0 0
13 7 13 130000 1
16 6 16 160000 1
12 3 12 120000 1
6 4 6 60000 1
21 6 21 210000 1
12 1 6 61942 0
5 2 5 50000 1
17 0 0 0 0
25 8 25 250000 1
14 5 14 140000 1
11 3 11 110000 1
16 0 0 0 0
7 3 7 70000 1
25 11 25 250000 1
26 12 26 260000 1
18 10 18 180000 1
3 1 3 30000 1
9 5 9 90000 1
25 4 25 250000 1
23 6 23 230000 1
27 9 27 270000 1
28 0 0 0 0
13 6 13 130000 1
1 0 0 0 0
1 1 1 10000 1
1 0 0 0 0
14 7 14 140000 1
15 8 15 150000 1
24 0 0 0 0
5 1 5 50000 1
4 3 4 40000 1
5 4 5 50000 1
23 0 0 0 0
14 7 14 140000 1
11 4 11 110000 1
22 0 0 0 0
18 5 18 180000 1
17 1 5 51728 0
11 0 0 0 0
18 7 18 180000 1
24 1 5 52586 0
5 2 5 50000 1
20 3 20 200000 1
22 5 22 220000 1
18 10 18 180000 1
15 4 15 150000 1
20 11 20 200000 1
16 0 0 0 0
12 6 12 120000 1
24 2 17 178620 0
9 1 6 60428 0
10 3 10 100000 1
14 4 14 140000 1
