5 0.900900900901
1 0.900900900901
5 0.900900900901
8 0.900900900901
1 0.900900900901
8 0.900900900901
2 0.900900900901
11 0.900900900901
10 0.900900900901
10 0.900900900901
2 0.900900900901
5 0.900900900901
10 0.900900900901
3 0.900900900901
4 0.900900900901
1 0.900900900901
4 0.900900900901
2 0.900900900901
2 0.900900900901
4 0.900900900901
8 0.900900900901
8 0.900900900901
7 0.900900900901
4 0.900900900901
1 0.900900900901
6 0.900900900901
8 0.900900900901
10 0.900900900901
12 0.900900900901
7 0.900900900901
7 0.900900900901
2 0.900900900901
1 0.900900900901
2 0.900900900901
11 0.900900900901
3 0.900900900901
3 0.900900900901
1 0.900900900901
8 0.900900900901
3 0.900900900901
7 0.900900900901
3 0.900900900901
5 0.900900900901
8 0.900900900901
11 0.900900900901
1 0.900900900901
9 0.900900900901
8 0.900900900901
11 0.900900900901
2 0.900900900901
11 0.900900900901
6 0.900900900901
3 0.900900900901
7 0.900900900901
6 0.900900900901
9 0.900900900901
4 0.900900900901
8 0.900900900901
4 0.900900900901
5 0.900900900901
11 0.900900900901
5 0.900900900901
1 0.900900900901
1 0.900900900901
11 0.900900900901
10 0.900900900901
4 0.900900900901
7 0.900900900901
4 0.900900900901
7 0.900900900901
3 0.900900900901
1 0.900900900901
3 0.900900900901
10 0.900900900901
3 0.900900900901
4 0.900900900901
2 0.900900900901
2 0.900900900901
5 0.900900900901
4 0.900900900901
5 0.900900900901
8 0.900900900901
11 0.900900900901
6 0.900900900901
2 0.900900900901
4 0.900900900901
2 0.900900900901
9 0.900900900901
1 0.900900900901
7 0.900900900901
9 0.900900900901
1 0.900900900901
8 0.900900900901
3 0.900900900901
10 0.900900900901
5 0.900900900901
10 0.900900900901
11 0.900900900901
7 0.900900900901
11 0.900900900901
7 0.900900900901
3 0.900900900901
6 0.900900900901
11 0.900900900901
10 0.900900900901
3 0.900900900901
8 0.900900900901
6 0.900900900901
10 0.900900900901
7 0.900900900901
9 0.900900900901
7 0.900900900901
10 0.900900900901
6 0.900900900901
4 0.900900900901
7 0.900900900901
5 0.900900900901
4 0.900900900901
2 0.900900900901
1 0.900900900901
11 0.900900900901
1 0.900900900901
1 0.900900900901
7 0.900900900901
2 0.900900900901
16 0.900900900901
12 0.900900900901
25 0.900900900901
1 0.900900900901
1 0.900900900901
47 0.900900900901
10 0.900900900901
1 0.900900900901
105 0.900900900901
1 0.900900900901
1 0.900900900901
3 0.900900900901
12 0.900900900901
1 0.900900900901
2 0.900900900901
1 0.900900900901
6 0.900900900901
309 0.900900900901
1 0.900900900901
93 0.900900900901
1 0.900900900901
1 0.900900900901
1 0.900900900901
1 0.900900900901
1 0.900900900901
4 0.900900900901
23 0.900900900901
1 0.900900900901
129 0.900900900901
8 0.900900900901
13 0.900900900901
1 0.900900900901
1 0.900900900901
276 0.900900900901
1 0.900900900901
2 0.900900900901
2 0.900900900901
5 0.900900900901
120 0.900900900901
8 0.900900900901
1 0.900900900901
2 0.900900900901
3 0.900900900901
6 0.900900900901
1 0.900900900901
1 0.900900900901
1 0.900900900901
1 0.900900900901
9 0.900900900901
1 0.900900900901
1 0.900900900901
2 0.900900900901
1 0.900900900901
1 0.900900900901
1 0.900900900901
1 0.900900900901
1 0.900900900901
1 0.900900900901
4 0.900900900901
2 0.900900900901
2 0.900900900901
27 0.900900900901
1 0.900900900901
