4 17 152 40000 1
10 44 329 100000 1
6 29 172 60000 1
8 11 233 80000 1
7 0 0 0 0
12 2 44 22021 0
5 33 198 50000 1
25 12 454 250000 1
21 19 436 210000 1
9 16 252 90000 1
17 5 126 101881 0
24 23 666 240000 1
28 26 568 280000 1
17 3 87 70704 0
3 2 42 13111 0
28 0 0 0 0
26 19 520 260000 1
23 12 456 230000 1
4 24 186 40000 1
9 14 287 90000 1
27 17 659 270000 1
12 13 251 120000 1
26 0 0 0 0
15 24 287 150000 1
21 9 294 126352 0
20 22 504 200000 1
28 12 542 280000 1
1 7 64 5437 0
20 0 0 0 0
9 10 184 90000 1
13 5 119 82526 0
2 0 0 0 0
7 6 105 48123 0
10 3 49 31835 0
7 16 295 70000 1
14 17 294 140000 1
26 13 450 260000 1
25 17 516 250000 1
18 8 276 180000 1
10 15 264 100000 1
11 1 26 22147 0
25 1 43 42826 0
10 19 333 100000 1
14 2 136 68160 0
9 3 96 62404 0
8 19 269 80000 1
4 1 21 7744 0
22 3 173 120820 0
20 9 208 124502 0
22 13 423 220000 1
5 19 191 50000 1
2 13 118 20000 1
19 11 341 190000 1
14 18 340 140000 1
24 28 809 240000 1
24 14 393 240000 1
8 29 260 80000 1
20 17 514 200000 1
24 20 668 240000 1
14 8 182 109040 0
23 24 476 230000 1
13 12 238 130000 1
13 10 244 130000 1
16 6 204 160000 1
4 6 104 28833 0
1 19 84 10000 1
8 1 30 12341 0
26 7 390 260000 1
19 21 494 190000 1
18 18 438 180000 1
26 15 466 260000 1
14 9 253 140000 1
6 15 191 60000 1
13 7 190 63775 0
25 5 336 250000 1
23 1 14 10054 0
9 3 95 41632 0
3 8 139 30000 1
15 5 247 150000 1
8 4 72 46095 0
23 6 301 230000 1
20 24 522 200000 1
17 26 329 170000 1
27 20 552 270000 1
23 27 426 230000 1
8 21 225 80000 1
16 5 106 63525 0
1 9 93 10000 1
2 20 104 20000 1
22 3 80 63017 0
6 0 0 0 0
23 18 469 230000 1
5 1 32 11746 0
3 3 60 16456 0
3 15 134 30000 1
26 8 398 260000 1
17 13 258 170000 1
2 14 130 20000 1
