5 0.932835820896
11 1.01851851852
9 0.974025974026
11 0.846153846154
8 1.33333333333
6 1.10294117647
11 1.12244897959
4 1.06382978723
6 0.837988826816
2 0.480769230769
8 1.57480314961
11 1.15062761506
2 0.746268656716
8 1.38888888889
9 1.29310344828
12 1.15384615385
9 1.45161290323
9 1.20320855615
11 1.87074829932
6 1.42857142857
4 0.934579439252
2 0.704225352113
2 0.735294117647
10 1.68918918919
9 1.0663507109
6 1.2
11 1.71875
10 1.02040816327
3 0.75
4 1.17647058824
8 1.41843971631
10 1.61290322581
5 1.13636363636
2 0.574712643678
6 0.980392156863
9 1.33928571429
1 0.367647058824
4 1.0752688172
12 1.19047619048
4 0.813008130081
9 0.896414342629
10 1.30208333333
8 1.37931034483
1 0.409836065574
9 1.64233576642
7 1.15131578947
7 1.0
4 0.568181818182
2 0.684931506849
7 1.47058823529
6 0.622406639004
1 0.3125
11 0.968309859155
3 0.6
3 0.721153846154
2 0.684931506849
11 1.75159235669
10 1.05485232068
4 1.0101010101
2 0.568181818182
2 0.649350649351
9 1.14795918367
6 1.06382978723
11 0.898692810458
3 0.986842105263
8 2.0618556701
7 1.12179487179
11 1.09126984127
8 1.5503875969
7 1.43442622951
2 0.480769230769
8 0.975609756098
2 0.505050505051
10 1.34408602151
7 0.972222222222
11 2.37068965517
8 1.12359550562
4 1.05263157895
7 1.31578947368
2 0.581395348837
10 1.27551020408
9 1.00446428571
7 0.906735751295
7 1.02339181287
5 1.15740740741
11 2.00729927007
11 1.11336032389
8 1.35135135135
6 1.09489051095
3 0.765306122449
9 1.57342657343
10 1.49700598802
4 0.8
2 0.625
3 0.714285714286
6 0.980392156863
5 0.791139240506
1 0.396825396825
4 0.666666666667
3 0.609756097561
4 0.980392156863
9 1.54109589041
5 0.932835820896
1 0.423728813559
7 0.810185185185
2 0.485436893204
7 1.08024691358
3 0.797872340426
8 1.34228187919
11 1.09126984127
6 1.40186915888
4 0.970873786408
10 1.22549019608
11 1.21681415929
3 0.563909774436
8 1.42857142857
6 1.16279069767
3 0.714285714286
7 1.45833333333
3 0.833333333333
6 1.08695652174
9 1.10294117647
8 1.30718954248
1 0.347222222222
10 1.11111111111
11 1.83333333333
6 1.07913669065
7 1.15131578947
4 1.14942528736
8 1.0582010582
4 0.943396226415
10 1.60256410256
12 1.66666666667
11 1.95035460993
6 0.909090909091
7 0.93085106383
6 1.41509433962
10 1.5923566879
10 1.30890052356
1 0.396825396825
9 1.05633802817
1 0.328947368421
2 0.602409638554
11 0.929054054054
3 0.635593220339
9 1.27118644068
9 1.52027027027
2 0.746268656716
20 1.90114068441
15 1.23355263158
62 2.2496371553
23 1.87908496732
2 0.694444444444
1 0.423728813559
11 1.28504672897
1 0.409836065574
111 1.99784017279
1 0.36231884058
22 1.33495145631
20 1.31926121372
233 1.53815685239
1 0.416666666667
150 1.36512559155
8 1.14285714286
137 1.9970845481
1 0.324675324675
23 1.98961937716
9 0.872093023256
1 0.347222222222
2 0.746268656716
19 1.14734299517
1 0.403225806452
1 0.367647058824
1 0.384615384615
3 1.0
355 2.46870653686
3 0.78125
1 0.390625
2 0.632911392405
1 0.403225806452
347 1.23734132078
1 0.403225806452
5 0.93984962406
65 1.68393782383
1 0.260416666667
1 0.337837837838
1 0.342465753425
1 0.409836065574
36 1.25874125874
1 0.373134328358
5 0.9765625
355 1.76336181204
20 1.38888888889
271 1.36951687892
4 0.925925925926
1 0.347222222222
194 1.07300884956
35 1.85774946921
8 0.760456273764
6 1.33928571429
1 0.390625
14 1.78571428571
23 1.52116402116
1 0.403225806452
1 0.396825396825
3 0.757575757576
2 0.393700787402
1 0.30487804878
