1 1 44 9456 0
10 6 73 100000 1
11 12 122 110000 1
3 11 102 30000 1
11 10 136 110000 1
8 2 88 49650 0
8 4 132 80000 1
7 1 53 53867 0
2 3 58 20000 1
2 8 61 20000 1
11 1 34 58856 0
4 6 46 40000 1
5 1 51 39685 0
5 15 70 50000 1
4 1 34 30429 0
11 10 156 110000 1
8 5 89 80000 1
7 5 177 70000 1
11 5 100 110000 1
3 1 49 27508 0
9 10 93 90000 1
2 6 56 20000 1
11 4 121 110000 1
8 6 101 80000 1
6 2 60 60000 1
3 1 44 24023 0
2 8 55 20000 1
11 3 72 110000 1
6 6 100 60000 1
7 11 105 70000 1
10 7 93 100000 1
11 5 107 110000 1
2 4 73 20000 1
5 1 27 27070 0
10 15 152 100000 1
2 1 50 18736 0
8 6 124 80000 1
11 1 56 79353 0
9 1 46 67779 0
3 9 53 30000 1
6 15 111 60000 1
7 1 33 51355 0
9 14 155 90000 1
9 1 29 49815 0
6 1 55 41406 0
5 1 45 46682 0
4 3 63 40000 1
7 12 85 70000 1
7 3 80 70000 1
2 2 50 20000 1
6 8 119 60000 1
3 1 41 23576 0
5 5 111 50000 1
8 16 103 80000 1
11 8 98 110000 1
4 1 40 29449 0
1 1 22 6028 0
9 4 90 90000 1
1 2 50 10000 1
1 2 46 10000 1
5 11 109 50000 1
1 9 50 10000 1
10 1 28 49132 0
8 2 70 80000 1
7 1 72 64409 0
4 3 56 40000 1
8 3 91 80000 1
4 4 68 40000 1
3 1 45 27837 0
1 3 46 10000 1
10 14 149 100000 1
2 6 92 20000 1
7 13 104 70000 1
9 2 76 90000 1
7 12 153 70000 1
4 1 50 36708 0
10 3 85 100000 1
3 14 60 30000 1
5 13 100 50000 1
8 5 164 80000 1
1 1 32 7462 0
3 14 89 30000 1
2 4 57 20000 1
6 4 109 60000 1
1 1 40 8820 0
4 6 50 40000 1
7 6 77 70000 1
7 6 89 70000 1
6 6 90 60000 1
7 5 77 70000 1
3 1 22 12538 0
4 5 74 40000 1
2 10 76 20000 1
10 8 112 100000 1
7 2 61 70000 1
4 3 76 40000 1
9 1 72 90000 1
3 1 32 17853 0
5 1 79 50000 1
2 1 31 15878 0
11 2 78 110000 1
1 3 67 10000 1
3 12 72 30000 1
5 7 74 50000 1
6 4 81 60000 1
6 3 74 60000 1
9 4 93 90000 1
1 1 44 10000 1
4 5 93 40000 1
2 11 53 20000 1
6 3 71 60000 1
7 13 109 70000 1
10 9 91 100000 1
6 1 39 50394 0
10 9 197 100000 1
5 1 40 36942 0
5 15 103 50000 1
7 5 108 70000 1
10 4 128 100000 1
3 1 47 26238 0
10 15 190 100000 1
10 1 56 85120 0
3 1 40 22011 0
9 1 79 90000 1
4 1 37 25829 0
11 5 152 110000 1
10 14 157 100000 1
4 4 71 40000 1
4 1 48 37648 0
3 3 48 30000 1
5 3 64 50000 1
5 4 78 50000 1
8 1 58 69324 0
7 1 29 38767 0
6 2 58 60000 1
5 1 24 20125 0
7 7 90 70000 1
2 3 44 20000 1
2 5 75 20000 1
4 10 76 40000 1
3 10 92 30000 1
4 1 30 26824 0
11 1 42 66289 0
10 13 152 100000 1
11 7 173 110000 1
2 12 58 20000 1
10 1 73 94880 0
11 17 285 110000 1
4 2 52 40000 1
5 1 39 34212 0
5 1 49 46280 0
7 9 106 70000 1
10 17 216 100000 1
5 12 63 50000 1
4 3 61 40000 1
10 6 143 100000 1
8 13 81 80000 1
6 1 32 43081 0
5 1 42 38994 0
2 1 46 20000 1
6 3 92 60000 1
6 13 97 60000 1
4 9 83 40000 1
7 1 28 28175 0
10 11 158 100000 1
4 5 65 40000 1
9 4 120 90000 1
10 1 32 48528 0
11 4 130 110000 1
10 9 135 100000 1
3 11 114 30000 1
7 12 114 70000 1
10 1 47 57814 0
8 6 132 80000 1
9 9 84 90000 1
3 12 92 30000 1
10 5 114 100000 1
5 4 76 50000 1
10 1 37 68333 0
9 10 117 90000 1
2 9 48 20000 1
2 12 43 20000 1
15 5 184 150000 1
1 7 49 10000 1
23 2 135 230000 1
67 5 710 670000 1
1 9 51 10000 1
1 8 73 10000 1
1 1 34 7537 0
284 9 2306 2840000 1
2 1 23 9966 0
1 1 40 9490 0
9 9 125 90000 1
1 2 35 10000 1
1 6 49 10000 1
4 4 72 40000 1
1 8 34 10000 1
19 6 188 190000 1
1 9 51 10000 1
1 3 47 10000 1
7 1 45 45662 0
25 6 207 250000 1
7 16 194 70000 1
1 4 44 10000 1
1 1 37 8320 0
1 1 19 5414 0
1 7 42 10000 1
109 13 1016 1090000 1
308 12 2497 3080000 1
1 4 43 10000 1
16 3 132 160000 1
17 12 174 170000 1
16 1 36 62578 0
6 7 111 60000 1
1 6 46 10000 1
16 3 148 160000 1
6 3 76 60000 1
2 3 48 20000 1
25 3 235 250000 1
1 2 45 10000 1
4 3 62 40000 1
2 2 39 20000 1
173 6 1766 1730000 1
1 9 33 10000 1
68 2 313 680000 1
240 1 29 49531 0
1 1 40 8859 0
27 5 328 270000 1
3 8 50 30000 1
1 6 60 10000 1
13 9 255 130000 1
3 1 49 30000 1
1 3 40 10000 1
4 5 65 40000 1
2 3 48 20000 1
3 14 93 30000 1
36 11 503 360000 1
3 1 49 23986 0
17 17 238 170000 1
1 2 49 10000 1
61 17 903 610000 1
26 9 323 260000 1
229 5 1635 2290000 1
12 1 91 93399 0
258 1 47 113805 0
20 11 239 200000 1
8 2 70 80000 1
358 16 3623 3580000 1
237 9 3127 2370000 1
6 16 118 60000 1
296 1 84 144006 0
147 2 630 1470000 1
1 1 36 7269 0
1 4 44 10000 1
102 16 863 1020000 1
1 1 47 10000 1
1 7 55 10000 1
3 5 67 30000 1
310 1 24 40432 0
6 3 77 60000 1
1 3 69 10000 1
1 4 47 10000 1
38 18 605 380000 1
1 7 43 10000 1
