5 0.342090859332
3 0.320786997434
5 0.301640926641
3 0.271936185642
7 0.54347826087
4 0.422379406308
6 0.339059674503
8 0.564535941765
5 0.411454904542
9 0.347115087936
5 0.378329297821
7 0.367647058824
3 0.253893026405
6 0.525210084034
6 0.491480996068
1 0.126646403242
5 0.405844155844
8 0.391389432485
7 0.376506024096
4 0.33692722372
6 0.288794763188
6 0.433776749566
2 0.253292806484
5 0.372023809524
6 0.440917107584
6 0.340136054422
2 0.241312741313
3 0.323557692308
6 0.430292598967
1 0.115955473098
8 0.592768227623
7 0.413907284768
9 0.455281262647
8 0.391389432485
6 0.541125541126
8 0.423908435778
6 0.498338870432
2 0.219106047327
6 0.646764346764
6 0.435540069686
5 0.396825396825
1 0.116717325228
9 0.567895002524
4 0.536666666667
2 0.199618320611
7 0.478927203065
2 0.199655612245
7 0.478927203065
5 0.357142857143
3 0.31328320802
3 0.260055478502
4 0.362581580856
5 0.314386317907
6 0.621527777778
7 0.320512820513
6 0.31887755102
6 0.408942202835
9 0.465838509317
4 0.31887755102
3 0.295974743489
3 0.299814285714
7 0.386996904025
9 0.511828935396
4 0.375939849624
7 0.378787878788
7 0.529661016949
4 0.381970970206
7 0.324675324675
4 0.396825396825
4 0.3663003663
6 0.308681199753
8 0.431592576608
1 0.106928999145
7 0.555555555556
7 0.381097560976
1 0.139508928571
2 0.309913793103
1 0.131302521008
5 0.487466307278
6 0.352443609023
3 0.295974743489
2 0.243485915493
1 0.131302521008
6 0.401284109149
4 0.36443148688
7 0.42662116041
9 0.521799628942
6 0.435540069686
6 0.421822272216
7 0.593077956989
2 0.239835164835
8 0.659751552795
9 0.516766192007
4 0.292160278746
6 0.483641581633
6 0.43202764977
7 0.522337662338
6 0.420168067227
4 0.474095238095
4 0.277932184547
7 0.498007968127
1 0.113739763421
2 0.281051587302
6 0.455927051672
3 0.277806122449
6 0.317931326833
3 0.265205091938
6 0.543872371284
1 0.167410714286
6 0.296794618124
7 0.60637254902
4 0.430292598967
9 0.604189044039
3 0.304385714286
5 0.248015873016
7 0.64739442947
26 0.601406365655
44 0.506912442396
41 0.506322861095
24 0.807102502018
20 0.409567496723
32 0.562983814215
22 0.337506136475
31 0.573649148779
41 0.580604962048
