7 10 248 70000 1
7 24 376 70000 1
5 12 211 50000 1
8 11 259 80000 1
8 11 324 80000 1
3 12 161 30000 1
3 2 100 19722 0
2 28 171 20000 1
6 2 99 28411 0
9 1 47 26840 0
1 1 44 2665 0
2 6 133 20000 1
3 13 232 30000 1
8 8 258 80000 1
2 17 172 20000 1
7 33 390 70000 1
3 9 155 30000 1
4 34 211 40000 1
2 1 51 7723 0
6 1 55 19577 0
4 11 204 40000 1
7 8 281 70000 1
1 14 142 10000 1
5 9 236 50000 1
6 6 192 60000 1
1 1 42 3618 0
5 11 217 50000 1
8 23 231 80000 1
5 11 184 50000 1
8 10 246 80000 1
5 45 292 50000 1
7 5 244 70000 1
8 20 349 80000 1
7 18 245 70000 1
4 11 269 40000 1
9 20 357 90000 1
8 21 315 80000 1
4 22 268 40000 1
6 14 236 60000 1
3 8 215 30000 1
2 1 58 8338 0
8 10 263 80000 1
8 28 410 80000 1
2 7 216 20000 1
8 23 308 80000 1
6 8 237 60000 1
2 11 162 20000 1
6 21 271 60000 1
6 13 211 60000 1
5 1 42 16029 0
1 25 141 10000 1
8 3 168 80000 1
1 9 149 10000 1
3 28 188 30000 1
3 3 93 19623 0
7 4 215 70000 1
8 6 207 80000 1
6 11 194 60000 1
3 8 144 30000 1
2 18 180 20000 1
2 13 171 20000 1
1 4 151 10000 1
3 27 199 30000 1
8 16 383 80000 1
3 35 209 30000 1
7 16 239 70000 1
8 8 240 80000 1
6 17 272 60000 1
4 3 206 40000 1
8 24 362 80000 1
8 16 351 80000 1
5 12 168 50000 1
6 8 211 60000 1
4 7 203 40000 1
7 17 292 70000 1
6 11 280 60000 1
2 7 147 20000 1
6 32 239 60000 1
3 15 199 30000 1
6 26 290 60000 1
7 15 292 70000 1
5 5 156 50000 1
3 24 200 30000 1
7 17 256 70000 1
1 6 128 10000 1
7 9 220 70000 1
6 12 280 60000 1
2 12 158 20000 1
2 17 183 20000 1
5 5 165 50000 1
1 11 160 10000 1
4 1 53 14404 0
9 8 316 90000 1
4 23 239 40000 1
4 18 227 40000 1
4 22 219 40000 1
8 15 222 80000 1
5 10 195 50000 1
3 5 149 30000 1
5 8 235 50000 1
3 26 206 30000 1
7 4 158 60788 0
6 1 38 11593 0
3 1 69 13443 0
2 17 174 20000 1
1 6 155 10000 1
2 16 182 20000 1
3 1 36 8757 0
8 14 253 80000 1
3 29 193 30000 1
4 14 207 40000 1
7 16 231 70000 1
2 4 137 18301 0
3 4 162 30000 1
2 11 153 20000 1
16 20 511 160000 1
28 24 887 280000 1
2 4 138 20000 1
12 8 361 120000 1
34 5 466 340000 1
32 14 760 320000 1
22 36 789 220000 1
26 1 94 87676 0
18 21 558 180000 1
37 37 919 370000 1
