7 0.441028225806
7 0.290890957447
5 0.370260663507
8 0.482625482625
8 0.385802469136
3 0.291149068323
3 0.30815625
2 0.182748538012
6 0.448405934343
9 0.892287234043
1 0.0946377840909
2 0.234962406015
3 0.202047413793
8 0.484496124031
2 0.181686046512
7 0.280448717949
3 0.302419354839
4 0.296208530806
2 0.236611519608
6 0.556164772727
4 0.30637254902
7 0.389234875445
1 0.110035211268
5 0.331038135593
6 0.48828125
1 0.134598214286
5 0.360023041475
8 0.541125541126
5 0.424592391304
8 0.508130081301
5 0.267551369863
7 0.448258196721
8 0.358166189112
7 0.446428571429
4 0.232342007435
9 0.393907563025
8 0.396825396825
4 0.233208955224
6 0.397245762712
3 0.218023255814
2 0.224622844828
8 0.475285171103
8 0.30487804878
2 0.144675925926
8 0.405844155844
6 0.395569620253
2 0.192901234568
6 0.34594095941
6 0.444312796209
5 0.596316964286
1 0.110815602837
8 0.744047619048
1 0.104865771812
3 0.249335106383
3 0.3296875
7 0.508720930233
8 0.6038647343
6 0.48324742268
3 0.325520833333
2 0.173611111111
2 0.182748538012
1 0.103476821192
3 0.235552763819
8 0.32637075718
3 0.224282296651
7 0.457635983264
8 0.520833333333
6 0.344669117647
4 0.303398058252
8 0.345303867403
8 0.356125356125
5 0.465029761905
6 0.444312796209
4 0.307881773399
7 0.374571917808
6 0.334821428571
2 0.212585034014
6 0.392259414226
3 0.235552763819
6 0.323275862069
7 0.374571917808
5 0.500801282051
3 0.234375
7 0.42724609375
1 0.1220703125
7 0.497159090909
6 0.334821428571
2 0.197784810127
2 0.170765027322
5 0.473484848485
1 0.09765625
4 0.424646226415
9 0.445015822785
4 0.261506276151
4 0.275330396476
4 0.285388127854
8 0.563063063063
5 0.400641025641
3 0.314597315436
5 0.332446808511
3 0.227548543689
7 0.601147151899
6 0.476685855263
3 0.30441576087
2 0.179597701149
1 0.100806451613
2 0.171703296703
3 0.380078125
8 0.494071146245
3 0.242875647668
4 0.30193236715
7 0.473484848485
2 0.208724908759
3 0.289351851852
2 0.204248366013
16 0.489236790607
28 0.493235625705
2 0.226449275362
12 0.519390581717
34 1.14002145923
32 0.657894736842
22 0.435678073511
26 1.45738031915
18 0.504032258065
37 0.629080522307
