7 13 343 34300 0
5 13 220 22000 0
3 15 167 16700 0
7 7 119 11900 0
4 30 400 40000 1
5 26 412 41200 0
1 1 11 1100 0
6 17 288 28800 0
1 30 100 10000 1
4 25 375 37500 0
5 11 138 13800 0
2 34 200 20000 1
6 35 592 59200 0
6 15 481 48100 0
4 28 333 33300 0
2 17 174 17400 0
2 3 41 4100 0
2 19 154 15400 0
2 37 200 20000 1
3 24 300 30000 1
1 7 60 6000 0
4 2 43 4300 0
1 2 19 1900 0
1 4 31 3100 0
1 28 100 10000 1
1 1 15 1500 0
4 21 275 27500 0
6 1 18 1800 0
6 43 563 56300 0
4 28 389 38900 0
3 61 300 30000 1
2 7 114 11400 0
5 27 500 50000 1
1 16 100 10000 1
5 23 371 37100 0
1 31 100 10000 1
5 4 102 10200 0
2 12 190 19000 0
4 13 191 19100 0
5 35 486 48600 0
3 11 142 14200 0
4 31 400 40000 1
2 18 164 16400 0
6 1 26 2600 0
7 32 669 66900 0
6 16 263 26300 0
6 2 36 3600 0
1 6 62 6200 0
6 11 171 17100 0
6 22 429 42900 0
5 22 340 34000 0
1 16 100 10000 1
1 1 13 1300 0
5 1 19 1900 0
1 27 100 10000 1
5 22 296 29600 0
5 15 289 28900 0
5 24 460 46000 0
1 11 76 7600 0
3 25 281 28100 0
6 14 208 20800 0
7 18 436 43600 0
3 6 118 11800 0
6 18 323 32300 0
6 26 575 57500 0
7 86 700 70000 1
3 27 300 30000 1
3 3 60 6000 0
5 24 500 50000 1
3 23 204 20400 0
3 16 201 20100 0
8 23 515 51500 0
7 13 308 30800 0
5 35 500 50000 1
1 8 81 8100 0
4 6 110 11000 0
4 17 228 22800 0
2 16 200 20000 1
7 12 319 31900 0
7 33 532 53200 0
7 1 31 3100 0
3 1 18 1800 0
4 27 394 39400 0
1 20 100 10000 1
2 15 101 10100 0
4 30 400 40000 1
4 7 184 18400 0
2 42 200 20000 1
5 21 271 27100 0
3 27 241 24100 0
3 2 36 3600 0
3 26 229 22900 0
6 18 321 32100 0
7 37 700 70000 1
4 25 334 33400 0
3 9 107 10700 0
3 18 247 24700 0
3 31 300 30000 1
2 26 200 20000 1
4 9 131 13100 0
7 10 250 25000 0
3 36 300 30000 1
23 8 255 25500 0
26 30 1751 175100 0
36 21 259 25900 0
21 8 219 21900 0
27 16 588 58800 0
19 13 507 50700 0
19 4 208 20800 0
29 29 1062 106200 0
32 25 968 96800 0
22 24 1323 132300 0
32 16 231 23100 0
17 8 379 37900 0
34 29 1621 162100 0
26 41 2600 260000 1
