2 1.0
2 1.0
3 1.0
3 1.0
5 1.0
6 1.0
3 1.0
3 1.0
5 1.0
3 1.0
6 1.0
4 1.0
4 1.0
2 1.0
3 1.0
7 1.0
2 1.0
6 1.0
6 1.0
4 1.0
7 1.0
5 1.0
5 1.0
7 1.0
1 1.0
4 1.0
1 1.0
4 1.0
1 1.0
4 1.0
2 1.0
7 1.0
1 1.0
4 1.0
3 1.0
2 1.0
3 1.0
7 1.0
5 1.0
5 1.0
4 1.0
3 1.0
2 1.0
6 1.0
6 1.0
3 1.0
7 1.0
7 1.0
5 1.0
4 1.0
7 1.0
2 1.0
2 1.0
2 1.0
5 1.0
4 1.0
1 1.0
7 1.0
3 1.0
6 1.0
7 1.0
6 1.0
7 1.0
1 1.0
7 1.0
2 1.0
8 1.0
7 1.0
7 1.0
3 1.0
2 1.0
5 1.0
6 1.0
6 1.0
6 1.0
5 1.0
5 1.0
5 1.0
1 1.0
3 1.0
6 1.0
3 1.0
6 1.0
5 1.0
4 1.0
1 1.0
3 1.0
1 1.0
6 1.0
6 1.0
7 1.0
6 1.0
7 1.0
7 1.0
2 1.0
5 1.0
6 1.0
7 1.0
3 1.0
6 1.0
5 1.0
6 1.0
4 1.0
7 1.0
5 1.0
6 1.0
5 1.0
2 1.0
7 1.0
4 1.0
4 1.0
2 1.0
1 1.0
6 1.0
8 1.0
7 1.0
3 1.0
6 1.0
2 1.0
6 1.0
4 1.0
7 1.0
2 1.0
6 1.0
2 1.0
2 1.0
5 1.0
3 1.0
1 1.0
2 1.0
2 1.0
2 1.0
7 1.0
2 1.0
4 1.0
7 1.0
2 1.0
7 1.0
8 1.0
4 1.0
6 1.0
2 1.0
2 1.0
3 1.0
4 1.0
6 1.0
1 1.0
6 1.0
4 1.0
7 1.0
4 1.0
1 1.0
5 1.0
7 1.0
6 1.0
1 1.0
2 1.0
7 1.0
2 1.0
5 1.0
1 1.0
2 1.0
4 1.0
7 1.0
3 1.0
4 1.0
1 1.0
4 1.0
3 1.0
6 1.0
2 1.0
2 1.0
7 1.0
4 1.0
7 1.0
5 1.0
1 1.0
6 1.0
5 1.0
1 1.0
5 1.0
1 1.0
144 1.0
1 1.0
1 1.0
83 1.0
1 1.0
1 1.0
232 1.0
1 1.0
111 1.0
19 1.0
2 1.0
15 1.0
27 1.0
132 1.0
21 1.0
6 1.0
1 1.0
1 1.0
1 1.0
1 1.0
46 1.0
1 1.0
1 1.0
1 1.0
1 1.0
3 1.0
18 1.0
81 1.0
3 1.0
1 1.0
28 1.0
28 1.0
1 1.0
40 1.0
1 1.0
18 1.0
8 1.0
14 1.0
2 1.0
1 1.0
1 1.0
1 1.0
2 1.0
52 1.0
29 1.0
3 1.0
12 1.0
2 1.0
3 1.0
12 1.0
126 1.0
1 1.0
1 1.0
33 1.0
156 1.0
69 1.0
1 1.0
61 1.0
4 1.0
1 1.0
2 1.0
1 1.0
156 1.0
1 1.0
4 1.0
1 1.0
2 1.0
19 1.0
206 1.0
28 1.0
1 1.0
222 1.0
56 1.0
1 1.0
1 1.0
6 1.0
201 1.0
26 1.0
1 1.0
1 1.0
1 1.0
