8 20 869 52080 0
4 7 256 15340 0
2 0 0 0 0
1 24 167 10000 1
4 21 455 27280 0
8 40 1336 80000 1
4 0 0 0 0
8 20 758 45440 0
5 34 835 50000 1
1 30 167 10000 1
9 7 257 15420 0
1 4 126 7560 0
5 18 664 39800 0
1 32 167 10000 1
8 27 1336 80000 1
2 19 334 20000 1
2 29 334 20000 1
4 23 537 32180 0
2 36 334 20000 1
2 7 158 9480 0
2 16 334 20000 1
6 3 235 14100 0
9 26 970 58140 0
8 9 334 20040 0
5 11 405 24280 0
6 6 374 22440 0
5 19 467 28000 0
7 41 1169 70000 1
8 16 683 40940 0
2 9 189 11340 0
3 11 250 15000 0
5 28 835 50000 1
2 5 167 10020 0
8 14 702 42080 0
7 4 356 21360 0
5 14 690 41340 0
5 25 727 43560 0
2 25 334 20000 1
5 28 835 50000 1
5 5 203 12180 0
7 3 107 6420 0
8 3 115 6900 0
4 4 143 8580 0
1 12 167 10000 1
7 3 236 14160 0
6 16 811 48600 0
5 22 632 37880 0
6 1 39 2340 0
1 2 52 3120 0
5 17 835 50000 1
4 13 438 26260 0
7 16 580 34780 0
7 11 215 12900 0
3 36 501 30000 1
1 7 167 10000 1
6 5 177 10620 0
7 33 1169 70000 1
6 6 208 12480 0
2 9 243 14560 0
7 13 717 42980 0
6 24 965 57800 0
3 0 0 0 0
1 9 138 8280 0
9 29 1503 90000 1
5 19 735 44040 0
3 32 501 30000 1
4 21 502 30080 0
5 36 835 50000 1
9 5 212 12720 0
7 61 1169 70000 1
8 18 835 50060 0
4 5 125 7500 0
4 63 668 40000 1
7 21 675 40460 0
9 31 1433 85840 0
8 8 390 23380 0
5 18 552 33080 0
9 2 150 9000 0
8 9 386 23140 0
9 5 220 13180 0
8 41 1336 80000 1
8 3 184 11040 0
5 43 835 50000 1
6 2 91 5460 0
7 24 1156 69240 0
2 29 334 20000 1
5 8 377 22600 0
4 12 607 36360 0
4 28 663 39720 0
4 1 37 2220 0
8 29 1336 80000 1
4 10 329 19720 0
8 31 1152 69020 0
3 2 72 4320 0
6 15 559 33500 0
5 7 425 25480 0
5 17 470 28180 0
3 6 195 11700 0
6 12 545 32660 0
8 26 1336 80000 1
3 10 346 20740 0
6 7 376 22540 0
8 56 1336 80000 1
