3 0.896406109614
2 0.892857142857
4 0.894583615437
3 0.894943109987
1 0.892857142857
6 0.893608181528
7 0.896336996337
1 0.892857142857
1 0.9
5 0.892857142857
1 0.892857142857
1 0.892857142857
6 0.895446784291
8 0.892857142857
1 0.9
4 0.895735607676
3 0.895009357455
5 0.892857142857
5 0.9
1 0.892857142857
2 0.892857142857
6 0.897793712079
5 0.9
7 0.896301433195
6 0.892857142857
6 0.895354239257
4 0.9
6 0.892857142857
5 0.892857142857
7 0.892857142857
7 0.9
2 0.892857142857
4 0.9
1 0.892857142857
3 0.892857142857
3 0.892857142857
7 0.893844575532
4 0.892857142857
7 0.892857142857
2 0.892857142857
3 0.894634473508
7 0.892857142857
5 0.9
7 0.892857142857
7 0.892857142857
6 0.895703544576
3 0.892857142857
1 0.892857142857
5 0.892857142857
7 0.892857142857
5 0.892857142857
4 0.9
1 0.892857142857
1 0.892857142857
6 0.896031746032
6 0.892857142857
2 0.895570321152
3 0.9
4 0.892857142857
1 0.892857142857
4 0.892857142857
2 0.892857142857
3 0.892857142857
7 0.896077149395
2 0.892857142857
7 0.89746031746
3 0.892857142857
6 0.892857142857
8 0.896515679443
2 0.892857142857
6 0.892857142857
5 0.892857142857
6 0.9
4 0.892857142857
1 0.892857142857
4 0.896313364055
7 0.896677740864
3 0.9
5 0.895428571429
7 0.897084548105
2 0.892857142857
4 0.9
1 0.892857142857
1 0.892857142857
7 0.892857142857
5 0.892857142857
7 0.89530332681
4 0.892857142857
1 0.892857142857
2 0.892857142857
3 0.892857142857
4 0.892857142857
7 0.9
1 0.9
6 0.897759103641
7 0.89751552795
6 0.9
1 0.892857142857
4 0.892857142857
2 0.892857142857
3 0.9
1 0.9
6 0.892857142857
3 0.9
3 0.9
3 0.9
2 0.894659546061
21 0.892857142857
14 0.897482693518
24 0.892857142857
1 0.892857142857
28 0.896996433265
32 0.897526283241
18 0.892857142857
33 0.896706463565
