2 7 90 20000 1
6 8 270 60000 1
4 2 98 21925 0
2 10 90 20000 1
7 16 315 70000 1
6 4 232 51700 0
4 8 180 40000 1
6 6 270 60000 1
3 5 135 30000 1
1 5 45 10000 1
6 3 108 24050 0
5 7 225 50000 1
7 4 229 51150 0
7 13 315 70000 1
4 1 46 10350 0
4 1 41 9225 0
7 9 315 70000 1
7 8 315 70000 1
2 2 82 18325 0
3 3 120 26750 0
6 2 147 32825 0
3 1 75 16750 0
5 2 123 27550 0
4 3 176 39225 0
6 7 270 60000 1
1 1 32 7200 0
7 7 315 70000 1
1 1 28 6300 0
3 7 135 30000 1
3 3 102 22700 0
4 13 180 40000 1
3 5 135 30000 1
1 1 37 8325 0
5 1 59 13275 0
3 1 43 9675 0
2 9 90 20000 1
5 8 225 50000 1
3 4 135 30000 1
7 2 87 19450 0
4 2 79 17650 0
5 1 53 11800 0
7 11 315 70000 1
7 16 315 70000 1
6 8 270 60000 1
4 2 71 15975 0
6 1 49 11025 0
7 4 172 38450 0
3 11 135 30000 1
7 1 62 13950 0
3 6 135 30000 1
3 1 52 11700 0
2 3 90 20000 1
3 1 61 13725 0
3 4 135 30000 1
4 5 180 40000 1
3 1 24 5400 0
5 7 225 50000 1
4 3 180 40000 1
7 14 315 70000 1
4 1 33 7425 0
8 7 358 79675 0
3 8 135 30000 1
1 1 40 9000 0
6 9 270 60000 1
1 1 35 7875 0
7 7 315 70000 1
1 2 45 10000 1
3 1 35 7875 0
5 2 80 17875 0
4 6 180 40000 1
3 1 29 6525 0
1 1 38 8550 0
2 11 90 20000 1
3 9 135 30000 1
6 2 89 19900 0
4 1 40 9000 0
5 1 36 8100 0
5 7 225 50000 1
2 7 90 20000 1
2 7 90 20000 1
7 5 218 48675 0
1 1 43 9675 0
4 2 93 20800 0
7 4 159 35525 0
7 18 315 70000 1
4 3 128 28550 0
1 1 45 10000 1
4 3 106 23725 0
4 1 53 11925 0
6 1 50 11250 0
5 4 199 44400 0
1 7 45 10000 1
6 10 270 60000 1
1 7 45 10000 1
8 14 360 80000 1
3 1 58 13050 0
6 1 49 11025 0
1 2 45 10000 1
2 1 39 8775 0
1 2 45 10000 1
2 1 59 13150 0
1 1 31 6975 0
4 3 114 25400 0
13 2 60 13375 0
29 3 177 39450 0
1 1 45 10000 1
36 13 1620 360000 1
29 6 650 144875 0
35 6 871 194100 0
10 5 384 85525 0
21 1 39 8775 0
29 8 1305 290000 1
14 1 40 9000 0
26 17 1170 260000 1
