2 1.30718954248
6 1.30718954248
4 1.31602641056
2 1.30718954248
7 1.30718954248
6 1.31085192698
4 1.30718954248
6 1.30718954248
3 1.30718954248
1 1.30718954248
6 1.30991285403
5 1.30718954248
7 1.31389673773
7 1.30718954248
4 1.32352941176
4 1.32352941176
7 1.30718954248
7 1.30718954248
2 1.31456241033
3 1.3112745098
6 1.31352541016
3 1.3137254902
5 1.31755141081
4 1.3109959893
6 1.30718954248
1 1.32352941176
7 1.30718954248
1 1.32352941176
3 1.30718954248
3 1.30911188005
4 1.30718954248
3 1.30718954248
1 1.32352941176
5 1.32352941176
3 1.32352941176
2 1.30718954248
5 1.30718954248
3 1.30718954248
7 1.31507775524
4 1.31422189129
5 1.30965593785
7 1.30718954248
7 1.30718954248
6 1.30718954248
4 1.32352941176
6 1.32352941176
7 1.31497948016
3 1.30718954248
7 1.32352941176
3 1.30718954248
3 1.32352941176
2 1.30718954248
3 1.32352941176
3 1.30718954248
4 1.30718954248
3 1.32352941176
5 1.30718954248
4 1.30718954248
7 1.30718954248
4 1.32352941176
8 1.30915215248
3 1.30718954248
1 1.32352941176
6 1.30718954248
1 1.32352941176
7 1.30718954248
1 1.30718954248
3 1.32352941176
5 1.31433823529
4 1.30718954248
3 1.32352941176
1 1.32352941176
2 1.30718954248
3 1.30718954248
6 1.31526768011
4 1.32352941176
5 1.32352941176
5 1.30718954248
2 1.30718954248
2 1.30718954248
7 1.31341068538
1 1.32352941176
4 1.3156230234
7 1.31428042915
7 1.30718954248
4 1.31204044118
1 1.30718954248
4 1.31659267481
4 1.32352941176
6 1.32352941176
5 1.31244457582
1 1.30718954248
6 1.30718954248
1 1.30718954248
8 1.30718954248
3 1.32352941176
6 1.32352941176
1 1.30718954248
2 1.32352941176
1 1.30718954248
2 1.3110667996
1 1.32352941176
4 1.31062951496
13 1.3112745098
29 1.3110667996
1 1.30718954248
36 1.30718954248
29 1.31108597285
35 1.31086648207
10 1.31012561275
21 1.32352941176
29 1.30718954248
14 1.32352941176
26 1.30718954248
