5 2 8 16000 0
1 1 3 6000 0
3 8 15 30000 1
6 10 30 60000 1
3 14 15 30000 1
5 7 25 50000 1
3 10 15 30000 1
6 2 10 20000 0
4 2 8 16000 0
3 10 15 30000 1
1 2 5 10000 1
7 2 10 20000 0
3 1 4 8000 0
2 2 6 12000 0
1 4 5 10000 1
5 4 12 24000 0
2 10 10 20000 1
4 25 20 40000 1
1 3 5 10000 1
5 1 3 6000 0
2 13 10 20000 1
2 3 10 20000 1
5 16 25 50000 1
4 1 3 6000 0
2 2 8 16000 0
1 1 4 8000 0
7 12 35 70000 1
3 18 15 30000 1
1 2 5 10000 1
7 8 35 70000 1
7 17 35 70000 1
2 1 4 8000 0
3 1 4 8000 0
1 1 4 8000 0
1 1 5 10000 1
5 7 21 42000 0
2 10 10 20000 1
3 5 15 30000 1
4 4 17 34000 0
4 2 8 16000 0
2 14 10 20000 1
6 10 30 60000 1
4 1 5 10000 0
3 11 15 30000 1
5 8 25 50000 1
4 23 20 40000 1
5 5 15 30000 0
5 7 25 50000 1
7 23 35 70000 1
5 7 25 50000 1
7 5 20 40000 0
4 1 7 14000 0
1 1 5 10000 1
2 5 10 20000 1
5 6 25 50000 1
7 1 4 8000 0
7 14 35 70000 1
5 7 25 50000 1
4 29 20 40000 1
7 30 35 70000 1
6 3 18 36000 0
5 22 25 50000 1
7 12 35 70000 1
6 14 30 60000 1
1 1 5 10000 1
1 5 5 10000 1
6 2 12 24000 0
3 2 10 20000 0
7 28 35 70000 1
5 13 25 50000 1
5 11 25 50000 1
2 1 5 10000 0
4 20 20 40000 1
6 6 24 48000 0
1 3 5 10000 1
6 1 3 6000 0
2 9 10 20000 1
7 2 8 16000 0
2 7 10 20000 1
5 12 25 50000 1
4 11 20 40000 1
2 1 5 10000 0
6 9 30 60000 1
5 19 25 50000 1
5 9 25 50000 1
7 5 21 42000 0
2 1 6 12000 0
2 1 5 10000 0
2 2 8 16000 0
3 2 10 20000 0
2 1 4 8000 0
4 6 16 32000 0
7 1 4 8000 0
6 17 30 60000 1
2 6 10 20000 1
7 5 22 44000 0
3 17 15 30000 1
3 12 15 30000 1
2 5 10 20000 1
7 10 35 70000 1
3 10 15 30000 1
1 2 5 10000 1
2 13 10 20000 1
6 1 5 10000 0
1 5 5 10000 1
3 4 15 30000 1
7 20 35 70000 1
6 8 30 60000 1
6 1 6 12000 0
5 9 25 50000 1
3 10 15 30000 1
4 19 20 40000 1
2 10 10 20000 1
6 24 30 60000 1
1 1 3 6000 0
2 3 10 20000 1
4 4 15 30000 0
4 1 3 6000 0
7 1 3 6000 0
8 38 40 80000 1
2 1 3 6000 0
24 23 120 240000 1
35 1 5 10000 0
16 25 80 160000 1
30 8 29 58000 0
21 4 31 62000 0
14 39 70 140000 1
12 1 3 6000 0
15 34 75 150000 1
25 2 9 18000 0
27 12 50 100000 0
12 6 22 44000 0
14 13 70 140000 1
8 13 40 80000 1
