7 1.0
2 1.0
1 0.952380952381
8 0.952380952381
4 0.952380952381
4 1.0
2 0.952380952381
7 0.952380952381
2 0.952380952381
1 0.952380952381
3 0.952380952381
7 0.952380952381
1 0.952380952381
4 1.0
4 0.984848484848
3 0.952380952381
7 0.977777777778
3 0.952380952381
4 0.952380952381
7 0.952380952381
7 0.986111111111
1 0.952380952381
3 0.952380952381
7 0.952380952381
7 0.952380952381
8 0.952380952381
1 0.952380952381
1 1.0
2 0.952380952381
5 0.952380952381
1 1.0
4 0.952380952381
6 0.952380952381
4 1.0
5 0.974358974359
7 0.967741935484
7 0.959349593496
7 0.952380952381
3 0.952380952381
6 0.952380952381
8 0.952380952381
2 0.952380952381
4 0.952380952381
6 0.952380952381
7 0.952380952381
6 0.971428571429
3 0.952380952381
5 0.977777777778
3 1.0
4 0.952380952381
5 0.952380952381
2 0.952380952381
6 0.952380952381
1 0.952380952381
6 0.952380952381
7 0.952380952381
6 1.0
1 0.952380952381
4 0.952380952381
7 0.952380952381
6 1.0
7 0.952380952381
5 0.952380952381
3 0.952380952381
1 1.0
2 1.0
6 0.952380952381
7 0.971014492754
2 0.952380952381
7 0.952380952381
2 0.952380952381
4 0.952380952381
1 1.0
5 0.952380952381
1 0.952380952381
2 0.952380952381
6 0.984126984127
6 0.984848484848
2 0.952380952381
3 1.0
2 0.952380952381
3 1.0
4 0.952380952381
7 1.0
7 0.970588235294
8 1.0
2 0.952380952381
4 1.0
7 1.0
2 1.0
7 1.0
4 1.0
4 0.952380952381
4 1.0
7 0.952380952381
7 0.989583333333
7 0.952380952381
3 0.952380952381
4 1.0
5 0.952380952381
5 1.0
7 1.0
1 0.952380952381
5 0.952380952381
5 0.989247311828
4 1.0
6 0.952380952381
7 1.0
1 0.952380952381
6 0.952380952381
2 1.0
7 0.952380952381
6 1.0
4 0.952380952381
1 0.952380952381
4 0.952380952381
2 0.952380952381
5 0.952380952381
6 0.952380952381
4 0.952380952381
5 1.0
3 0.952380952381
7 0.952380952381
3 0.952380952381
1 0.952380952381
4 0.952380952381
1 0.952380952381
2 0.952380952381
2 0.952380952381
1 0.952380952381
3 0.952380952381
3 0.958333333333
7 0.952380952381
6 0.952380952381
5 0.952380952381
7 1.0
7 1.0
5 1.0
5 0.952380952381
4 0.974358974359
1 1.0
4 1.0
3 0.979166666667
7 0.977777777778
4 0.952380952381
1 1.0
5 0.952380952381
2 0.952380952381
7 0.952380952381
4 0.972222222222
4 0.952380952381
4 0.952380952381
6 0.952380952381
4 0.952380952381
1 1.0
5 0.977777777778
7 0.952380952381
6 0.952380952381
6 1.0
8 0.952380952381
4 1.0
2 1.0
4 0.952380952381
4 0.952380952381
1 0.952380952381
6 0.952380952381
2 1.0
3 0.952380952381
2 0.952380952381
2 0.952380952381
1 0.952380952381
5 1.0
2 0.952380952381
7 0.964539007092
3 1.0
6 0.952380952381
6 1.0
5 0.952380952381
6 1.0
7 1.0
3 0.952380952381
3 1.0
36 0.952380952381
1 1.0
67 0.952380952381
37 0.965277777778
37 0.988095238095
1 1.0
43 0.952380952381
2 0.952380952381
2 0.952380952381
30 0.952380952381
18 0.995238095238
75 0.988888888889
17 1.0
3 0.952380952381
2 1.0
27 0.952380952381
1 0.952380952381
6 1.0
1 0.952380952381
5 1.0
1 0.952380952381
12 0.952380952381
6 0.952380952381
1 1.0
3 1.0
1 0.952380952381
1 1.0
1 0.952380952381
2 1.0
3 0.952380952381
1 1.0
174 0.964052287582
1 1.0
1 0.952380952381
79 1.0
1 0.952380952381
30 0.952380952381
2 0.952380952381
1 0.952380952381
1 0.952380952381
4 0.952380952381
1 0.952380952381
8 0.952380952381
4 1.0
1 0.952380952381
136 1.0
20 0.952380952381
66 1.0
1 1.0
12 0.968992248062
1 0.952380952381
2 0.952380952381
1 0.952380952381
206 0.984375
144 0.952380952381
1 0.952380952381
7 0.952380952381
1 1.0
224 0.952380952381
18 0.952380952381
63 0.978768577495
63 0.990476190476
1 1.0
1 0.952380952381
74 0.952380952381
2 0.952380952381
5 1.0
4 0.952380952381
5 1.0
1 0.952380952381
1 0.952380952381
1 1.0
123 1.0
1 0.952380952381
1 0.952380952381
2 0.952380952381
1 0.952380952381
1 1.0
4 0.952380952381
211 0.965277777778
1 0.952380952381
2 0.952380952381
