2 1 8 20000 1
5 8 20 50000 1
5 4 20 50000 1
5 1 7 19000 0
4 4 16 40000 1
7 1 12 30000 0
5 8 20 50000 1
3 2 12 30000 1
1 2 4 10000 1
5 2 20 50000 1
1 2 4 10000 1
6 7 24 60000 1
5 6 20 50000 1
7 2 22 56000 0
4 1 7 19000 0
7 1 7 19000 0
3 4 12 30000 1
1 1 4 10000 1
6 1 7 19000 0
5 2 20 50000 1
1 1 4 10000 1
5 5 20 50000 1
6 5 24 60000 1
7 3 28 70000 1
4 5 16 40000 1
3 4 12 30000 1
4 5 16 40000 1
4 2 16 40000 1
6 3 24 60000 1
1 1 4 10000 1
1 2 4 10000 1
1 1 4 10000 1
4 4 16 40000 1
5 1 13 35000 0
5 2 16 40000 0
3 3 12 30000 1
7 1 7 19000 0
2 1 8 20000 1
7 10 28 70000 1
7 4 28 70000 1
2 2 8 20000 1
4 4 16 40000 1
4 1 8 20000 0
5 3 20 50000 1
4 2 16 40000 1
2 1 8 20000 1
7 1 12 32000 0
7 1 11 29000 0
1 1 4 10000 1
3 1 7 19000 0
4 3 16 40000 1
7 2 22 56000 0
4 2 16 40000 1
3 1 9 23000 0
4 4 16 40000 1
3 4 12 30000 1
5 2 18 46000 0
3 2 12 30000 1
1 1 4 10000 1
2 4 8 20000 1
4 1 10 26000 0
5 4 20 50000 1
3 5 12 30000 1
5 4 20 50000 1
6 2 24 60000 1
7 1 9 23000 0
6 5 24 60000 1
7 5 28 70000 1
5 2 20 50000 1
3 4 12 30000 1
1 1 4 10000 1
5 1 6 16000 0
2 4 8 20000 1
4 5 16 40000 1
1 1 4 10000 1
5 4 20 50000 1
3 6 12 30000 1
1 1 4 10000 1
6 3 24 60000 1
2 1 8 20000 1
3 2 12 30000 1
6 1 16 40000 0
6 4 24 60000 1
4 1 9 23000 0
7 9 28 70000 1
4 1 14 36000 0
7 3 28 70000 1
2 1 8 20000 1
6 1 11 29000 0
2 2 8 20000 1
7 7 28 70000 1
6 2 18 46000 0
7 1 13 33000 0
8 7 32 80000 1
5 1 9 23000 0
6 5 24 60000 1
1 1 4 10000 1
5 1 10 26000 0
7 1 16 42000 0
3 1 7 19000 0
3 3 12 30000 1
1 1 4 10000 1
7 1 7 19000 0
2 1 8 20000 1
2 1 8 20000 1
3 2 12 30000 1
4 2 16 40000 1
4 2 16 40000 1
7 3 28 70000 1
4 5 16 40000 1
7 4 28 70000 1
4 1 11 29000 0
6 1 15 39000 0
1 1 4 10000 1
3 1 7 19000 0
6 1 8 20000 0
4 3 16 40000 1
5 3 20 50000 1
5 6 20 50000 1
5 6 20 50000 1
6 2 14 36000 0
1 1 4 10000 1
3 3 12 30000 1
7 1 10 26000 0
7 1 7 19000 0
1 1 4 10000 1
31 2 15 39000 0
24 8 96 240000 1
25 1 9 23000 0
25 11 100 250000 1
11 4 44 110000 1
34 3 27 69000 0
15 1 9 23000 0
26 5 104 260000 1
21 1 7 19000 0
13 11 52 130000 1
