2 1.19047619048
5 1.19047619048
5 1.19047619048
5 1.2925170068
4 1.19047619048
7 1.19047619048
5 1.19047619048
3 1.19047619048
1 1.19047619048
5 1.19047619048
1 1.19047619048
6 1.19047619048
5 1.19047619048
7 1.21212121212
4 1.2925170068
7 1.2925170068
3 1.19047619048
1 1.19047619048
6 1.2925170068
5 1.19047619048
1 1.19047619048
5 1.19047619048
6 1.19047619048
7 1.19047619048
4 1.19047619048
3 1.19047619048
4 1.19047619048
4 1.19047619048
6 1.19047619048
1 1.19047619048
1 1.19047619048
1 1.19047619048
4 1.19047619048
5 1.28205128205
5 1.19047619048
3 1.19047619048
7 1.2925170068
2 1.19047619048
7 1.19047619048
7 1.19047619048
2 1.19047619048
4 1.19047619048
4 1.19047619048
5 1.19047619048
4 1.19047619048
2 1.19047619048
7 1.26984126984
7 1.25541125541
1 1.19047619048
3 1.2925170068
4 1.19047619048
7 1.21212121212
4 1.19047619048
3 1.21693121693
4 1.19047619048
3 1.19047619048
5 1.21693121693
3 1.19047619048
1 1.19047619048
2 1.19047619048
4 1.2380952381
5 1.19047619048
3 1.19047619048
5 1.19047619048
6 1.19047619048
7 1.21693121693
6 1.19047619048
7 1.19047619048
5 1.19047619048
3 1.19047619048
1 1.19047619048
5 1.26984126984
2 1.19047619048
4 1.19047619048
1 1.19047619048
5 1.19047619048
3 1.19047619048
1 1.19047619048
6 1.19047619048
2 1.19047619048
3 1.19047619048
6 1.19047619048
6 1.19047619048
4 1.21693121693
7 1.19047619048
4 1.22448979592
7 1.19047619048
2 1.19047619048
6 1.25541125541
2 1.19047619048
7 1.19047619048
6 1.21693121693
7 1.20879120879
8 1.19047619048
5 1.21693121693
6 1.19047619048
1 1.19047619048
5 1.2380952381
7 1.25
3 1.2925170068
3 1.19047619048
1 1.19047619048
7 1.2925170068
2 1.19047619048
2 1.19047619048
3 1.19047619048
4 1.19047619048
4 1.19047619048
7 1.19047619048
4 1.19047619048
7 1.19047619048
4 1.25541125541
6 1.2380952381
1 1.19047619048
3 1.2925170068
6 1.19047619048
4 1.19047619048
5 1.19047619048
5 1.19047619048
5 1.19047619048
6 1.22448979592
1 1.19047619048
3 1.19047619048
7 1.2380952381
7 1.2925170068
1 1.19047619048
31 1.2380952381
24 1.19047619048
25 1.21693121693
25 1.19047619048
11 1.19047619048
34 1.21693121693
15 1.21693121693
26 1.19047619048
21 1.2925170068
13 1.19047619048
