5 7 20 50000 1
1 1 4 10000 1
5 5 20 50000 1
5 1 12 30600 0
1 2 4 10000 1
5 5 20 50000 1
4 1 6 15300 0
3 4 12 30000 1
4 8 16 40000 1
3 3 12 30000 1
6 5 24 60000 1
4 8 16 40000 1
2 1 6 15300 0
3 5 12 30000 1
3 2 12 30000 1
1 1 4 10000 1
1 1 4 10000 1
7 8 28 70000 1
5 8 20 50000 1
2 3 8 20000 1
7 2 10 25500 0
4 6 16 40000 1
3 3 12 30000 1
6 3 24 60000 1
2 5 8 20000 1
3 1 5 12750 0
1 1 4 10000 1
1 1 4 10000 1
7 2 16 40800 0
6 3 18 45900 0
6 1 9 22950 0
5 1 5 12750 0
6 10 24 60000 1
5 4 20 50000 1
3 1 5 12750 0
2 4 8 20000 1
4 1 9 22950 0
4 1 10 25500 0
6 1 5 12750 0
7 1 7 17850 0
4 2 10 25500 0
2 4 8 20000 1
5 1 5 12750 0
4 1 6 15300 0
2 2 8 20000 1
2 1 8 20000 1
5 3 20 50000 1
3 2 12 30000 1
5 3 20 50000 1
6 7 24 60000 1
6 8 24 60000 1
1 1 4 10000 1
6 5 24 60000 1
1 1 4 10000 1
6 1 10 25500 0
7 10 28 70000 1
7 5 28 70000 1
7 1 7 17850 0
3 1 9 22950 0
4 1 5 12750 0
2 2 8 20000 1
5 1 6 15300 0
6 3 15 38250 0
6 1 10 25500 0
4 1 5 12750 0
6 10 24 60000 1
7 5 28 70000 1
3 1 8 20400 0
5 6 20 50000 1
3 1 5 12750 0
1 2 4 10000 1
3 6 12 30000 1
3 4 12 30000 1
2 2 8 20000 1
4 4 16 40000 1
1 2 4 10000 1
5 8 20 50000 1
2 1 8 20000 1
5 1 6 15300 0
5 1 6 15300 0
1 1 4 10000 1
6 9 24 60000 1
6 3 18 45900 0
3 1 11 27650 0
1 1 4 10000 1
5 7 20 50000 1
7 5 28 70000 1
7 7 28 70000 1
2 1 6 15300 0
5 1 11 28050 0
8 2 20 51000 0
4 1 9 22950 0
3 5 12 30000 1
7 11 28 70000 1
6 1 12 30600 0
2 5 8 20000 1
7 6 28 70000 1
1 1 4 10000 1
1 2 4 10000 1
4 4 16 40000 1
1 1 4 10000 1
5 1 10 25500 0
7 1 6 15300 0
3 1 6 15300 0
5 2 10 25500 0
2 2 8 20000 1
6 6 24 60000 1
5 3 15 38250 0
2 2 8 20000 1
1 1 4 10000 1
5 7 20 50000 1
2 2 8 20000 1
3 1 11 27650 0
3 1 10 25300 0
2 1 5 12750 0
1 1 4 10000 1
2 2 8 20000 1
7 12 28 70000 1
5 1 7 17850 0
1 1 4 10000 1
4 1 6 15300 0
7 12 28 70000 1
6 3 18 45900 0
6 1 7 17850 0
6 7 24 60000 1
4 1 11 28050 0
6 1 9 22950 0
2 2 8 20000 1
6 10 24 60000 1
2 1 8 20000 1
5 3 15 38250 0
5 3 20 50000 1
2 1 7 17650 0
3 1 8 20400 0
4 2 16 40000 1
7 6 28 70000 1
5 3 20 50000 1
1 2 4 10000 1
7 4 28 70000 1
5 1 8 20400 0
1 1 4 10000 1
5 6 20 50000 1
5 1 11 28050 0
1 1 4 10000 1
6 2 10 25500 0
2 2 8 20000 1
1 1 4 10000 1
1 1 4 10000 1
6 10 24 60000 1
6 6 24 60000 1
2 2 8 20000 1
2 2 8 20000 1
1 1 4 10000 1
7 5 28 70000 1
5 1 7 17850 0
1 1 4 10000 1
5 1 6 15300 0
7 12 28 70000 1
1 2 4 10000 1
3 1 7 17850 0
5 2 11 28050 0
4 8 16 40000 1
8 1 12 30600 0
7 10 28 70000 1
1 2 4 10000 1
6 1 5 12750 0
5 8 20 50000 1
1 1 4 10000 1
2 1 5 12750 0
5 1 5 12750 0
3 1 11 27650 0
5 6 20 50000 1
2 5 8 20000 1
2 1 5 12750 0
2 1 5 12750 0
2 1 8 20000 1
5 7 20 50000 1
4 1 7 17850 0
5 3 20 50000 1
6 1 5 12750 0
3 1 6 15300 0
2 3 8 20000 1
50 6 36 91600 0
106 6 33 83750 0
1 1 4 10000 1
207 24 828 2070000 1
1 1 4 10000 1
11 11 44 110000 1
10 8 40 100000 1
81 14 324 810000 1
1 1 4 10000 1
27 12 108 270000 1
11 5 35 88850 0
9 3 19 48450 0
26 1 5 12750 0
1 2 4 10000 1
1 2 4 10000 1
1 2 4 10000 1
26 3 21 53550 0
1 1 4 10000 1
1 1 4 10000 1
2 2 8 20000 1
1 1 4 10000 1
1 1 4 10000 1
100 16 400 1000000 1
2 4 8 20000 1
1 1 4 10000 1
19 6 35 89050 0
3 1 6 15300 0
28 7 42 106900 0
1 1 4 10000 1
33 1 5 12750 0
39 5 34 86500 0
5 1 11 28050 0
3 4 12 30000 1
47 1 12 30600 0
1 1 4 10000 1
10 10 40 100000 1
2 3 8 20000 1
43 1 7 17850 0
1 1 4 10000 1
1 1 4 10000 1
233 1 9 22950 0
1 1 4 10000 1
75 19 300 750000 1
2 3 8 20000 1
47 6 36 91600 0
1 1 4 10000 1
120 6 54 137500 0
3 2 12 30000 1
1 1 4 10000 1
15 12 60 150000 1
1 1 4 10000 1
1 1 4 10000 1
1 1 4 10000 1
128 13 512 1280000 1
2 5 8 20000 1
86 1 10 25500 0
7 1 7 17850 0
21 3 33 84150 0
117 3 17 43350 0
1 1 4 10000 1
1 1 4 10000 1
1 1 4 10000 1
105 17 420 1050000 1
6 5 24 60000 1
1 1 4 10000 1
1 1 4 10000 1
1 1 4 10000 1
1 1 4 10000 1
15 13 60 150000 1
21 11 84 210000 1
5 3 20 50000 1
166 1 6 15300 0
1 1 4 10000 1
23 8 92 230000 1
1 1 4 10000 1
2 1 7 17650 0
52 13 208 520000 1
1 1 4 10000 1
1 1 4 10000 1
2 4 8 20000 1
27 8 84 213600 0
