5 0.980392156863
1 0.980392156863
5 0.980392156863
5 1.0
1 0.980392156863
5 0.980392156863
4 1.0
3 0.980392156863
4 0.980392156863
3 0.980392156863
6 0.980392156863
4 0.980392156863
2 1.0
3 0.980392156863
3 0.980392156863
1 0.980392156863
1 0.980392156863
7 0.980392156863
5 0.980392156863
2 0.980392156863
7 1.0
4 0.980392156863
3 0.980392156863
6 0.980392156863
2 0.980392156863
3 1.0
1 0.980392156863
1 0.980392156863
7 1.0
6 1.0
6 1.0
5 1.0
6 0.980392156863
5 0.980392156863
3 1.0
2 0.980392156863
4 1.0
4 1.0
6 1.0
7 1.0
4 1.0
2 0.980392156863
5 1.0
4 1.0
2 0.980392156863
2 0.980392156863
5 0.980392156863
3 0.980392156863
5 0.980392156863
6 0.980392156863
6 0.980392156863
1 0.980392156863
6 0.980392156863
1 0.980392156863
6 1.0
7 0.980392156863
7 0.980392156863
7 1.0
3 1.0
4 1.0
2 0.980392156863
5 1.0
6 1.0
6 1.0
4 1.0
6 0.980392156863
7 0.980392156863
3 1.0
5 0.980392156863
3 1.0
1 0.980392156863
3 0.980392156863
3 0.980392156863
2 0.980392156863
4 0.980392156863
1 0.980392156863
5 0.980392156863
2 0.980392156863
5 1.0
5 1.0
1 0.980392156863
6 0.980392156863
6 1.0
3 0.985739750446
1 0.980392156863
5 0.980392156863
7 0.980392156863
7 0.980392156863
2 1.0
5 1.0
8 1.0
4 1.0
3 0.980392156863
7 0.980392156863
6 1.0
2 0.980392156863
7 0.980392156863
1 0.980392156863
1 0.980392156863
4 0.980392156863
1 0.980392156863
5 1.0
7 1.0
3 1.0
5 1.0
2 0.980392156863
6 0.980392156863
5 1.0
2 0.980392156863
1 0.980392156863
5 0.980392156863
2 0.980392156863
3 0.985739750446
3 0.992156862745
2 1.0
1 0.980392156863
2 0.980392156863
7 0.980392156863
5 1.0
1 0.980392156863
4 1.0
7 0.980392156863
6 1.0
6 1.0
6 0.980392156863
4 1.0
6 1.0
2 0.980392156863
6 0.980392156863
2 0.980392156863
5 1.0
5 0.980392156863
2 0.988795518207
3 1.0
4 0.980392156863
7 0.980392156863
5 0.980392156863
1 0.980392156863
7 0.980392156863
5 1.0
1 0.980392156863
5 0.980392156863
5 1.0
1 0.980392156863
6 1.0
2 0.980392156863
1 0.980392156863
1 0.980392156863
6 0.980392156863
6 0.980392156863
2 0.980392156863
2 0.980392156863
1 0.980392156863
7 0.980392156863
5 1.0
1 0.980392156863
5 1.0
7 0.980392156863
1 0.980392156863
3 1.0
5 1.0
4 0.980392156863
8 1.0
7 0.980392156863
1 0.980392156863
6 1.0
5 0.980392156863
1 0.980392156863
2 1.0
5 1.0
3 0.985739750446
5 0.980392156863
2 0.980392156863
2 1.0
2 1.0
2 0.980392156863
5 0.980392156863
4 1.0
5 0.980392156863
6 1.0
3 1.0
2 0.980392156863
50 0.997821350763
106 0.995246583482
1 0.980392156863
207 0.980392156863
1 0.980392156863
11 0.980392156863
10 0.980392156863
81 0.980392156863
1 0.980392156863
27 0.980392156863
11 0.995518207283
9 1.0
26 1.0
1 0.980392156863
1 0.980392156863
1 0.980392156863
26 1.0
1 0.980392156863
1 0.980392156863
2 0.980392156863
1 0.980392156863
1 0.980392156863
100 0.980392156863
2 0.980392156863
1 0.980392156863
19 0.997759103641
3 1.0
28 0.998132586368
1 0.980392156863
33 1.0
39 0.997693194925
5 1.0
3 0.980392156863
47 1.0
1 0.980392156863
10 0.980392156863
2 0.980392156863
43 1.0
1 0.980392156863
1 0.980392156863
233 1.0
1 0.980392156863
75 0.980392156863
2 0.980392156863
47 0.997821350763
1 0.980392156863
120 0.998547567175
3 0.980392156863
1 0.980392156863
15 0.980392156863
1 0.980392156863
1 0.980392156863
1 0.980392156863
128 0.980392156863
2 0.980392156863
86 1.0
7 1.0
21 1.0
117 1.0
1 0.980392156863
1 0.980392156863
1 0.980392156863
105 0.980392156863
6 0.980392156863
1 0.980392156863
1 0.980392156863
1 0.980392156863
1 0.980392156863
15 0.980392156863
21 0.980392156863
5 0.980392156863
166 1.0
1 0.980392156863
23 0.980392156863
1 0.980392156863
2 0.988795518207
52 0.980392156863
1 0.980392156863
1 0.980392156863
2 0.980392156863
27 0.997198879552
