6 36 42 60000 1
3 21 21 30000 1
8 18 33 49203 0
6 23 37 53833 0
1 9 7 10000 1
6 1 1 1537 0
1 4 6 9222 0
4 1 2 3074 0
5 23 35 50000 1
4 17 24 35370 0
5 7 17 25370 0
4 0 0 0 0
4 11 21 30759 0
3 24 21 30000 1
5 7 17 25370 0
9 15 35 52277 0
5 16 31 45370 0
6 1 2 3074 0
8 21 40 59203 0
7 9 20 29981 0
7 15 34 50740 0
4 18 23 33833 0
1 3 6 9222 0
5 17 27 39222 0
6 4 14 20759 0
7 0 0 0 0
6 16 29 43055 0
4 4 7 10759 0
4 9 17 25370 0
9 16 39 58425 0
1 17 7 10000 1
2 6 12 17685 0
7 17 33 49203 0
6 5 8 12296 0
8 4 8 12296 0
8 1 4 6148 0
1 7 7 10000 1
7 0 0 0 0
4 17 26 38444 0
7 33 49 70000 1
3 1 2 3074 0
4 13 22 31537 0
3 13 18 26148 0
2 0 0 0 0
7 26 49 70000 1
7 6 11 16907 0
9 17 34 50740 0
1 5 5 7685 0
6 23 40 57685 0
8 20 46 67666 0
1 0 0 0 0
5 3 8 12296 0
9 12 27 40740 0
8 31 56 80000 1
5 20 27 39981 0
2 15 14 20000 1
1 0 0 0 0
8 19 39 57666 0
5 22 35 50000 1
9 36 63 90000 1
5 29 35 50000 1
5 3 6 9222 0
4 29 28 40000 1
2 5 5 7685 0
8 0 0 0 0
5 3 7 10759 0
4 27 28 40000 1
5 1 3 4611 0
5 10 18 26907 0
6 13 30 44592 0
2 13 14 20000 1
1 3 4 6148 0
8 5 10 15370 0
8 3 11 16907 0
8 56 56 80000 1
3 18 21 30000 1
3 15 21 30000 1
1 2 2 3074 0
6 13 25 37666 0
