5 1.525
5 1.525
4 1.46363636364
7 1.42857142857
5 1.525
6 1.42857142857
6 1.42857142857
1 1.42857142857
7 1.42857142857
6 1.47027027027
1 1.42857142857
5 1.42857142857
4 1.46363636364
1 1.525
7 1.42857142857
6 1.525
5 1.42857142857
4 1.42857142857
7 1.5
5 1.525
2 1.42857142857
5 1.45517241379
7 1.525
3 1.48
6 1.471
7 1.50089285714
6 1.525
6 1.42857142857
7 1.48409090909
5 1.42857142857
6 1.440625
2 1.42857142857
1 1.525
1 1.525
4 1.49125
3 1.47678571429
5 1.42857142857
5 1.42857142857
1 1.42857142857
1 1.525
5 1.47307692308
2 1.42857142857
5 1.471
6 1.45202702703
3 1.42857142857
7 1.42857142857
6 1.42857142857
2 1.525
3 1.525
3 1.4575
7 1.42857142857
2 1.525
5 1.42857142857
1 1.42857142857
1 1.42857142857
2 1.42857142857
3 1.42857142857
1 1.525
1 1.525
2 1.42857142857
7 1.525
2 1.525
6 1.525
4 1.42857142857
5 1.42857142857
3 1.525
7 1.42857142857
4 1.42857142857
3 1.4575
2 1.42857142857
5 1.42857142857
6 1.525
6 1.42857142857
3 1.42857142857
6 1.525
2 1.42857142857
7 1.42857142857
4 1.525
4 1.46875
2 1.45
6 1.46071428571
7 1.47027027027
2 1.42857142857
2 1.42857142857
3 1.42857142857
6 1.42857142857
5 1.46363636364
7 1.498
5 1.42857142857
2 1.42857142857
7 1.47027027027
3 1.42857142857
4 1.525
2 1.42857142857
4 1.525
2 1.42857142857
2 1.42857142857
2 1.525
4 1.525
2 1.42857142857
5 1.46875
2 1.42857142857
4 1.42857142857
4 1.42857142857
6 1.42857142857
2 1.47307692308
2 1.4575
4 1.471
4 1.42857142857
5 1.525
6 1.42857142857
3 1.4875
6 1.49285714286
6 1.47171052632
2 1.42857142857
6 1.49125
7 1.525
5 1.42857142857
2 1.525
1 1.42857142857
4 1.4875
5 1.42857142857
4 1.525
28 1.496875
29 1.525
21 1.42857142857
27 1.525
17 1.49360465116
29 1.48065693431
25 1.525
22 1.48642857143
35 1.42857142857
24 1.42857142857
28 1.49125
18 1.5109375
11 1.50769230769
21 1.48947368421
29 1.46565934066
