2 5 10 20000 1
8 5 23 54762 0
1 4 5 10000 1
2 6 10 20000 1
6 1 4 9736 0
4 8 20 40000 1
5 16 25 50000 1
4 9 20 40000 1
4 4 7 17210 0
2 2 6 14639 0
3 1 3 7376 0
2 9 10 20000 1
3 1 3 7503 0
7 1 5 12446 0
2 6 10 20000 1
4 1 3 7504 0
4 1 6 14604 0
6 9 30 60000 1
4 1 4 9819 0
7 1 8 19791 0
7 15 35 70000 1
1 6 5 10000 1
1 9 5 10000 1
3 6 15 30000 1
4 9 20 40000 1
7 1 9 22033 0
4 8 20 40000 1
3 14 15 30000 1
4 2 9 21976 0
6 15 30 60000 1
2 9 10 20000 1
1 1 3 7302 0
5 14 25 50000 1
3 5 15 30000 1
2 9 10 20000 1
6 1 5 12399 0
7 3 15 34507 0
4 12 20 40000 1
1 6 5 10000 1
3 9 15 30000 1
8 4 34 79193 0
5 1 4 9947 0
2 1 4 9736 0
1 1 3 7302 0
7 19 35 70000 1
4 1 4 9930 0
5 11 25 50000 1
6 1 7 17924 0
7 1 5 12399 0
5 10 25 50000 1
3 6 15 30000 1
5 10 24 50000 1
2 9 10 20000 1
1 6 5 10000 1
6 4 19 44988 0
4 9 19 40000 1
3 1 5 12170 0
7 3 17 42187 0
5 1 4 9736 0
5 1 4 9736 0
6 4 12 29801 0
4 3 13 30130 0
7 7 32 70000 1
4 6 17 37038 0
2 1 4 9736 0
5 1 6 14639 0
3 1 4 9771 0
6 2 6 14862 0
1 2 5 10000 1
7 8 35 70000 1
6 17 30 60000 1
7 13 35 70000 1
4 6 18 40000 1
5 4 21 47464 0
2 6 10 20000 1
6 3 19 44663 0
5 14 25 50000 1
4 4 9 22320 0
5 1 3 7496 0
6 2 14 32560 0
6 7 26 57383 0
4 5 19 40000 1
2 6 10 20000 1
5 3 14 32778 0
5 1 4 10245 0
1 6 5 10000 1
7 7 33 69724 0
3 1 4 9792 0
4 1 3 7302 0
2 3 7 17038 0
5 4 14 32660 0
1 1 2 4868 0
2 1 3 7341 0
2 2 10 20000 1
5 4 16 37302 0
1 10 5 10000 1
24 4 27 67914 0
35 10 172 350000 1
8 11 40 80000 1
12 2 5 12528 0
23 1 8 20213 0
23 7 54 127390 0
35 11 172 350000 1
34 19 169 340000 1
26 21 129 260000 1
16 13 80 160000 1
30 7 73 179257 0
16 9 78 160000 1
15 16 67 150000 1
24 3 11 27636 0
