2 1.17647058824
8 1.40056265985
1 1.17647058824
2 1.17647058824
6 1.43176470588
4 1.17647058824
5 1.17647058824
4 1.17647058824
4 1.44621848739
2 1.43519607843
3 1.4462745098
2 1.17647058824
3 1.47117647059
7 1.46423529412
2 1.17647058824
4 1.47137254902
4 1.43176470588
6 1.17647058824
4 1.44397058824
7 1.45522058824
7 1.17647058824
1 1.17647058824
1 1.17647058824
3 1.17647058824
4 1.17647058824
7 1.44006535948
4 1.17647058824
3 1.17647058824
4 1.43633986928
6 1.17647058824
2 1.17647058824
1 1.43176470588
5 1.17647058824
3 1.17647058824
2 1.17647058824
6 1.45870588235
7 1.35321568627
4 1.17647058824
1 1.17647058824
3 1.17647058824
8 1.37012110727
5 1.46279411765
2 1.43176470588
1 1.43176470588
7 1.17647058824
4 1.46029411765
5 1.17647058824
6 1.50621848739
7 1.45870588235
5 1.17647058824
3 1.17647058824
5 1.22549019608
2 1.17647058824
1 1.17647058824
6 1.39281733746
4 1.23839009288
3 1.43176470588
7 1.45975778547
5 1.43176470588
5 1.43176470588
6 1.46083333333
4 1.36334841629
7 1.28676470588
4 1.2815916955
2 1.43176470588
5 1.43519607843
3 1.43691176471
6 1.45705882353
1 1.17647058824
7 1.17647058824
6 1.17647058824
7 1.17647058824
4 1.30718954248
5 1.32952380952
2 1.17647058824
6 1.38275541796
5 1.17647058824
4 1.45882352941
5 1.46980392157
6 1.36806722689
6 1.29825791855
4 1.23839009288
2 1.17647058824
5 1.37722689076
5 1.50661764706
1 1.17647058824
7 1.24285204991
3 1.44
4 1.43176470588
2 1.43176470588
5 1.37226890756
1 1.43176470588
2 1.43941176471
2 1.17647058824
5 1.37139705882
1 1.17647058824
24 1.47960784314
35 1.19699042408
8 1.17647058824
12 1.47388235294
23 1.48625
23 1.38769063181
35 1.19699042408
34 1.18343195266
26 1.18559051528
16 1.17647058824
30 1.4444560838
16 1.20663650075
15 1.31694468832
24 1.47786096257
