1 1 2 3838 0
5 19 23 50000 1
4 9 17 40000 1
1 4 6 10000 1
6 10 27 60000 1
2 2 6 14091 0
5 20 23 50000 1
6 4 20 51442 0
6 4 21 53802 0
3 2 6 18109 0
7 21 30 70000 1
7 16 30 70000 1
2 13 10 20000 1
3 10 13 30000 1
4 4 13 33299 0
4 17 18 40000 1
4 9 17 40000 1
6 4 19 49576 0
3 11 14 30000 1
6 9 26 60000 1
3 2 6 17343 0
8 7 31 79135 0
3 11 15 30000 1
6 7 24 60000 1
5 21 20 50000 1
2 8 10 20000 1
1 1 3 5757 0
4 3 9 23942 0
6 1 6 17493 0
7 10 29 70000 1
5 7 21 50000 1
7 3 12 34150 0
3 3 9 22493 0
6 16 25 60000 1
6 1 3 8724 0
1 1 4 7676 0
7 20 30 70000 1
7 6 28 69445 0
7 1 3 8124 0
2 6 9 20000 1
2 2 6 14144 0
6 1 3 10271 0
1 1 2 3838 0
5 11 19 50000 1
4 3 9 23822 0
1 6 6 10000 1
1 11 6 10000 1
6 10 26 60000 1
3 1 3 8194 0
6 5 22 59326 0
4 1 3 8958 0
2 9 11 20000 1
5 7 22 49860 0
5 5 17 45836 0
7 5 18 46297 0
6 5 20 56518 0
5 23 23 50000 1
4 10 19 40000 1
2 5 10 20000 1
4 1 5 12896 0
4 9 19 40000 1
3 1 4 10405 0
4 1 6 15891 0
7 1 5 14715 0
5 23 24 50000 1
7 16 33 70000 1
1 2 5 9595 0
2 2 6 14945 0
4 1 4 11279 0
1 7 6 10000 1
1 8 6 10000 1
1 9 6 10000 1
1 11 6 10000 1
3 5 13 30000 1
5 18 22 50000 1
6 3 16 49469 0
5 16 23 50000 1
6 15 25 60000 1
3 13 16 30000 1
4 17 20 40000 1
4 3 16 40000 1
1 1 3 5757 0
4 4 11 31654 0
7 15 30 70000 1
7 11 29 70000 1
5 17 20 50000 1
4 1 3 8464 0
5 19 21 50000 1
5 24 22 50000 1
6 12 24 60000 1
6 2 10 29824 0
2 1 3 6885 0
2 12 10 20000 1
3 21 13 30000 1
4 6 17 40000 1
7 3 24 64840 0
4 1 5 14626 0
7 1 4 12567 0
7 7 28 70000 1
3 1 4 10477 0
2 9 9 20000 1
2 9 11 20000 1
4 17 18 40000 1
3 7 14 30000 1
3 15 13 30000 1
6 18 25 60000 1
6 4 22 60000 1
7 1 5 14651 0
1 9 6 10000 1
3 6 13 30000 1
2 1 2 5486 0
2 4 9 20000 1
4 1 3 8591 0
2 3 8 19159 0
7 4 23 65975 0
7 8 29 70000 1
6 4 18 47849 0
3 7 15 30000 1
6 16 29 60000 1
5 4 18 49292 0
5 6 21 50000 1
6 1 6 17959 0
6 16 24 60000 1
3 15 14 30000 1
7 7 26 67542 0
3 10 14 30000 1
7 16 30 70000 1
4 1 4 10285 0
4 16 20 40000 1
5 2 7 19297 0
7 5 25 64179 0
4 3 9 25764 0
6 15 24 60000 1
7 5 28 70000 1
1 3 6 10000 1
5 15 24 50000 1
1 8 6 10000 1
3 15 15 30000 1
7 20 29 70000 1
2 8 10 20000 1
3 11 14 30000 1
1 2 4 7676 0
3 3 12 28289 0
3 1 3 8729 0
4 17 17 40000 1
4 5 16 40000 1
2 2 4 10467 0
1 5 6 10000 1
2 2 6 14537 0
3 1 2 5735 0
4 15 19 40000 1
5 9 22 50000 1
2 1 4 9133 0
6 3 11 31618 0
3 2 6 16028 0
5 1 4 11630 0
6 10 28 60000 1
7 15 31 70000 1
2 12 9 20000 1
4 10 17 40000 1
1 13 6 10000 1
1 5 6 10000 1
6 5 22 60000 1
5 6 22 50000 1
7 11 28 70000 1
5 1 5 14787 0
4 1 3 8327 0
5 3 9 25920 0
6 10 23 60000 1
6 12 27 60000 1
3 4 13 30000 1
2 2 6 15231 0
4 11 17 40000 1
4 2 13 34007 0
5 15 22 50000 1
1 1 3 5757 0
5 2 9 25887 0
4 3 16 40000 1
1 1 3 5757 0
4 9 17 40000 1
5 11 21 50000 1
5 24 20 50000 1
9 5 21 58234 0
1 12 6 10000 1
1 1 4 7676 0
1 7 6 10000 1
1 12 6 10000 1
1 9 6 10000 1
1 12 6 10000 1
1 3 6 10000 1
1 1 3 5757 0
228 29 871 2280000 1
89 3 15 44329 0
35 11 138 350000 1
74 11 279 740000 1
1 6 6 10000 1
13 17 60 130000 1
3 1 4 10798 0
10 14 43 100000 1
1 7 6 10000 1
57 18 219 570000 1
201 1 4 11638 0
1 1 2 3838 0
22 5 46 151847 0
3 2 6 17449 0
1 3 5 9595 0
1 14 6 10000 1
141 25 566 1410000 1
1 1 3 5757 0
127 14 491 1270000 1
183 1 7 27082 0
5 13 20 50000 1
155 25 668 1550000 1
1 4 6 10000 1
1 5 6 10000 1
1 4 6 10000 1
1 2 4 7676 0
1 4 6 10000 1
1 7 6 10000 1
1 1 2 3838 0
1 1 2 3838 0
1 2 5 9595 0
15 1 9 29486 0
1 7 6 10000 1
1 4 6 10000 1
1 8 6 10000 1
2 12 10 20000 1
1 4 6 10000 1
14 4 30 102857 0
9 4 18 55330 0
1 8 6 10000 1
80 24 348 800000 1
1 2 6 10000 1
1 10 6 10000 1
1 2 4 7676 0
38 23 171 380000 1
13 9 50 130000 1
41 8 51 131400 0
1 8 6 10000 1
1 1 3 5757 0
54 3 17 50650 0
2 11 10 20000 1
24 17 89 240000 1
3 7 14 30000 1
1 10 6 10000 1
2 3 9 20000 1
20 6 26 74718 0
12 14 48 120000 1
10 18 42 100000 1
11 22 47 110000 1
26 17 99 260000 1
1 5 6 10000 1
28 4 25 79012 0
1 1 3 5757 0
2 2 8 17482 0
235 11 799 2350000 1
206 1 6 16729 0
1 12 6 10000 1
234 6 38 107116 0
7 12 28 70000 1
1 1 4 7676 0
3 14 13 30000 1
3 12 14 30000 1
