1 1.01
5 1.14416475973
4 1.23839009288
1 0.877192982456
6 1.16959064327
2 1.23605263158
5 1.14416475973
6 1.35373684211
6 1.34842105263
3 1.58850877193
7 1.22807017544
7 1.22807017544
2 1.05263157895
3 1.21457489879
4 1.34813765182
4 1.16959064327
4 1.23839009288
6 1.37329639889
3 1.12781954887
6 1.21457489879
3 1.52131578947
8 1.3435483871
3 1.05263157895
6 1.31578947368
5 1.31578947368
2 1.05263157895
1 1.01
4 1.40011695906
6 1.53447368421
7 1.27041742287
5 1.25313283208
7 1.49780701754
3 1.31538011696
6 1.26315789474
6 1.53052631579
1 1.01
7 1.22807017544
7 1.30535714286
7 1.42526315789
2 1.16959064327
2 1.24070175439
6 1.80192982456
1 1.01
5 1.38504155125
4 1.3930994152
1 0.877192982456
1 0.877192982456
6 1.21457489879
3 1.43754385965
6 1.41928229665
4 1.57157894737
2 0.956937799043
5 1.19282296651
5 1.41907120743
7 1.35371345029
6 1.48731578947
5 1.14416475973
4 1.108033241
2 1.05263157895
4 1.35747368421
4 1.108033241
3 1.36907894737
4 1.39394736842
7 1.54894736842
5 1.09649122807
7 1.11642743222
1 1.01
2 1.31096491228
4 1.48407894737
1 0.877192982456
1 0.877192982456
1 0.877192982456
1 0.877192982456
3 1.21457489879
5 1.1961722488
6 1.62726973684
5 1.14416475973
6 1.26315789474
3 0.986842105263
4 1.05263157895
4 1.31578947368
1 1.01
4 1.51454545455
7 1.22807017544
7 1.27041742287
5 1.31578947368
4 1.4849122807
5 1.25313283208
5 1.1961722488
6 1.31578947368
6 1.56968421053
2 1.20789473684
2 1.05263157895
3 1.21457489879
4 1.23839009288
7 1.42192982456
4 1.53957894737
7 1.65355263158
7 1.31578947368
3 1.37855263158
2 1.16959064327
2 0.956937799043
4 1.16959064327
3 1.12781954887
3 1.21457489879
6 1.26315789474
6 1.43540669856
7 1.54221052632
1 0.877192982456
3 1.21457489879
2 1.44368421053
2 1.16959064327
4 1.50719298246
2 1.26046052632
7 1.50972540046
7 1.27041742287
6 1.39909356725
3 1.05263157895
6 1.0889292196
5 1.44128654971
5 1.25313283208
6 1.57535087719
6 1.31578947368
3 1.12781954887
7 1.36724696356
3 1.12781954887
7 1.22807017544
4 1.35328947368
4 1.05263157895
5 1.45090225564
7 1.35113684211
4 1.50666666667
6 1.31578947368
7 1.31578947368
1 0.877192982456
5 1.09649122807
1 0.877192982456
3 1.05263157895
7 1.27041742287
2 1.05263157895
3 1.12781954887
1 1.01
3 1.24074561404
3 1.53140350877
4 1.23839009288
4 1.31578947368
2 1.37723684211
1 0.877192982456
2 1.2751754386
3 1.50921052632
4 1.108033241
5 1.1961722488
2 1.20171052632
6 1.51282296651
3 1.40596491228
5 1.53026315789
6 1.12781954887
7 1.18845500849
2 1.16959064327
4 1.23839009288
1 0.877192982456
1 0.877192982456
6 1.43540669856
5 1.1961722488
7 1.31578947368
5 1.55652631579
4 1.46087719298
5 1.51578947368
6 1.37299771167
6 1.16959064327
3 1.21457489879
2 1.33605263158
4 1.23839009288
4 1.37680161943
5 1.1961722488
1 1.01
5 1.51385964912
4 1.31578947368
1 1.01
4 1.23839009288
5 1.25313283208
5 1.31578947368
9 1.45949874687
1 0.877192982456
1 1.01
1 0.877192982456
1 0.877192982456
1 0.877192982456
1 0.877192982456
1 0.877192982456
1 1.01
228 1.37772675086
89 1.55540350877
35 1.33485888635
74 1.39596302584
1 0.877192982456
13 1.14035087719
3 1.42078947368
10 1.22399020808
1 0.877192982456
57 1.3698630137
201 1.53131578947
1 1.01
22 1.7373798627
3 1.53061403509
1 1.01
1 0.877192982456
141 1.31114004092
1 1.01
127 1.36134633937
183 2.0362406015
5 1.31578947368
155 1.22124172707
1 0.877192982456
1 0.877192982456
1 0.877192982456
1 1.01
1 0.877192982456
1 0.877192982456
1 1.01
1 1.01
1 1.01
15 1.72432748538
1 0.877192982456
1 0.877192982456
1 0.877192982456
2 1.05263157895
1 0.877192982456
14 1.80450877193
9 1.61783625731
1 0.877192982456
80 1.20992135511
1 0.877192982456
1 0.877192982456
1 1.01
38 1.16959064327
13 1.36842105263
41 1.3560371517
1 0.877192982456
1 1.01
54 1.56811145511
2 1.05263157895
24 1.41927853341
3 1.12781954887
1 0.877192982456
2 1.16959064327
20 1.51251012146
12 1.31578947368
10 1.25313283208
11 1.23180291153
26 1.38224348751
1 0.877192982456
28 1.66341052632
1 1.01
2 1.15013157895
235 1.5479876161
206 1.46745614035
1 0.877192982456
234 1.48360110803
7 1.31578947368
1 1.01
3 1.21457489879
3 1.12781954887
