5 1 5 36611 0
6 4 12 60000 1
1 1 2 10000 1
7 1 5 41488 0
4 2 8 40000 1
2 1 4 20000 1
2 1 4 20000 1
4 1 7 40000 1
2 1 4 20000 1
5 3 9 50000 1
4 1 4 29140 0
1 1 2 10000 1
6 1 5 40516 0
2 1 4 20000 1
3 1 6 30000 1
7 1 5 39004 0
1 1 2 10000 1
3 1 6 30000 1
4 1 8 40000 1
7 1 6 52952 0
5 1 7 46667 0
2 1 4 20000 1
7 1 5 44520 0
6 2 10 60000 1
3 1 6 30000 1
5 1 6 44135 0
2 1 4 20000 1
2 1 4 20000 1
1 1 2 10000 1
2 1 4 20000 1
4 1 6 38292 0
6 1 8 57822 0
7 1 11 69725 0
7 1 5 39472 0
4 1 4 31768 0
6 1 5 39480 0
5 2 9 50000 1
2 1 4 20000 1
2 1 4 20000 1
1 1 2 10000 1
4 1 7 38726 0
8 3 14 79858 0
5 1 7 49263 0
2 1 4 20000 1
4 1 4 28646 0
2 1 4 20000 1
4 1 7 40000 1
1 1 2 10000 1
1 1 2 10000 1
5 1 7 46365 0
5 1 6 43023 0
6 3 11 60000 1
8 2 15 80000 1
8 4 16 80000 1
6 2 11 60000 1
1 1 2 10000 1
4 1 8 40000 1
3 1 6 30000 1
7 2 9 62263 0
6 1 5 41786 0
1 1 2 10000 1
1 1 2 10000 1
4 1 5 35739 0
3 1 6 30000 1
3 2 6 30000 1
6 1 5 38178 0
4 1 7 40000 1
6 1 8 54604 0
3 1 5 30000 1
5 1 6 44850 0
4 1 4 29758 0
1 1 2 10000 1
2 1 4 20000 1
6 1 9 58696 0
6 1 4 31459 0
3 1 5 30000 1
7 1 6 45144 0
4 1 5 36656 0
5 2 9 50000 1
4 1 5 34692 0
3 2 6 30000 1
5 1 4 30384 0
5 1 8 50000 1
2 1 4 20000 1
7 1 5 43808 0
3 1 4 26614 0
2 1 4 20000 1
4 1 7 40000 1
1 1 2 10000 1
4 1 4 27039 0
3 1 4 24604 0
8 1 5 38790 0
7 2 12 70000 1
1 1 2 10000 1
2 1 4 20000 1
1 1 2 10000 1
1 1 2 10000 1
3 1 6 30000 1
3 1 6 30000 1
2 1 4 20000 1
3 2 6 30000 1
5 3 9 50000 1
3 1 6 30000 1
4 1 4 27395 0
4 1 7 40000 1
1 1 2 10000 1
3 1 5 30000 1
2 1 4 20000 1
2 1 4 20000 1
7 1 8 66133 0
23 3 14 103990 0
12 1 4 34764 0
16 1 9 84036 0
36 1 6 49306 0
35 4 26 172564 0
21 6 42 210000 1
10 1 8 68028 0
32 2 8 66954 0
22 1 5 42534 0
18 1 5 46040 0
