2 1.11111111111
2 0.952380952381
6 1.14285714286
7 1.37254901961
7 1.33333333333
4 1.15942028986
1 0.952380952381
3 1.25
2 1.11111111111
5 1.14942528736
5 1.28205128205
2 1.11111111111
1 0.952380952381
6 1.42857142857
3 1.05263157895
5 1.28205128205
3 1.11111111111
2 1.11111111111
7 1.33333333333
6 1.29032258065
7 1.2962962963
4 1.26984126984
1 0.952380952381
5 1.75438596491
2 1.11111111111
6 1.37931034483
5 1.33333333333
6 1.37931034483
7 1.22807017544
3 1.11111111111
5 1.19047619048
5 1.14942528736
3 1.33333333333
3 1.05263157895
1 0.952380952381
3 1.17647058824
4 1.26984126984
6 1.25
4 1.48148148148
3 1.17647058824
4 1.15942028986
4 1.06666666667
7 1.45833333333
5 1.14942528736
7 1.16666666667
4 1.11111111111
3 0.952380952381
3 0.952380952381
3 1.25
7 1.50537634409
4 1.48148148148
2 1.11111111111
4 1.40350877193
3 1.17647058824
2 1.21212121212
6 1.29032258065
4 1.15942028986
2 1.21212121212
5 1.0752688172
2 0.952380952381
2 1.11111111111
2 1.11111111111
5 1.14942528736
6 1.48148148148
1 0.952380952381
2 1.11111111111
6 1.53846153846
3 1.11111111111
5 1.38888888889
2 0.952380952381
4 1.33333333333
3 1.25
1 0.952380952381
2 0.952380952381
4 1.33333333333
1 0.952380952381
1 0.952380952381
5 1.33333333333
6 1.66666666667
4 1.06666666667
4 1.56862745098
8 1.33333333333
5 1.23456790123
1 0.952380952381
4 1.26984126984
4 1.26984126984
7 1.19658119658
4 1.21212121212
2 1.02564102564
2 0.952380952381
2 1.02564102564
2 0.952380952381
3 1.11111111111
7 1.50537634409
5 1.51515151515
2 0.952380952381
5 1.28205128205
7 1.37254901961
7 1.13821138211
1 0.952380952381
7 1.45833333333
3 1.17647058824
6 1.37931034483
3 1.11111111111
6 1.08108108108
3 1.11111111111
4 1.11111111111
1 0.952380952381
1 0.952380952381
4 0.987654320988
3 1.11111111111
2 0.952380952381
2 1.02564102564
7 1.26126126126
4 1.06666666667
7 1.45833333333
8 1.52380952381
2 1.11111111111
3 1.11111111111
7 1.45833333333
7 1.16666666667
4 1.33333333333
6 1.33333333333
196 2.05774278215
5 1.38888888889
3 1.0
101 1.86003683241
1 0.952380952381
1 0.952380952381
19 1.62393162393
1 0.952380952381
1 0.952380952381
2 1.02564102564
1 0.952380952381
10 1.48148148148
1 0.952380952381
1 0.952380952381
1 0.952380952381
226 1.51576123407
184 1.7037037037
7 1.19658119658
9 1.36363636364
41 1.32045088567
1 0.952380952381
12 1.40350877193
1 0.952380952381
1 0.952380952381
7 1.55555555556
2 1.21212121212
4 1.15942028986
4 1.21212121212
1 0.952380952381
7 1.55555555556
10 1.51515151515
2 0.952380952381
1 0.952380952381
86 1.57943067034
2 1.02564102564
4 1.26984126984
2 0.952380952381
79 1.54447702835
9 1.33333333333
11 1.70542635659
1 0.952380952381
8 1.30081300813
7 1.33333333333
1 0.952380952381
1 0.952380952381
4 1.11111111111
100 1.33600534402
1 0.952380952381
1 0.952380952381
30 0.990099009901
1 0.952380952381
1 0.952380952381
