1 1 1 10000 1
7 1 7 70000 1
5 1 5 50000 1
2 1 2 20000 1
2 1 2 20000 1
2 1 2 20000 1
7 1 6 66363 0
6 1 6 60000 1
4 2 4 40000 1
4 1 4 40000 1
3 1 3 30000 1
2 1 2 20000 1
1 1 1 10000 1
5 1 5 50000 1
2 1 2 20000 1
6 1 6 60000 1
5 1 5 50000 1
5 1 4 50000 1
1 1 1 10000 1
2 1 2 20000 1
2 1 2 20000 1
6 1 6 60000 1
3 1 3 30000 1
7 2 7 70000 1
1 1 1 10000 1
7 2 7 70000 1
3 1 3 30000 1
4 1 4 40000 1
5 1 5 50000 1
6 1 6 60000 1
1 1 1 10000 1
8 3 8 80000 1
7 1 7 70000 1
7 1 7 70000 1
6 1 6 60000 1
3 1 3 30000 1
3 1 3 30000 1
7 1 7 70000 1
2 1 2 20000 1
5 1 5 50000 1
4 1 4 40000 1
1 1 1 10000 1
1 1 1 10000 1
3 1 3 30000 1
3 1 3 30000 1
1 1 1 10000 1
7 1 7 70000 1
7 1 6 70000 1
6 1 6 60000 1
1 1 1 10000 1
6 3 6 60000 1
6 1 6 60000 1
3 1 3 30000 1
7 1 7 70000 1
2 1 2 20000 1
7 1 5 63954 0
2 1 2 20000 1
1 1 1 10000 1
5 1 5 50000 1
2 1 2 20000 1
7 1 6 68236 0
3 1 3 30000 1
3 1 3 30000 1
7 1 7 70000 1
6 1 6 60000 1
3 1 3 30000 1
2 1 2 20000 1
3 2 3 30000 1
5 1 5 50000 1
4 1 4 40000 1
7 3 7 70000 1
4 1 4 40000 1
3 1 3 30000 1
6 1 5 60000 1
2 1 2 20000 1
1 1 1 10000 1
5 2 5 50000 1
5 1 5 50000 1
1 1 1 10000 1
3 1 3 30000 1
6 1 6 60000 1
2 1 2 20000 1
4 1 4 40000 1
1 1 1 10000 1
1 1 1 10000 1
7 1 7 70000 1
5 1 5 50000 1
3 1 3 30000 1
1 1 1 10000 1
4 1 4 40000 1
5 1 5 50000 1
2 1 2 20000 1
4 1 4 40000 1
4 1 4 40000 1
1 1 1 10000 1
3 1 3 30000 1
5 1 5 50000 1
2 1 2 20000 1
3 1 3 30000 1
5 1 5 50000 1
3 1 3 30000 1
3 1 3 30000 1
3 1 3 30000 1
3 1 3 30000 1
2 1 2 20000 1
2 1 2 20000 1
1 1 1 10000 1
29 1 11 207129 0
15 1 9 135691 0
31 2 12 136184 0
22 1 6 88350 0
10 1 9 99354 0
