6 1.24223602484
7 2.4075
5 1.91333333333
1 0.952380952381
1 1.00619047619
6 1.42857142857
3 0.952380952381
6 1.42857142857
4 1.26984126984
5 1.86391534392
3 1.19047619048
5 1.40056022409
7 1.33333333333
5 1.08225108225
3 1.88214285714
5 1.91031746032
6 1.5037593985
8 2.33035714286
4 1.36054421769
1 0.952380952381
5 1.32275132275
3 1.02040816327
7 1.38888888889
4 2.04961904762
2 0.952380952381
6 2.04081632653
5 1.08225108225
4 1.36054421769
3 1.2987012987
2 1.3720952381
2 1.37126984127
2 0.952380952381
2 0.952380952381
2 1.39650793651
2 1.4355952381
3 0.952380952381
6 1.14285714286
6 1.24223602484
3 1.8253968254
1 0.952380952381
3 1.02040816327
1 0.952380952381
5 1.19047619048
3 0.952380952381
3 0.952380952381
6 1.5037593985
6 1.24223602484
6 1.42857142857
8 1.41093474427
6 1.24223602484
5 2.4026984127
4 1.89746031746
2 1.36054421769
3 1.0989010989
3 1.19047619048
5 1.19047619048
3 1.02040816327
1 0.952380952381
6 1.0582010582
3 1.42857142857
3 1.9319047619
1 0.952380952381
3 1.77204081633
3 1.19047619048
6 2.0805952381
1 1.00619047619
3 1.8244047619
4 2.10605442177
6 1.0989010989
3 1.2987012987
2 1.0582010582
5 1.40056022409
5 1.5873015873
7 1.5873015873
4 1.7316017316
7 1.04166666667
3 1.02040816327
4 1.93428571429
7 1.28205128205
6 1.68067226891
5 1.4880952381
3 1.95833333333
6 1.36054421769
2 1.19047619048
1 1.00619047619
2 0.952380952381
6 1.42857142857
6 2.42547619048
3 1.02040816327
1 1.00619047619
7 2.12683673469
3 1.19047619048
7 1.51515151515
6 1.19047619048
5 2.40081632653
2 1.3519047619
4 1.36054421769
3 1.19047619048
7 1.23456790123
1 0.952380952381
7 1.8818452381
1 0.952380952381
7 2.03214285714
4 1.4652014652
4 1.00250626566
3 1.42857142857
6 1.36054421769
7 1.44927536232
5 2.07444444444
3 1.72666666667
4 1.86904761905
5 1.4880952381
5 2.26158730159
7 1.72137566138
5 1.40056022409
5 1.25313283208
1 1.00619047619
4 1.86222222222
5 1.70068027211
1 0.952380952381
7 2.29571428571
2 1.3519047619
1 0.952380952381
3 1.42857142857
6 1.19047619048
2 0.952380952381
7 1.5873015873
4 1.19047619048
5 2.08396825397
7 1.44927536232
5 1.40056022409
5 1.25313283208
7 1.14942528736
7 1.51515151515
5 1.19047619048
5 2.14476190476
3 1.19047619048
7 1.0752688172
7 1.19047619048
6 1.5873015873
5 1.32275132275
3 1.74746031746
2 0.952380952381
6 1.5037593985
6 1.2987012987
6 1.36054421769
3 1.02040816327
1 0.952380952381
4 1.0582010582
8 1.81454761905
7 1.0752688172
5 1.40056022409
1 0.952380952381
1 0.952380952381
7 1.38888888889
3 1.0989010989
5 2.19504761905
7 1.66666666667
2 1.0582010582
5 1.25313283208
6 1.5037593985
2 1.19047619048
1 0.952380952381
4 1.26984126984
4 1.26984126984
2 0.952380952381
7 1.44927536232
7 2.03079365079
6 1.42857142857
7 2.45005952381
2 1.0582010582
2 0.952380952381
5 1.25313283208
3 1.0989010989
4 1.36054421769
5 1.70068027211
3 1.19047619048
3 1.69761904762
7 1.66666666667
7 1.38888888889
2 1.56961904762
2 0.952380952381
2 1.39333333333
1 1.00619047619
47 1.33927248677
1 0.952380952381
20 1.23685837972
4 2.22462585034
1 1.00619047619
1 0.952380952381
1 0.952380952381
1 0.952380952381
1 0.952380952381
1 0.952380952381
1 1.00619047619
11 1.80426929392
141 1.69981916817
1 0.952380952381
208 1.78118165785
2 0.952380952381
6 1.71638095238
28 1.0101010101
199 0.952380952381
133 1.1432009627
1 0.952380952381
2 0.952380952381
3 1.2987012987
66 1.71740827479
1 1.00619047619
1 1.00619047619
1 0.952380952381
11 2.09523809524
63 1.14068441065
1 0.952380952381
1 1.00619047619
1 0.952380952381
1 0.952380952381
1 0.952380952381
10 2.57448412698
1 0.952380952381
17 1.72239108409
88 1.41093474427
1 0.952380952381
9 1.5873015873
1 0.952380952381
5 1.70068027211
2 0.952380952381
2 1.35285714286
10 1.19047619048
24 3.33619047619
1 1.00619047619
1 1.00619047619
2 1.39650793651
92 1.91307964234
1 0.952380952381
11 1.3431013431
113 1.06553512494
1 0.952380952381
13 1.40692640693
42 2.05349206349
3 1.19047619048
1 0.952380952381
1 0.952380952381
59 1.32907936508
6 1.36054421769
3 1.02040816327
1 0.952380952381
6 1.90476190476
1 0.952380952381
1 0.952380952381
48 1.13717128643
1 1.00619047619
161 1.91666666667
13 1.6290726817
1 0.952380952381
2 0.952380952381
196 1.91649555099
167 2.68702791461
135 1.24584717608
13 2.01005102041
47 2.22835978836
1 0.952380952381
17 1.96198606272
