3 1 7 30000 1
2 1 3 11691 0
4 3 10 40000 1
6 17 24 60000 1
5 3 11 50000 1
1 1 4 10000 1
7 3 12 70000 1
6 5 15 60000 1
7 10 22 70000 1
1 1 4 10000 1
2 1 5 18923 0
7 14 26 70000 1
2 2 6 20000 1
1 1 3 8142 0
1 3 4 10000 1
8 7 17 80000 1
5 9 15 50000 1
2 5 8 20000 1
2 1 6 20000 1
6 3 14 60000 1
3 1 4 21281 0
3 1 5 26440 0
1 1 4 10000 1
7 1 4 31654 0
5 12 14 50000 1
7 14 23 70000 1
3 2 7 30000 1
4 2 8 40000 1
1 1 4 10000 1
5 8 15 50000 1
3 1 6 30000 1
6 2 8 49560 0
8 12 28 80000 1
1 2 4 10000 1
6 2 12 60000 1
3 7 11 30000 1
2 1 4 15893 0
2 2 7 20000 1
4 4 10 40000 1
6 2 8 47029 0
2 5 8 20000 1
6 4 14 60000 1
4 9 14 40000 1
8 6 17 80000 1
3 2 7 30000 1
1 2 4 10000 1
6 6 16 60000 1
7 2 12 67378 0
3 3 8 30000 1
2 1 6 20000 1
5 12 17 50000 1
7 5 16 70000 1
5 6 12 50000 1
4 11 13 40000 1
2 1 4 16022 0
2 1 6 20000 1
4 7 12 40000 1
7 6 17 70000 1
6 1 4 30342 0
4 2 8 40000 1
7 12 22 70000 1
4 11 15 40000 1
1 3 4 10000 1
7 2 10 65239 0
2 4 8 20000 1
5 12 17 50000 1
6 7 16 60000 1
3 6 10 30000 1
4 3 10 40000 1
6 2 8 49126 0
8 10 24 80000 1
6 4 14 60000 1
6 17 24 60000 1
3 3 8 30000 1
5 1 5 33637 0
6 10 18 60000 1
2 3 7 20000 1
4 1 4 23391 0
2 2 7 20000 1
1 3 4 10000 1
1 1 4 10000 1
5 14 17 50000 1
8 6 19 80000 1
6 10 18 60000 1
1 3 4 10000 1
5 1 4 27003 0
7 9 17 70000 1
2 4 8 20000 1
5 5 11 50000 1
7 6 17 70000 1
3 7 11 30000 1
7 7 19 70000 1
2 2 7 20000 1
3 7 9 30000 1
7 8 15 70000 1
5 2 10 50000 1
7 2 7 43864 0
2 1 4 15948 0
2 1 4 16182 0
7 7 18 70000 1
1 1 4 10000 1
3 1 5 26256 0
1 1 4 10000 1
1 1 4 10000 1
4 10 14 40000 1
7 4 15 70000 1
5 7 12 50000 1
4 3 10 40000 1
2 1 5 19049 0
7 1 4 29242 0
3 8 12 30000 1
2 3 7 20000 1
5 1 3 18529 0
2 1 6 20000 1
7 5 15 70000 1
2 2 7 20000 1
7 1 6 44520 0
2 1 6 20000 1
4 8 13 40000 1
7 1 4 28751 0
7 11 21 70000 1
5 7 13 50000 1
7 12 24 70000 1
5 4 12 50000 1
5 3 11 50000 1
5 12 17 50000 1
8 1 4 27485 0
5 1 4 25613 0
3 2 7 30000 1
7 2 12 69687 0
4 9 13 40000 1
6 7 16 60000 1
1 1 4 10000 1
3 8 12 30000 1
7 2 13 70000 1
5 13 18 50000 1
2 1 4 16013 0
3 6 9 30000 1
3 1 5 25992 0
6 1 9 56889 0
4 2 9 40000 1
7 1 6 45527 0
6 7 15 60000 1
2 1 6 20000 1
5 7 14 50000 1
7 10 19 70000 1
5 7 14 50000 1
2 2 7 20000 1
4 7 12 40000 1
6 9 19 60000 1
4 7 12 40000 1
1 1 4 10000 1
5 8 13 50000 1
1 4 4 10000 1
6 5 15 60000 1
1 3 4 10000 1
7 2 10 66734 0
4 1 4 23286 0
2 1 4 15986 0
4 9 14 40000 1
2 2 7 20000 1
2 2 7 20000 1
3 1 4 21582 0
1 2 4 10000 1
4 2 8 40000 1
7 10 22 70000 1
1 2 4 10000 1
6 2 12 60000 1
5 7 13 50000 1
6 5 15 60000 1
2 3 7 20000 1
8 4 16 80000 1
3 7 11 30000 1
3 6 10 30000 1
7 10 22 70000 1
4 11 13 40000 1
8 4 16 80000 1
5 13 18 50000 1
5 2 8 46188 0
4 8 13 40000 1
4 7 12 40000 1
2 3 7 20000 1
1 1 4 10000 1
1 2 4 10000 1
3 1 5 26559 0
1 2 4 10000 1
20 7 35 194497 0
1 1 4 10000 1
57 8 103 570000 1
4 2 8 40000 1
1 3 4 10000 1
10 8 25 100000 1
1 1 4 10000 1
4 4 10 40000 1
5 14 19 50000 1
23 4 16 118535 0
1 1 4 10000 1
143 34 572 1430000 1
64 16 181 640000 1
1 2 4 10000 1
55 25 216 550000 1
1 1 4 10000 1
2 2 6 20000 1
53 21 184 530000 1
1 1 4 10000 1
4 4 10 40000 1
2 2 6 20000 1
16 16 56 160000 1
52 25 208 520000 1
1 3 4 10000 1
1 1 4 10000 1
46 5 19 131708 0
1 1 4 10000 1
217 5 20 123979 0
5 11 16 50000 1
3 3 8 30000 1
11 7 22 110000 1
4 10 14 40000 1
1 1 4 10000 1
1 1 4 10000 1
5 1 5 32984 0
1 1 4 10000 1
67 24 224 670000 1
108 1 4 31406 0
12 6 24 120000 1
2 5 7 20000 1
1 1 4 10000 1
1 3 4 10000 1
1 1 4 10000 1
1 3 4 10000 1
1 1 4 10000 1
1 3 4 10000 1
3 4 9 30000 1
1 1 4 10000 1
1 1 4 10000 1
2 1 4 15923 0
1 1 4 10000 1
1 2 4 10000 1
3 1 5 26283 0
164 6 217 1640000 1
2 3 7 20000 1
1 1 3 8142 0
1 2 4 10000 1
82 33 274 820000 1
10 13 31 100000 1
83 28 332 830000 1
1 2 4 10000 1
18 4 20 134500 0
1 1 4 10000 1
1 1 3 8142 0
1 1 4 10000 1
232 1 4 33721 0
2 2 7 20000 1
73 2 10 76840 0
1 3 4 10000 1
17 16 60 170000 1
73 9 148 730000 1
85 21 221 850000 1
20 1 9 92775 0
7 8 20 70000 1
1 2 4 10000 1
1 3 4 10000 1
1 1 4 10000 1
