1 3.7037037037
1 3.7037037037
3 3.7037037037
2 3.7037037037
3 3.7037037037
2 3.7037037037
1 3.7037037037
7 5.18518518519
8 4.93827160494
3 3.7037037037
5 4.62962962963
7 5.18518518519
6 5.55555555556
7 5.18518518519
8 5.92592592593
1 3.7037037037
4 4.93827160494
1 3.7037037037
1 3.7037037037
4 4.93827160494
6 4.44444444444
5 4.62962962963
8 4.2328042328
6 5.55555555556
3 3.7037037037
6 4.44444444444
2 3.7037037037
2 3.7037037037
3 3.7037037037
7 3.7037037037
5 4.62962962963
7 5.18518518519
1 3.7037037037
1 3.7037037037
6 4.44444444444
7 5.18518518519
1 3.7037037037
7 5.18518518519
2 3.7037037037
5 4.62962962963
5 4.62962962963
6 5.55555555556
7 5.18518518519
7 5.18518518519
8 4.93827160494
6 3.7037037037
3 3.7037037037
2 3.7037037037
6 3.7037037037
7 5.18518518519
6 5.55555555556
7 5.18518518519
3 3.7037037037
6 5.55555555556
3 3.7037037037
2 3.7037037037
4 4.93827160494
6 3.7037037037
2 3.7037037037
7 5.18518518519
5 4.62962962963
4 4.93827160494
4 4.93827160494
6 5.55555555556
1 3.7037037037
6 5.55555555556
3 3.7037037037
4 4.93827160494
7 5.18518518519
6 5.55555555556
6 5.55555555556
4 4.93827160494
8 4.93827160494
5 3.7037037037
2 3.7037037037
5 4.62962962963
6 5.55555555556
7 5.18518518519
3 3.7037037037
5 4.62962962963
4 4.93827160494
3 3.7037037037
5 4.62962962963
4 4.93827160494
2 3.7037037037
6 5.55555555556
2 3.7037037037
2 3.7037037037
6 5.55555555556
4 4.93827160494
6 5.55555555556
6 3.7037037037
7 5.18518518519
2 3.7037037037
4 4.93827160494
2 3.7037037037
5 3.7037037037
5 4.62962962963
3 3.7037037037
5 3.7037037037
5 4.62962962963
7 5.18518518519
2 3.7037037037
7 3.7037037037
7 5.18518518519
2 3.7037037037
2 3.7037037037
3 3.7037037037
8 4.93827160494
2 3.7037037037
6 5.55555555556
6 5.55555555556
17 5.72390572391
35 7.1167037037
34 7.10866666667
30 4.44444444444
20 6.70611111111
9 5.55555555556
8 4.93827160494
21 7.00842592593
35 7.74102880658
