1 10 10 10000 1
7 22 70 70000 1
1 1 4 4000 0
7 9 60 60000 0
4 14 40 40000 1
6 3 12 12000 0
4 12 40 40000 1
7 9 58 58000 0
3 2 18 18000 0
5 1 5 5000 0
2 5 19 19000 0
7 32 70 70000 1
1 8 10 10000 1
4 19 40 40000 1
4 7 38 38000 0
3 19 30 30000 1
3 1 4 4000 0
5 3 21 21000 0
7 18 70 70000 1
7 11 70 70000 1
6 6 35 35000 0
8 27 80 80000 1
2 22 20 20000 1
7 1 5 5000 0
7 17 70 70000 1
4 34 40 40000 1
4 7 40 40000 1
7 23 70 70000 1
4 16 40 40000 1
2 5 20 20000 1
5 27 50 50000 1
5 11 50 50000 1
7 4 32 32000 0
3 22 30 30000 1
6 10 60 60000 1
1 8 10 10000 1
4 1 5 5000 0
3 24 30 30000 1
7 10 63 63000 0
6 21 60 60000 1
6 12 60 60000 1
2 15 20 20000 1
3 12 30 30000 1
4 12 40 40000 1
4 16 40 40000 1
7 14 70 70000 1
6 22 60 60000 1
5 7 31 31000 0
4 18 40 40000 1
4 14 40 40000 1
2 27 20 20000 1
3 1 6 6000 0
2 21 20 20000 1
2 6 20 20000 1
5 20 50 50000 1
2 17 20 20000 1
3 4 29 29000 0
2 8 20 20000 1
2 12 20 20000 1
1 1 6 6000 0
7 1 5 5000 0
2 4 20 20000 1
4 1 5 5000 0
5 26 50 50000 1
8 28 80 80000 1
2 12 20 20000 1
2 23 20 20000 1
6 1 3 3000 0
5 20 50 50000 1
6 26 60 60000 1
4 36 40 40000 1
2 1 9 9000 0
7 37 70 70000 1
3 1 4 4000 0
5 10 50 50000 1
2 1 5 5000 0
2 8 20 20000 1
7 8 52 52000 0
1 4 10 10000 1
2 6 20 20000 1
5 15 50 50000 1
4 17 40 40000 1
2 5 20 20000 1
1 1 7 7000 0
8 1 4 4000 0
6 13 50 50000 0
6 3 27 27000 0
3 2 11 11000 0
5 18 50 50000 1
1 1 6 6000 0
5 5 28 28000 0
1 2 10 10000 1
7 25 70 70000 1
7 11 57 57000 0
7 6 38 38000 0
4 15 40 40000 1
8 4 27 27000 0
6 14 60 60000 1
7 15 70 70000 1
2 19 20 20000 1
1 5 10 10000 1
4 4 31 31000 0
3 5 24 24000 0
3 10 30 30000 1
8 9 48 48000 0
4 8 33 33000 0
2 16 20 20000 1
1 10 10 10000 1
4 18 40 40000 1
1 13 10 10000 1
4 1 4 4000 0
2 8 20 20000 1
3 25 30 30000 1
5 3 11 11000 0
8 35 80 80000 1
7 9 36 36000 0
2 14 20 20000 1
3 5 20 20000 0
5 1 5 5000 0
3 27 30 30000 1
4 1 5 5000 0
2 2 16 16000 0
1 4 10 10000 1
4 18 40 40000 1
5 10 50 50000 1
3 18 30 30000 1
5 22 50 50000 1
4 13 40 40000 1
5 23 50 50000 1
4 9 40 40000 1
6 7 60 60000 1
4 1 5 5000 0
6 15 60 60000 1
2 4 20 20000 1
2 1 5 5000 0
7 2 8 8000 0
2 1 7 7000 0
1 12 10 10000 1
3 25 30 30000 1
6 1 5 5000 0
2 8 20 20000 1
3 24 30 30000 1
5 1 8 8000 0
3 2 10 10000 0
8 14 80 80000 1
2 22 20 20000 1
3 15 30 30000 1
3 1 4 4000 0
6 8 39 39000 0
7 1 5 5000 0
2 18 20 20000 1
5 2 8 8000 0
4 3 27 27000 0
2 12 20 20000 1
6 5 44 44000 0
3 1 5 5000 0
5 1 5 5000 0
7 18 70 70000 1
5 15 50 50000 1
1 11 10 10000 1
2 16 20 20000 1
2 13 20 20000 1
7 7 30 30000 0
5 30 50 50000 1
1 11 10 10000 1
1 2 8 8000 0
2 5 20 20000 1
3 20 30 30000 1
7 2 14 14000 0
8 14 73 73000 0
6 31 60 60000 1
5 6 32 32000 0
2 12 20 20000 1
2 21 20 20000 1
6 1 4 4000 0
4 15 40 40000 1
6 5 37 37000 0
5 15 50 50000 1
7 1 8 8000 0
6 4 20 20000 0
5 26 50 50000 1
2 9 20 20000 1
8 10 46 46000 0
88 12 68 68000 0
10 13 57 57000 0
2 1 7 7000 0
1 9 10 10000 1
1 11 10 10000 1
97 8 61 61000 0
1 1 4 4000 0
19 1 5 5000 0
158 9 58 58000 0
1 1 5 5000 0
172 3 15 15000 0
27 27 270 270000 1
169 33 1690 1690000 1
13 20 130 130000 1
3 1 7 7000 0
1 10 10 10000 1
77 4 17 17000 0
1 4 10 10000 1
36 18 224 224000 0
13 26 130 130000 1
27 25 270 270000 1
214 24 181 181000 0
1 1 6 6000 0
1 3 10 10000 1
7 18 70 70000 1
8 7 28 28000 0
7 22 70 70000 1
1 14 10 10000 1
115 19 243 243000 0
1 8 10 10000 1
10 39 100 100000 1
17 25 170 170000 1
1 12 10 10000 1
7 2 13 13000 0
1 1 6 6000 0
4 1 5 5000 0
3 25 30 30000 1
102 1 5 5000 0
1 12 10 10000 1
1 8 10 10000 1
33 3 24 24000 0
8 3 15 15000 0
64 14 138 138000 0
93 20 148 148000 0
1 10 10 10000 1
60 22 174 174000 0
1 1 5 5000 0
1 2 10 10000 1
1 4 10 10000 1
1 2 8 8000 0
39 18 133 133000 0
4 1 5 5000 0
28 16 216 216000 0
132 25 843 843000 0
82 30 820 820000 1
40 16 98 98000 0
1 10 10 10000 1
21 19 181 181000 0
1 12 10 10000 1
80 17 87 87000 0
1 2 9 9000 0
1 8 10 10000 1
1 4 10 10000 1
5 33 50 50000 1
4 35 40 40000 1
87 1 7 7000 0
1 4 10 10000 1
37 3 18 18000 0
1 8 10 10000 1
1 3 10 10000 1
22 2 8 8000 0
1 5 10 10000 1
10 22 100 100000 1
15 1 7 7000 0
234 18 121 121000 0
59 26 236 236000 0
1 3 10 10000 1
1 10 10 10000 1
1 1 3 3000 0
10 29 100 100000 1
