1 1.0
7 1.0
1 1.0
7 1.0
4 1.0
6 1.0
4 1.0
7 1.0
3 1.0
5 1.0
2 1.0
7 1.0
1 1.0
4 1.0
4 1.0
3 1.0
3 1.0
5 1.0
7 1.0
7 1.0
6 1.0
8 1.0
2 1.0
7 1.0
7 1.0
4 1.0
4 1.0
7 1.0
4 1.0
2 1.0
5 1.0
5 1.0
7 1.0
3 1.0
6 1.0
1 1.0
4 1.0
3 1.0
7 1.0
6 1.0
6 1.0
2 1.0
3 1.0
4 1.0
4 1.0
7 1.0
6 1.0
5 1.0
4 1.0
4 1.0
2 1.0
3 1.0
2 1.0
2 1.0
5 1.0
2 1.0
3 1.0
2 1.0
2 1.0
1 1.0
7 1.0
2 1.0
4 1.0
5 1.0
8 1.0
2 1.0
2 1.0
6 1.0
5 1.0
6 1.0
4 1.0
2 1.0
7 1.0
3 1.0
5 1.0
2 1.0
2 1.0
7 1.0
1 1.0
2 1.0
5 1.0
4 1.0
2 1.0
1 1.0
8 1.0
6 1.0
6 1.0
3 1.0
5 1.0
1 1.0
5 1.0
1 1.0
7 1.0
7 1.0
7 1.0
4 1.0
8 1.0
6 1.0
7 1.0
2 1.0
1 1.0
4 1.0
3 1.0
3 1.0
8 1.0
4 1.0
2 1.0
1 1.0
4 1.0
1 1.0
4 1.0
2 1.0
3 1.0
5 1.0
8 1.0
7 1.0
2 1.0
3 1.0
5 1.0
3 1.0
4 1.0
2 1.0
1 1.0
4 1.0
5 1.0
3 1.0
5 1.0
4 1.0
5 1.0
4 1.0
6 1.0
4 1.0
6 1.0
2 1.0
2 1.0
7 1.0
2 1.0
1 1.0
3 1.0
6 1.0
2 1.0
3 1.0
5 1.0
3 1.0
8 1.0
2 1.0
3 1.0
3 1.0
6 1.0
7 1.0
2 1.0
5 1.0
4 1.0
2 1.0
6 1.0
3 1.0
5 1.0
7 1.0
5 1.0
1 1.0
2 1.0
2 1.0
7 1.0
5 1.0
1 1.0
1 1.0
2 1.0
3 1.0
7 1.0
8 1.0
6 1.0
5 1.0
2 1.0
2 1.0
6 1.0
4 1.0
6 1.0
5 1.0
7 1.0
6 1.0
5 1.0
2 1.0
8 1.0
88 1.0
10 1.0
2 1.0
1 1.0
1 1.0
97 1.0
1 1.0
19 1.0
158 1.0
1 1.0
172 1.0
27 1.0
169 1.0
13 1.0
3 1.0
1 1.0
77 1.0
1 1.0
36 1.0
13 1.0
27 1.0
214 1.0
1 1.0
1 1.0
7 1.0
8 1.0
7 1.0
1 1.0
115 1.0
1 1.0
10 1.0
17 1.0
1 1.0
7 1.0
1 1.0
4 1.0
3 1.0
102 1.0
1 1.0
1 1.0
33 1.0
8 1.0
64 1.0
93 1.0
1 1.0
60 1.0
1 1.0
1 1.0
1 1.0
1 1.0
39 1.0
4 1.0
28 1.0
132 1.0
82 1.0
40 1.0
1 1.0
21 1.0
1 1.0
80 1.0
1 1.0
1 1.0
1 1.0
5 1.0
4 1.0
87 1.0
1 1.0
37 1.0
1 1.0
1 1.0
22 1.0
1 1.0
10 1.0
15 1.0
234 1.0
59 1.0
1 1.0
1 1.0
1 1.0
10 1.0
