3 2 21 30000 1
4 15 28 40000 1
5 1 5 7500 0
2 2 14 20000 1
3 2 15 22500 0
5 13 35 50000 1
4 9 28 40000 1
1 5 7 10000 1
4 2 18 26000 0
5 7 35 50000 1
6 1 6 9000 0
6 2 14 21000 0
2 4 14 20000 1
7 7 49 70000 1
5 1 6 9000 0
6 17 42 60000 1
2 8 14 20000 1
3 5 21 30000 1
1 1 6 9000 0
1 3 7 10000 1
6 19 42 60000 1
4 14 28 40000 1
3 8 21 30000 1
7 10 49 70000 1
7 18 49 70000 1
3 1 6 9000 0
6 4 28 42000 0
6 19 42 60000 1
6 6 35 52000 0
4 7 28 40000 1
5 10 35 50000 1
6 7 42 60000 1
7 24 49 70000 1
4 2 10 15000 0
3 7 21 30000 1
7 1 7 10500 0
2 4 14 20000 1
6 5 42 60000 1
3 16 21 30000 1
5 5 35 50000 1
7 9 49 70000 1
4 10 28 40000 1
2 1 6 9000 0
6 12 42 60000 1
5 8 35 50000 1
2 3 14 20000 1
4 3 15 22500 0
7 19 49 70000 1
7 20 49 70000 1
6 8 42 60000 1
7 1 7 10500 0
7 3 27 40000 0
5 5 35 50000 1
7 1 8 12000 0
3 3 17 25000 0
6 8 42 60000 1
6 1 5 7500 0
4 13 28 40000 1
4 5 28 40000 1
7 1 6 9000 0
5 6 35 50000 1
2 4 14 20000 1
3 6 21 30000 1
5 14 35 50000 1
7 6 49 70000 1
6 17 42 60000 1
7 4 35 52500 0
5 19 35 50000 1
2 10 14 20000 1
5 7 35 50000 1
7 18 49 70000 1
2 2 12 17500 0
6 20 42 60000 1
5 1 5 7500 0
1 2 7 10000 1
5 1 10 15000 0
5 15 35 50000 1
6 6 29 43000 0
7 18 49 70000 1
2 1 6 9000 0
2 6 14 20000 1
4 12 28 40000 1
3 2 16 24000 0
6 5 42 60000 1
5 1 6 9000 0
4 2 8 12000 0
5 1 6 9000 0
5 7 35 50000 1
4 18 28 40000 1
3 10 21 30000 1
5 2 15 22500 0
2 1 6 9000 0
6 1 9 13000 0
4 21 28 40000 1
7 14 49 70000 1
3 16 21 30000 1
2 1 9 13000 0
1 6 7 10000 1
4 21 28 40000 1
2 1 6 9000 0
2 5 14 20000 1
8 28 56 80000 1
3 16 21 30000 1
1 2 7 10000 1
2 1 10 14500 0
3 8 21 30000 1
7 16 49 70000 1
7 23 49 70000 1
7 1 6 9000 0
3 3 21 30000 1
7 1 9 13500 0
7 1 6 9000 0
3 3 17 24500 0
2 8 14 20000 1
6 1 5 7500 0
3 2 20 29000 0
7 13 49 70000 1
4 1 5 7500 0
1 1 5 7500 0
5 1 7 10500 0
5 1 5 7500 0
3 5 21 30000 1
7 4 20 30000 0
7 1 4 6000 0
4 5 26 38000 0
5 1 5 7500 0
3 8 21 30000 1
3 11 21 30000 1
3 1 7 10500 0
6 1 11 16500 0
3 2 12 18000 0
7 5 29 43500 0
1 2 7 10000 1
2 1 6 9000 0
7 1 7 10500 0
3 3 21 30000 1
3 7 21 30000 1
7 1 6 9000 0
4 1 10 15000 0
4 4 28 40000 1
6 13 42 60000 1
7 7 49 70000 1
1 1 7 10000 1
2 1 9 13000 0
3 4 21 30000 1
6 8 42 60000 1
6 15 42 60000 1
3 10 21 30000 1
3 12 21 30000 1
7 15 49 70000 1
3 1 6 9000 0
5 1 5 7500 0
3 3 18 27000 0
7 25 49 70000 1
1 5 7 10000 1
3 2 21 30000 1
1 1 7 10000 1
7 12 49 70000 1
4 13 28 40000 1
5 8 35 50000 1
5 6 35 50000 1
3 2 13 19000 0
4 8 28 40000 1
1 6 7 10000 1
6 2 11 16500 0
3 7 21 30000 1
4 14 28 40000 1
6 4 40 58000 0
2 8 14 20000 1
3 12 21 30000 1
6 18 42 60000 1
5 20 35 50000 1
8 15 56 80000 1
4 3 17 25500 0
5 13 35 50000 1
1 1 6 9000 0
6 7 36 52000 0
2 4 14 20000 1
3 3 14 21000 0
4 12 28 40000 1
4 8 28 40000 1
5 1 9 13000 0
210 5 55 82000 0
1 2 7 10000 1
35 1 5 7500 0
2 6 14 20000 1
1 5 7 10000 1
12 1 6 9000 0
1 1 4 6000 0
2 5 14 20000 1
1 3 7 10000 1
1 2 7 10000 1
4 15 28 40000 1
4 18 28 40000 1
1 1 5 7500 0
67 28 469 670000 1
4 10 28 40000 1
1 1 7 10000 1
1 6 7 10000 1
15 2 14 21000 0
1 7 7 10000 1
228 31 1596 2280000 1
190 27 1330 1900000 1
1 1 6 9000 0
11 1 6 9000 0
62 11 60 88500 0
2 1 9 13000 0
11 10 77 110000 1
1 2 6 9000 0
1 4 7 10000 1
1 1 7 10000 1
4 14 28 40000 1
1 2 7 10000 1
4 11 28 40000 1
1 5 7 10000 1
2 1 6 9000 0
1 3 7 10000 1
5 20 35 50000 1
1 1 5 7500 0
1 7 7 10000 1
5 1 8 12000 0
1 3 7 10000 1
4 7 28 40000 1
2 5 14 20000 1
1 1 7 10000 1
1 1 5 7500 0
5 2 15 22500 0
12 6 35 52000 0
12 12 84 120000 1
27 39 189 270000 1
7 14 49 70000 1
141 7 59 88000 0
11 13 77 110000 1
1 3 7 10000 1
42 4 38 56500 0
3 4 21 30000 1
5 15 35 50000 1
2 3 14 20000 1
9 16 63 90000 1
106 14 107 155500 0
1 1 5 7500 0
29 19 203 290000 1
1 1 7 10000 1
12 25 84 120000 1
2 4 14 20000 1
1 1 5 7500 0
1 4 7 10000 1
1 2 7 10000 1
1 5 7 10000 1
1 7 7 10000 1
7 1 6 9000 0
60 10 70 102500 0
50 28 350 500000 1
1 3 7 10000 1
18 6 50 74500 0
15 5 55 82500 0
1 1 6 9000 0
118 23 826 1180000 1
2 9 14 20000 1
42 31 294 420000 1
1 1 6 9000 0
109 1 5 7500 0
113 19 562 813500 0
