6 6.66666666667
5 6.66666666667
1 6.66666666667
5 6.66666666667
4 6.66666666667
4 6.66666666667
5 6.66666666667
4 6.66666666667
7 6.66666666667
6 6.66666666667
1 6.66666666667
5 6.66666666667
6 6.66666666667
1 6.66666666667
5 6.66666666667
3 6.66666666667
3 6.66666666667
3 6.66666666667
7 6.66666666667
6 6.66666666667
6 6.66666666667
4 6.66666666667
3 6.66666666667
4 6.66666666667
7 6.66666666667
6 6.66666666667
5 6.66666666667
3 6.66666666667
1 6.66666666667
4 6.66666666667
1 6.66666666667
3 6.66666666667
3 6.66666666667
2 6.66666666667
6 6.66666666667
5 6.66666666667
6 6.66666666667
6 6.66666666667
2 6.66666666667
4 6.66666666667
2 6.66666666667
5 6.66666666667
7 6.66666666667
4 6.66666666667
6 6.66666666667
5 6.66666666667
5 6.66666666667
1 6.66666666667
6 6.66666666667
2 6.66666666667
2 6.66666666667
2 6.66666666667
6 6.66666666667
5 6.66666666667
5 6.66666666667
1 6.66666666667
3 6.66666666667
6 6.66666666667
4 6.66666666667
4 6.66666666667
4 6.66666666667
4 6.66666666667
8 6.66666666667
7 6.66666666667
2 6.66666666667
7 6.66666666667
3 6.66666666667
7 6.66666666667
4 6.66666666667
2 6.66666666667
2 6.66666666667
6 6.66666666667
2 6.66666666667
6 6.66666666667
6 6.66666666667
1 6.66666666667
4 6.66666666667
3 6.66666666667
7 6.66666666667
5 6.66666666667
5 6.66666666667
2 6.66666666667
3 6.66666666667
6 6.66666666667
7 6.66666666667
7 6.66666666667
3 6.66666666667
1 6.66666666667
3 6.66666666667
3 6.66666666667
5 6.66666666667
2 6.66666666667
2 6.66666666667
4 6.66666666667
3 6.66666666667
7 6.66666666667
6 6.66666666667
3 6.66666666667
3 6.66666666667
6 6.66666666667
3 6.66666666667
1 6.66666666667
6 6.66666666667
6 6.66666666667
6 6.66666666667
1 6.66666666667
6 6.66666666667
7 6.66666666667
7 6.66666666667
7 6.66666666667
3 6.66666666667
13 6.66666666667
14 6.66666666667
20 6.66666666667
26 6.66666666667
13 6.66666666667
28 6.66666666667
