3 1 3 30000 1
6 1 6 60000 1
7 1 7 70000 1
1 1 1 10000 1
2 1 2 20000 1
1 1 1 10000 1
3 1 3 30000 1
1 1 1 10000 1
3 1 3 30000 1
7 1 7 70000 1
7 1 7 70000 1
7 1 7 70000 1
7 1 7 70000 1
5 2 5 50000 1
2 1 2 20000 1
7 1 7 70000 1
4 1 4 40000 1
1 1 1 10000 1
4 1 4 40000 1
6 1 6 60000 1
2 1 2 20000 1
7 1 7 70000 1
2 1 2 20000 1
4 1 4 40000 1
2 1 2 20000 1
6 2 6 60000 1
1 1 1 10000 1
4 1 4 40000 1
1 1 1 10000 1
7 1 7 70000 1
5 1 5 50000 1
1 1 1 10000 1
1 1 1 10000 1
7 1 7 70000 1
4 1 4 40000 1
8 1 8 80000 1
4 1 4 40000 1
1 1 1 10000 1
7 1 7 70000 1
7 1 7 70000 1
7 1 7 70000 1
4 1 4 40000 1
2 1 2 20000 1
5 1 5 50000 1
4 1 4 40000 1
6 1 6 60000 1
5 1 5 50000 1
1 1 1 10000 1
7 1 7 70000 1
7 1 7 70000 1
7 2 7 70000 1
6 1 6 60000 1
4 1 4 40000 1
4 1 4 40000 1
2 1 2 20000 1
2 1 2 20000 1
8 1 8 80000 1
5 1 5 50000 1
4 1 4 40000 1
3 1 3 30000 1
8 1 8 80000 1
5 1 5 50000 1
7 1 7 70000 1
6 1 6 60000 1
7 1 7 70000 1
5 2 5 50000 1
1 1 1 10000 1
5 1 5 50000 1
2 1 2 20000 1
4 1 4 40000 1
3 1 3 30000 1
6 1 6 60000 1
8 1 8 80000 1
8 2 8 80000 1
6 1 6 60000 1
2 1 2 20000 1
1 1 1 10000 1
4 1 4 40000 1
4 1 4 40000 1
2 1 2 20000 1
6 1 6 60000 1
2 1 2 20000 1
7 1 7 70000 1
1 1 1 10000 1
2 1 2 20000 1
3 1 3 30000 1
3 1 3 30000 1
5 1 5 50000 1
7 1 7 70000 1
4 1 4 40000 1
3 1 3 30000 1
1 1 1 10000 1
7 1 7 70000 1
2 1 2 20000 1
3 1 3 30000 1
7 1 7 70000 1
3 1 3 30000 1
5 1 5 50000 1
4 1 4 40000 1
4 1 4 40000 1
1 1 1 10000 1
2 1 2 20000 1
6 1 6 60000 1
5 1 5 50000 1
1 1 1 10000 1
3 1 3 30000 1
4 1 4 40000 1
5 1 5 50000 1
5 1 5 50000 1
6 1 6 60000 1
8 2 8 80000 1
1 1 1 10000 1
3 1 3 30000 1
7 1 7 70000 1
1 1 1 10000 1
5 1 5 50000 1
1 1 1 10000 1
2 1 2 20000 1
3 1 3 30000 1
7 1 7 70000 1
2 1 2 20000 1
1 1 1 10000 1
2 1 2 20000 1
5 1 5 50000 1
3 1 3 30000 1
2 1 2 20000 1
6 1 6 60000 1
7 1 7 70000 1
5 2 5 50000 1
7 1 7 70000 1
13 1 13 130000 1
13 1 13 130000 1
19 1 19 190000 1
32 2 32 320000 1
18 1 18 180000 1
30 2 30 300000 1
34 1 34 340000 1
14 1 14 140000 1
21 2 21 210000 1
32 2 32 320000 1
26 1 26 260000 1
10 1 10 100000 1
