3 0.900900900901
4 0.900900900901
6 0.900900900901
5 0.900900900901
5 0.915057915058
2 0.900900900901
3 0.900900900901
5 0.915057915058
8 0.900900900901
3 0.900900900901
7 0.915057915058
5 0.900900900901
2 0.915057915058
2 0.900900900901
4 0.900900900901
2 0.940540540541
3 0.900900900901
2 0.900900900901
2 0.900900900901
1 0.900900900901
5 0.925675675676
2 0.915057915058
7 0.900900900901
7 0.900900900901
6 0.900900900901
7 0.900900900901
1 0.900900900901
5 0.900900900901
7 0.900900900901
2 0.900900900901
2 0.900900900901
3 0.925675675676
2 0.900900900901
2 0.900900900901
4 0.900900900901
6 0.933933933934
5 0.922444183314
1 1.0
1 0.900900900901
7 0.900900900901
1 0.900900900901
2 0.915057915058
3 1.0
5 0.908523908524
4 0.900900900901
4 0.900900900901
6 0.900900900901
3 0.900900900901
1 0.900900900901
7 0.900900900901
4 0.900900900901
5 0.900900900901
2 0.900900900901
7 0.900900900901
7 0.900900900901
5 0.900900900901
7 0.900900900901
2 0.945945945946
6 0.900900900901
5 0.900900900901
3 0.920720720721
2 0.900900900901
7 0.900900900901
1 0.900900900901
5 0.900900900901
3 0.900900900901
6 0.910810810811
5 0.933933933934
5 0.900900900901
6 0.900900900901
1 0.900900900901
3 0.900900900901
2 0.900900900901
2 0.900900900901
2 0.900900900901
3 0.915057915058
3 0.900900900901
7 0.900900900901
1 1.0
4 0.95045045045
1 0.900900900901
5 0.915057915058
6 0.90990990991
5 0.933933933934
4 0.915057915058
2 0.900900900901
1 0.900900900901
6 0.900900900901
3 0.900900900901
4 0.915057915058
5 0.900900900901
4 0.900900900901
7 0.908523908524
3 0.915057915058
5 0.925675675676
7 0.900900900901
2 0.900900900901
3 0.933933933934
1 0.900900900901
1 0.900900900901
4 0.900900900901
2 0.900900900901
4 0.900900900901
1 0.900900900901
1 0.900900900901
7 0.954261954262
7 0.95045045045
1 0.900900900901
2 0.900900900901
5 0.900900900901
3 0.925675675676
7 0.933933933934
8 0.900900900901
4 0.900900900901
5 0.95045045045
6 0.900900900901
7 0.900900900901
4 0.900900900901
7 0.900900900901
5 0.945945945946
4 0.945945945946
3 0.900900900901
2 0.940540540541
4 0.900900900901
3 0.900900900901
3 0.900900900901
4 0.900900900901
7 0.915057915058
3 0.900900900901
4 0.95045045045
5 0.954261954262
3 0.925675675676
6 0.900900900901
7 0.900900900901
3 0.920720720721
2 0.915057915058
2 0.925675675676
3 0.925675675676
3 0.925675675676
5 0.933933933934
4 0.908523908524
8 0.920720720721
6 0.900900900901
4 0.900900900901
7 0.930047694754
6 0.908523908524
4 0.900900900901
7 0.917417417417
7 0.900900900901
1 0.900900900901
5 0.900900900901
2 0.900900900901
7 0.900900900901
3 0.915057915058
4 0.900900900901
2 0.900900900901
6 0.900900900901
5 0.900900900901
5 0.915057915058
1 0.900900900901
1 0.900900900901
6 0.900900900901
5 0.900900900901
3 0.940540540541
3 0.915057915058
3 0.900900900901
7 0.900900900901
5 0.900900900901
7 0.900900900901
4 0.900900900901
6 0.928648648649
5 0.900900900901
2 0.900900900901
5 0.954261954262
7 0.915057915058
5 0.925675675676
7 0.915057915058
2 0.900900900901
2 0.915057915058
3 0.900900900901
5 0.900900900901
1 0.900900900901
1 0.900900900901
87 0.925675675676
113 0.918388977213
33 0.900900900901
1 0.900900900901
1 0.900900900901
3 0.933933933934
1 0.900900900901
1 0.900900900901
1 0.900900900901
6 0.900900900901
8 0.925675675676
1 0.900900900901
1 0.900900900901
49 0.900900900901
5 0.900900900901
26 0.902923331495
1 0.900900900901
2 0.900900900901
55 0.930047694754
32 0.900900900901
1 0.900900900901
4 0.900900900901
90 0.940540540541
1 0.900900900901
1 0.900900900901
1 0.900900900901
6 0.940540540541
6 0.900900900901
1 0.900900900901
1 0.900900900901
3 1.0
23 0.925675675676
1 0.900900900901
1 0.900900900901
1 0.900900900901
1 0.900900900901
1 0.900900900901
6 0.900900900901
194 0.900900900901
95 0.940540540541
6 0.900900900901
13 0.925675675676
3 0.908523908524
1 0.900900900901
3 0.900900900901
1 0.900900900901
1 0.900900900901
1 0.900900900901
1 0.900900900901
23 0.900900900901
39 0.900900900901
24 0.903205531113
3 0.900900900901
1 0.900900900901
1 0.900900900901
3 0.925675675676
58 0.900900900901
4 0.900900900901
1 0.900900900901
1 1.0
1 0.900900900901
49 0.900900900901
193 0.900900900901
7 0.925675675676
26 0.917417417417
13 0.900900900901
42 0.900900900901
1 0.900900900901
1 0.900900900901
1 0.900900900901
1 0.900900900901
55 0.915057915058
1 0.900900900901
1 0.900900900901
203 0.900900900901
1 0.900900900901
29 0.909681833732
9 0.918918918919
20 0.904097646033
4 0.900900900901
