2 18 242 20000 1
2 30 280 20000 1
6 9 280 39249 0
7 30 616 70000 1
2 4 41 2586 0
6 18 477 60000 1
4 1 26 4512 0
4 2 35 5404 0
2 15 263 20000 1
3 1 31 3307 0
4 3 91 12241 0
7 35 745 70000 1
1 24 194 10000 1
1 25 207 10000 1
8 15 547 80000 1
4 40 502 40000 1
4 23 366 40000 1
3 25 411 30000 1
7 10 252 28344 0
1 18 180 8062 0
1 33 217 10000 1
6 6 110 17318 0
1 18 194 10000 1
5 19 412 38291 0
4 32 378 40000 1
5 24 421 50000 1
2 23 293 20000 1
1 41 190 10000 1
5 14 263 26491 0
2 5 81 6456 0
2 7 187 12986 0
3 25 404 30000 1
1 10 105 6466 0
3 14 190 14153 0
3 40 438 30000 1
5 14 257 26660 0
7 37 813 70000 1
2 1 24 2348 0
4 12 244 20402 0
1 20 198 10000 1
1 10 124 5342 0
6 1 28 4400 0
3 15 292 30000 1
4 8 149 21426 0
1 16 215 10000 1
1 14 133 5671 0
5 5 185 23267 0
6 6 183 31366 0
5 41 500 50000 1
3 5 102 7597 0
7 27 538 70000 1
6 21 414 44817 0
1 12 147 8301 0
2 10 139 9581 0
5 20 444 50000 1
2 13 213 14345 0
4 11 217 20307 0
7 21 753 70000 1
7 16 471 70000 1
6 7 223 29703 0
4 6 215 25030 0
3 12 207 23859 0
5 1 30 5093 0
5 3 89 12913 0
5 8 208 24003 0
6 12 261 43387 0
5 13 381 39732 0
8 11 393 52678 0
8 7 214 36799 0
3 9 148 13007 0
6 6 122 17179 0
7 22 562 70000 1
6 4 100 15137 0
7 8 333 49581 0
3 15 184 14258 0
6 4 92 14232 0
5 1 14 2507 0
7 9 227 30422 0
7 33 608 70000 1
7 9 288 42241 0
2 8 200 17619 0
4 25 456 34956 0
6 22 546 60000 1
1 53 208 10000 1
6 2 44 6097 0
4 28 488 40000 1
4 2 46 6381 0
3 15 300 30000 1
7 3 65 8516 0
6 6 140 19376 0
2 10 175 15202 0
3 52 360 30000 1
1 21 189 10000 1
5 21 495 50000 1
3 22 311 30000 1
1 11 174 8167 0
6 11 392 59995 0
2 3 56 5502 0
1 20 196 10000 1
5 21 442 50000 1
3 25 432 30000 1
5 34 581 50000 1
1 10 102 5936 0
4 12 262 28067 0
4 7 143 17801 0
5 22 486 50000 1
5 17 383 50000 1
7 8 211 25735 0
7 7 378 49873 0
5 4 131 17625 0
4 13 231 22430 0
3 1 41 3692 0
1 1 12 723 0
5 6 128 18122 0
7 1 27 5206 0
18 12 473 66714 0
32 18 1202 164220 0
20 11 224 34463 0
19 21 1568 190000 1
30 24 2110 300000 1
36 29 3039 360000 1
28 7 344 47734 0
30 12 499 75406 0
33 19 697 93917 0
21 2 76 17696 0
17 8 205 34212 0
23 9 370 59472 0
26 20 1762 260000 1
