1 0.30487804878
3 0.842696629213
2 0.531914893617
6 0.903614457831
5 0.527426160338
1 0.328947368421
4 0.819672131148
1 0.352112676056
2 0.5
3 0.5859375
2 0.515463917526
1 0.324675324675
3 0.694444444444
6 0.909090909091
6 0.738916256158
5 0.748502994012
3 0.635593220339
3 0.78125
8 0.769230769231
4 0.980392156863
2 0.617283950617
2 0.588235294118
1 0.403225806452
7 0.717213114754
2 0.423728813559
1 0.403225806452
2 0.510204081633
7 0.754310344828
1 0.352112676056
5 0.714285714286
1 0.378787878788
2 0.625
7 0.645756457565
4 0.436681222707
6 0.9375
4 0.671140939597
2 0.462962962963
1 0.337837837838
4 0.588235294118
2 0.568181818182
4 0.724637681159
1 0.342465753425
7 0.60553633218
3 0.563909774436
2 0.413223140496
3 0.635593220339
5 0.954198473282
4 0.591715976331
1 0.390625
1 0.265957446809
2 0.632911392405
4 0.552486187845
3 0.657894736842
3 0.681818181818
6 0.666666666667
3 0.700934579439
2 0.54347826087
5 0.634517766497
4 0.740740740741
4 0.77519379845
1 0.390625
4 0.59880239521
5 0.718390804598
3 0.657894736842
6 0.643776824034
6 0.862068965517
4 0.632911392405
4 0.719424460432
4 0.636942675159
2 0.555555555556
5 0.686813186813
3 0.5859375
1 0.357142857143
2 0.617283950617
2 0.467289719626
4 0.757575757576
1 0.3125
5 1.08695652174
3 0.797872340426
5 0.868055555556
3 0.595238095238
2 0.520833333333
3 0.572519083969
6 0.955414012739
5 0.932835820896
1 0.384615384615
3 0.609756097561
6 0.646551724138
4 0.757575757576
2 0.675675675676
5 0.880281690141
6 0.819672131148
6 0.617283950617
5 0.589622641509
2 0.5
4 0.719424460432
2 0.54347826087
37 1.96390658174
1 0.352112676056
24 0.920245398773
5 0.598086124402
1 0.290697674419
1 0.384615384615
1 0.36231884058
188 1.5604249668
1 0.287356321839
1 0.373134328358
1 0.30487804878
1 0.347222222222
1 0.342465753425
2 0.574712643678
1 0.423728813559
2 0.515463917526
2 0.581395348837
15 1.36861313869
3 0.765306122449
1 0.367647058824
1 0.403225806452
1 0.357142857143
12 0.740740740741
9 0.833333333333
132 1.07073329007
1 0.378787878788
8 0.813008130081
1 0.36231884058
12 1.17647058824
3 0.576923076923
37 0.955578512397
1 0.390625
1 0.342465753425
82 1.04591836735
40 1.02040816327
1 0.357142857143
1 0.297619047619
55 1.38888888889
1 0.328947368421
18 0.949367088608
1 0.30487804878
1 0.30487804878
1 0.265957446809
3 0.721153846154
204 1.15515288788
197 1.03618767094
1 0.373134328358
17 1.22126436782
1 0.378787878788
5 0.932835820896
3 0.595238095238
50 0.773036487322
