8 2 87 80000 1
5 6 82 50000 1
5 13 119 50000 1
3 10 82 30000 1
5 7 86 50000 1
5 8 89 50000 1
7 9 110 70000 1
3 1 25 15689 0
1 3 46 10000 1
7 1 34 26009 0
5 13 86 50000 1
7 4 128 70000 1
6 12 119 60000 1
4 11 89 40000 1
3 9 85 30000 1
3 7 77 30000 1
7 2 117 70000 1
2 5 65 20000 1
4 10 107 40000 1
4 4 74 40000 1
6 3 77 60000 1
5 8 104 50000 1
4 2 53 40000 1
4 1 25 15202 0
6 1 16 15665 0
7 1 43 33846 0
4 2 56 33937 0
8 5 138 80000 1
7 7 122 70000 1
1 1 20 3974 0
2 2 58 20000 1
3 6 66 30000 1
6 9 73 60000 1
5 1 27 24834 0
4 1 40 22798 0
6 1 36 30187 0
5 3 106 50000 1
4 11 136 40000 1
6 1 22 14564 0
7 7 139 70000 1
3 3 57 30000 1
2 2 47 19742 0
5 10 140 50000 1
1 3 47 10000 1
7 6 126 70000 1
2 10 57 20000 1
7 5 136 70000 1
2 1 32 10587 0
2 13 65 20000 1
2 1 31 7621 0
2 2 55 20000 1
4 5 102 40000 1
2 1 32 12251 0
6 1 41 29309 0
3 2 57 24339 0
4 1 39 24868 0
1 1 16 4276 0
7 2 78 70000 1
4 10 96 40000 1
4 10 106 40000 1
6 5 98 60000 1
7 4 101 70000 1
6 5 106 60000 1
2 11 89 20000 1
3 3 52 30000 1
7 4 105 70000 1
3 1 37 17154 0
3 7 87 30000 1
7 13 155 70000 1
3 1 21 15399 0
4 3 75 40000 1
7 2 103 70000 1
3 3 84 30000 1
5 8 103 50000 1
7 1 15 12870 0
5 10 119 50000 1
2 1 25 11015 0
4 5 70 40000 1
6 3 76 60000 1
7 14 209 70000 1
2 11 91 20000 1
5 2 93 50000 1
2 1 15 6657 0
3 1 28 14727 0
2 5 71 20000 1
7 1 54 43694 0
5 12 153 50000 1
5 2 58 26413 0
7 7 129 70000 1
5 1 23 21916 0
3 5 75 30000 1
3 1 27 15357 0
4 1 35 21343 0
3 13 73 30000 1
4 6 81 40000 1
5 7 84 50000 1
7 13 185 70000 1
4 1 22 13278 0
6 4 91 60000 1
3 5 70 30000 1
6 5 87 60000 1
6 7 120 60000 1
7 1 22 27959 0
6 11 248 60000 1
3 1 32 16595 0
1 5 44 10000 1
6 1 28 20805 0
3 14 74 30000 1
7 1 63 53483 0
3 1 38 19216 0
7 1 31 25689 0
3 9 73 30000 1
3 14 75 30000 1
5 1 36 24588 0
2 3 46 20000 1
7 2 82 70000 1
1 7 50 10000 1
2 2 52 18148 0
3 10 92 30000 1
4 3 58 40000 1
4 3 154 40000 1
1 2 37 6616 0
5 7 102 50000 1
7 1 48 36534 0
3 14 70 30000 1
7 3 89 70000 1
7 4 102 70000 1
2 9 88 20000 1
2 9 66 20000 1
1 3 47 10000 1
1 5 63 10000 1
7 1 25 29558 0
3 4 67 30000 1
5 9 121 50000 1
6 10 126 60000 1
5 6 121 50000 1
5 1 32 22650 0
3 2 39 18470 0
3 8 73 30000 1
1 4 41 10000 1
7 3 92 70000 1
2 9 79 20000 1
5 2 85 50000 1
7 13 147 70000 1
2 2 22 8378 0
2 5 56 20000 1
3 3 57 30000 1
4 13 92 40000 1
3 9 71 30000 1
6 1 27 26977 0
7 10 166 70000 1
1 1 15 3365 0
6 14 131 60000 1
4 1 20 15845 0
6 7 134 60000 1
4 2 57 37014 0
5 5 86 50000 1
8 15 172 80000 1
3 2 50 28606 0
7 3 152 70000 1
4 7 96 40000 1
4 7 102 40000 1
5 2 36 31009 0
3 1 19 7437 0
4 8 84 40000 1
5 6 119 50000 1
7 2 53 55337 0
6 1 25 23966 0
2 2 30 15701 0
1 8 43 10000 1
6 5 112 60000 1
6 4 114 60000 1
3 8 103 30000 1
4 8 96 40000 1
6 7 93 60000 1
7 6 135 70000 1
1 1 21 5503 0
2 8 50 20000 1
5 3 76 50000 1
7 5 126 70000 1
3 1 18 8063 0
1 8 47 10000 1
18 12 353 180000 1
1 4 48 10000 1
11 1 35 45200 0
13 1 22 23889 0
1 5 47 10000 1
1 1 20 5560 0
2 5 56 20000 1
9 2 59 66063 0
1 1 22 4748 0
2 10 54 20000 1
1 1 26 4719 0
1 4 48 10000 1
1 5 42 10000 1
1 2 46 9402 0
63 14 1326 630000 1
1 6 55 10000 1
200 4 2112 2000000 1
144 1 46 64484 0
1 1 25 5569 0
58 1 40 42847 0
199 6 3157 1990000 1
1 4 39 10000 1
1 12 47 10000 1
1 1 16 3996 0
8 4 115 80000 1
1 8 46 10000 1
4 5 80 40000 1
1 7 52 10000 1
1 1 25 5771 0
190 1 37 45771 0
123 2 704 1230000 1
5 1 35 17176 0
36 4 413 360000 1
46 1 30 34331 0
1 4 49 10000 1
1 12 60 10000 1
2 9 62 20000 1
1 1 25 4904 0
134 11 1692 1340000 1
1 1 21 5360 0
1 1 15 3486 0
2 3 58 20000 1
114 2 626 1140000 1
1 12 48 10000 1
6 4 138 60000 1
1 1 20 5109 0
12 12 236 120000 1
5 4 83 50000 1
50 2 293 500000 1
53 2 402 530000 1
1 3 45 10000 1
47 1 54 81584 0
39 1 61 64659 0
5 2 63 43893 0
17 3 79 69919 0
1 5 55 10000 1
1 6 38 10000 1
2 4 64 20000 1
25 1 69 92041 0
1 10 49 10000 1
1 2 29 7103 0
30 2 37 32928 0
1 1 26 4450 0
4 3 61 40000 1
142 7 1794 1420000 1
71 1 46 48895 0
1 8 45 10000 1
1 6 39 10000 1
1 4 48 10000 1
2 1 24 8183 0
1 7 35 10000 1
5 8 126 50000 1
1 9 43 10000 1
116 2 132 118996 0
1 6 38 10000 1
5 5 89 50000 1
65 1 30 33142 0
34 10 681 340000 1
1 5 43 10000 1
1 5 42 10000 1
2 3 56 18759 0
