1 0.142782738095
6 0.341219290264
3 0.249169435216
5 0.246645619574
2 0.262749169435
3 0.343071428571
2 0.227479526843
2 0.174216027875
8 0.393742098609
3 0.255102040816
4 0.43255952381
7 0.304136253041
5 0.31887755102
3 0.274725274725
7 0.223214285714
1 0.163826998689
3 0.248015873016
6 0.35360678925
7 0.353107344633
6 0.460820895522
8 0.521889400922
7 0.286697247706
4 0.412433862434
5 0.501482780612
6 0.425465838509
2 0.198917050691
3 0.33566468254
6 0.312369845898
4 0.24975024975
2 0.184094256259
2 0.235018963338
4 0.208855472013
5 0.283446712018
5 0.285257873117
2 0.212585034014
3 0.320238095238
1 0.145180023229
5 0.409567496723
3 0.334880952381
1 0.165343915344
5 0.325860271116
2 0.226039783002
4 0.339548319328
2 0.231910946197
5 0.309837962963
1 0.163571428571
2 0.253292806484
6 0.302663438257
2 0.231910946197
4 0.248015873016
6 0.369458128079
4 0.232666356445
4 0.250626566416
7 0.378787878788
2 0.18698578908
3 0.230911330049
2 0.259608843537
3 0.262605042017
1 0.113739763421
1 0.140952380952
2 0.223214285714
5 0.411662946429
4 0.387984261501
1 0.151331719128
5 0.308947108255
5 0.275248015873
6 0.354777672658
8 0.391389432485
4 0.299478810663
1 0.136314067612
5 0.33315565032
7 0.684391534392
7 0.349404761905
2 0.219947735192
4 0.195160031226
4 0.342261904762
6 0.28801843318
7 0.644815668203
5 0.235582359593
7 0.446328671329
2 0.255867346939
2 0.187969924812
5 0.31328320802
1 0.121477162293
6 0.465796703297
3 0.284954407295
4 0.402846534653
7 0.563302972196
1 0.138427464009
3 0.277232142857
6 0.509395292208
2 0.234962406015
4 0.298864315601
3 0.350727513228
3 0.29700310559
3 0.27332361516
1 0.0998271889401
5 0.240662302657
3 0.263898662913
5 0.31328320802
2 0.337824675325
6 0.362081881533
6 0.239158163265
1 0.160875160875
6 0.394404761905
7 0.412973760933
5 0.32828407225
2 0.256810631229
6 0.239693192713
3 0.210911136108
4 0.377928949358
1 0.125754527163
7 0.356125356125
6 0.24744308809
2 0.244464285714
7 0.311409608091
1 0.140607424072
7 0.583106372045
11 0.479829345531
26 0.427519073928
33 0.807931034483
34 0.620765611634
25 0.596032805646
9 0.357938275533
