6 0 0 0 0
2 1 25 10443 0
6 3 136 60000 1
1 1 23 4765 0
1 15 40 10000 1
8 7 163 80000 1
9 15 255 90000 1
1 7 54 10000 1
6 7 113 60000 1
8 9 180 80000 1
1 4 50 10000 1
4 13 146 40000 1
4 14 98 40000 1
8 0 0 0 0
7 1 49 42675 0
8 0 0 0 0
9 19 204 90000 1
9 11 258 90000 1
4 2 51 35437 0
7 14 186 70000 1
1 5 56 10000 1
5 1 26 22194 0
4 15 92 40000 1
8 4 118 80000 1
7 15 185 70000 1
4 18 115 40000 1
4 17 102 40000 1
8 15 203 80000 1
8 7 165 80000 1
1 9 56 10000 1
6 18 191 60000 1
6 14 195 60000 1
8 10 138 80000 1
1 7 68 10000 1
8 1 34 31758 0
2 2 37 15686 0
2 10 59 20000 1
1 6 52 10000 1
9 10 161 90000 1
4 15 122 40000 1
3 12 70 30000 1
7 0 0 0 0
7 1 22 21851 0
8 13 204 80000 1
5 8 101 50000 1
7 7 139 70000 1
8 14 95 80000 1
3 12 82 30000 1
6 2 74 60000 1
1 2 27 5626 0
6 1 29 19306 0
2 1 14 5482 0
4 12 105 40000 1
8 6 141 80000 1
6 1 38 28502 0
5 9 75 50000 1
8 18 164 80000 1
2 4 58 20000 1
6 4 89 60000 1
6 4 92 60000 1
5 14 160 50000 1
7 3 82 70000 1
7 1 26 24417 0
4 7 98 40000 1
2 13 74 20000 1
2 9 83 20000 1
1 6 48 10000 1
2 10 62 20000 1
4 4 75 40000 1
9 8 164 90000 1
2 6 67 20000 1
9 5 136 90000 1
9 6 160 90000 1
2 12 88 20000 1
1 11 41 10000 1
8 2 45 31882 0
5 8 110 50000 1
8 7 124 80000 1
9 9 181 90000 1
6 2 50 22524 0
6 12 134 60000 1
2 16 61 20000 1
7 18 177 70000 1
3 2 37 24199 0
3 16 116 30000 1
