8 0.467847711268
7 0.434027777778
6 0.285823170732
7 0.362168874172
3 0.284090909091
6 0.36365327381
1 0.114051094891
5 0.42041153169
7 0.237255965293
5 0.406901041667
3 0.212104072398
3 0.193698347107
2 0.21404109589
1 0.0995222929936
1 0.132415254237
2 0.273233060748
5 0.245676100629
2 0.27125
7 0.517141544118
7 0.512288851351
5 0.245676100629
7 0.425800304878
2 0.194099378882
4 0.293427230047
5 0.328256302521
3 0.254755434783
7 0.254360465116
7 0.625890456989
4 0.251004016064
1 0.105574324324
6 0.500151209677
1 0.124873310811
6 0.310430463576
1 0.121124031008
7 0.38648409894
2 0.233208955224
1 0.143348623853
6 0.356463878327
3 0.198622881356
6 0.271739130435
3 0.1875
1 0.120192307692
4 0.343406593407
5 0.219770220588
5 0.325520833333
5 0.31887755102
1 0.126008064516
7 0.602398487261
4 0.213310580205
3 0.199468085106
4 0.385408266129
1 0.11927480916
2 0.223214285714
3 0.250668449198
1 0.125
6 0.285823170732
6 0.349813432836
7 0.324554896142
5 0.300480769231
3 0.204694323144
8 0.513654003268
7 0.43776299505
1 0.128216911765
5 0.297053231939
7 0.373293515358
6 0.31146179402
7 0.205979284369
7 0.254360465116
5 0.256990131579
4 0.198412698413
5 0.3403125
6 0.233208955224
2 0.134120171674
5 0.251205787781
6 0.264830508475
4 0.459765625
7 0.387854609929
4 0.227272727273
7 0.574115566038
3 0.333714788732
2 0.221410472973
1 0.125
5 0.32842035061
2 0.248010149573
7 0.392025089606
4 0.416666666667
3 0.286591569767
10 0.311876247505
34 0.293508287293
17 0.511657714844
30 0.744047619048
26 0.494221411192
32 0.520727848101
19 0.48828125
21 0.463453389831
34 0.334119496855
26 0.710227272727
19 0.798051075269
