4 29 569 5690 0
7 28 642 6420 0
9 28 851 8510 0
7 18 356 3560 0
5 35 1144 11440 0
9 28 1016 10160 0
5 2 51 510 0
10 59 2368 23680 0
7 30 732 7320 0
6 20 347 3470 0
5 44 1249 12490 0
2 47 718 7180 0
6 35 842 8420 0
1 20 207 2070 0
10 34 818 8180 0
6 30 579 5790 0
9 28 653 6530 0
10 20 529 5290 0
7 20 602 6020 0
4 45 888 8880 0
7 20 591 5910 0
4 31 546 5460 0
7 27 892 8920 0
4 40 986 9860 0
7 22 392 3920 0
2 52 979 9790 0
2 30 406 4060 0
3 10 205 2050 0
2 27 435 4350 0
2 7 148 1480 0
6 21 633 6330 0
9 10 355 3550 0
8 26 546 5460 0
3 15 177 1770 0
6 32 550 5500 0
2 27 433 4330 0
7 29 932 9320 0
5 12 257 2570 0
7 21 418 4180 0
4 37 1107 11070 0
8 23 618 6180 0
8 10 370 3700 0
2 16 198 1980 0
9 23 725 7250 0
9 24 434 4340 0
10 13 310 3100 0
5 27 678 6780 0
9 35 722 7220 0
5 26 544 5440 0
7 90 2735 27350 0
7 16 438 4380 0
2 26 504 5040 0
5 25 594 5940 0
4 27 540 5400 0
10 53 1468 14680 0
1 18 254 2540 0
10 17 465 4650 0
4 19 345 3450 0
8 32 828 8280 0
4 18 234 2340 0
4 61 1281 12810 0
9 11 288 2880 0
1 52 484 4840 0
4 24 402 4020 0
4 10 150 1500 0
1 2 56 560 0
6 36 1042 10420 0
3 12 201 2010 0
10 31 777 7770 0
6 0 0 0 0
9 36 1034 10340 0
1 8 86 860 0
3 32 495 4950 0
7 19 606 6060 0
6 3 51 510 0
3 18 260 2600 0
9 18 624 6240 0
5 14 265 2650 0
4 26 334 3340 0
4 24 346 3460 0
1 42 613 6130 0
6 38 791 7910 0
1 27 277 2770 0
9 31 875 8750 0
6 32 869 8690 0
2 111 1409 14090 0
