3 30 1034 12408 0
4 17 694 8328 0
5 25 1178 14136 0
7 23 811 9732 0
9 35 1053 12636 0
6 47 2170 26032 0
5 17 561 6732 0
5 13 365 4380 0
7 7 265 3180 0
3 54 1381 16564 0
2 54 1011 12124 0
3 30 541 6492 0
10 37 1985 23812 0
10 8 288 3456 0
10 3 264 3168 0
5 26 831 9972 0
2 21 560 6720 0
8 16 646 7752 0
4 21 661 7932 0
10 23 1197 14364 0
10 20 1209 14508 0
1 15 295 3540 0
3 15 459 5508 0
5 7 248 2976 0
10 27 1050 12600 0
7 14 670 8040 0
6 9 224 2688 0
3 36 1233 14788 0
5 14 985 11820 0
10 22 1178 14136 0
7 31 934 11208 0
7 37 1696 20344 0
3 5 179 2148 0
5 38 1274 15288 0
2 4 172 2064 0
7 19 616 7392 0
9 10 505 6060 0
4 28 708 8496 0
8 13 305 3660 0
6 30 931 11172 0
2 26 636 7632 0
10 6 262 3144 0
10 49 2020 24232 0
6 24 1648 19768 0
3 24 569 6828 0
9 20 888 10656 0
3 36 1165 13972 0
7 20 680 8160 0
9 13 594 7128 0
1 39 629 7548 0
3 26 598 7176 0
7 33 1304 15648 0
9 25 1045 12540 0
8 24 1232 14784 0
8 21 643 7716 0
7 24 857 10284 0
2 24 571 6852 0
5 27 1050 12600 0
4 16 563 6756 0
1 29 789 9468 0
9 39 2215 26572 0
5 23 651 7812 0
6 15 547 6564 0
2 14 399 4788 0
4 22 841 10092 0
8 10 368 4416 0
4 23 735 8820 0
7 22 546 6552 0
6 15 595 7140 0
10 31 1422 17064 0
9 25 1163 13956 0
10 28 711 8532 0
2 33 1025 12292 0
5 30 898 10776 0
1 4 96 1152 0
5 14 340 4080 0
3 27 874 10488 0
2 17 493 5916 0
9 12 760 9120 0
5 13 687 8244 0
6 27 798 9576 0
2 26 675 8100 0
10 29 1002 12024 0
10 10 623 7476 0
3 64 1411 16924 0
5 17 540 6480 0
6 22 677 8124 0
2 60 1304 15640 0
10 17 955 11460 0
9 47 2620 31432 0
3 19 457 5484 0
9 21 975 11700 0
8 4 137 1644 0
8 15 592 7104 0
8 25 821 9852 0
7 20 721 8652 0
7 11 384 4608 0
6 22 587 7044 0
8 35 1153 13836 0
6 23 693 8316 0
2 43 789 9468 0
8 2 110 1320 0
9 18 607 7284 0
