6 0.999595959596
6 0.999688764395
1 0.999200639488
2 1.0
3 0.999200639488
2 0.999465811966
1 0.999200639488
4 0.999618174876
4 0.999200639488
2 0.999433106576
1 0.999200639488
5 0.999526178631
6 0.999479166667
6 1.0
3 0.999435984208
2 0.999200639488
5 1.0
1 0.999200639488
3 1.0
5 0.999614197531
4 0.999200639488
3 0.999200639488
2 0.999200639488
5 0.9996996997
6 0.999590750972
3 0.999623352166
1 0.999200639488
1 1.0
2 1.0
5 0.999572649573
2 0.999200639488
5 1.0
5 1.0
5 0.999603174603
4 1.0
1 0.999200639488
2 0.999200639488
3 1.0
6 0.999491869919
3 0.9995899959
5 1.0
4 0.99937225361
5 1.0
4 1.0
2 0.999492643328
2 0.999200639488
4 1.0
4 0.999646142958
6 0.999541809851
4 0.999489144317
5 0.999523128278
6 0.999516207063
1 0.999200639488
4 0.999497234791
4 0.999330655957
5 0.999595959596
5 0.999722222222
6 0.999703703704
5 1.0
2 1.0
3 1.0
5 0.999702911468
3 0.999508357915
6 0.999752536501
6 0.999722914935
3 0.999200639488
1 0.999200639488
3 1.0
1 0.999200639488
2 1.0
3 1.0
1 1.0
2 0.999546485261
3 0.999200639488
3 0.999611499611
6 0.999569336779
2 1.0
5 0.999200639488
3 0.999200639488
1 1.0
4 0.999200639488
5 0.999200639488
1 0.999200639488
2 0.999470899471
3 0.999557326251
5 0.999700509134
3 0.999316239316
4 1.0
1 0.999200639488
4 0.999630860096
5 0.999550157445
5 0.999455337691
5 0.999456669383
2 0.999200639488
2 1.0
4 0.999628390933
5 0.999375780275
1 0.999200639488
3 1.0
1 0.999200639488
1 0.999200639488
5 0.999473407056
4 0.999628390933
3 0.999619482496
2 0.999452654625
4 0.999646142958
2 0.999200639488
3 1.0
5 1.0
2 0.999200639488
3 0.999428734647
2 1.0
4 0.999656002752
4 0.999369880277
6 1.0
4 0.999483204134
2 0.999200639488
6 1.0
2 1.0
3 0.999548328817
4 0.999424294761
3 0.999200639488
2 1.0
5 0.999570999571
1 0.999200639488
2 1.0
1 0.999200639488
4 0.999408983452
1 1.0
4 0.999467092992
3 0.999449944994
1 1.0
1 0.999200639488
3 0.999374021909
5 0.999652777778
5 0.999527186761
1 0.999200639488
4 0.999200639488
4 0.999412110523
4 0.999656002752
3 0.999200639488
4 0.999630860096
3 1.0
3 0.999200639488
2 0.999200639488
3 0.999200639488
1 0.999200639488
6 0.999666333
2 0.999537037037
3 0.999499499499
3 0.999200639488
3 0.999200639488
3 0.999622071051
4 0.999478351591
1 0.999200639488
1 0.999200639488
4 0.999529190207
2 0.999200639488
3 0.999540863177
3 1.0
1 0.999200639488
2 1.0
4 0.999572649573
3 0.999475890985
4 0.999341238472
2 0.999200639488
5 0.999624624625
5 0.999516908213
4 0.999465811966
2 0.999200639488
2 0.999334664005
2 0.999553770638
5 0.999567661046
1 0.999200639488
5 0.99955644267
5 0.999399399399
1 0.999200639488
5 0.999698067633
3 0.999359590138
5 0.99951052374
6 1.0
3 0.999525166192
1 0.999200639488
36 0.999769239645
1 0.999200639488
5 0.999559082892
1 1.0
1 1.0
4 0.999200639488
55 0.999273581552
7 0.999401824435
1 0.999200639488
1 0.999200639488
29 0.999659863946
14 0.999834162521
5 1.0
1 1.0
13 0.999687451164
1 1.0
12 0.999694329818
1 0.999200639488
12 0.999497991968
1 0.999200639488
2 0.999444444444
1 0.999200639488
90 0.99975308642
2 0.999200639488
1 0.999200639488
1 0.999200639488
50 0.999829845159
1 1.0
1 0.999200639488
99 1.0
3 0.999555555556
2 0.999531176746
23 0.999775078722
1 1.0
45 0.999804036841
8 0.999200639488
4 1.0
11 1.0
9 0.999623352166
56 0.999657592878
24 0.99964838256
1 0.999200639488
6 0.999712147381
46 0.999843284752
1 1.0
41 0.99974974975
5 0.999669312169
59 0.999806651199
1 1.0
2 0.999408983452
1 0.999200639488
1 1.0
1 0.999200639488
1 1.0
6 0.99972899729
108 0.999821364773
2 0.999200639488
37 0.99983440967
3 0.999200639488
1 0.999200639488
187 1.0
1 0.999200639488
1 0.999200639488
11 1.0
1 1.0
1 0.999200639488
1 0.999200639488
1 0.999200639488
64 0.999451573983
150 0.999754450583
1 1.0
48 0.999687010955
8 0.999745741165
1 0.999200639488
49 0.999629011315
1 0.999200639488
1 0.999200639488
1 1.0
1 0.999200639488
96 0.999627768472
