6 33 1786 26785 0
6 36 1829 27425 0
3 11 542 8130 0
4 17 1275 19120 0
5 21 1005 15075 0
10 14 692 10380 0
8 28 1647 24700 0
6 11 548 8220 0
7 25 1794 26905 0
4 20 1217 18250 0
4 18 1027 15400 0
3 12 968 14515 0
9 22 2239 33580 0
6 20 913 13695 0
5 22 948 14220 0
5 20 956 14340 0
4 7 539 8085 0
6 22 1166 17485 0
2 78 1334 20000 1
10 22 1415 21220 0
2 30 1293 19390 0
9 13 622 9330 0
10 26 1523 22840 0
2 8 281 4215 0
6 22 2382 35720 0
3 17 784 11760 0
8 48 2906 43575 0
3 55 2001 30000 1
5 4 241 3615 0
6 13 757 11355 0
2 11 609 9135 0
10 40 3050 45740 0
8 15 809 12135 0
4 24 1121 16810 0
3 8 339 5085 0
9 30 1864 27955 0
1 29 667 10000 1
9 27 1580 23695 0
5 17 1144 17155 0
7 29 1442 21625 0
2 40 1334 20000 1
7 3 172 2580 0
8 6 593 8895 0
9 17 1182 17730 0
2 15 478 7170 0
2 7 318 4770 0
10 33 2485 37265 0
6 27 1722 25825 0
2 3 110 1650 0
6 67 3717 55730 0
10 13 692 10380 0
7 15 749 11235 0
9 7 716 10740 0
8 70 5336 80000 1
2 9 516 7740 0
2 14 409 6135 0
10 28 1722 25825 0
8 8 405 6075 0
10 24 2103 31540 0
1 23 667 10000 1
9 29 1899 28480 0
6 8 653 9795 0
8 21 901 13515 0
9 28 1366 20485 0
7 7 447 6705 0
7 22 1312 19675 0
5 12 596 8940 0
9 18 1094 16405 0
9 11 833 12495 0
9 27 1950 29245 0
7 37 2497 37445 0
9 5 225 3375 0
4 1 58 870 0
3 38 1368 20515 0
10 39 3825 57360 0
6 21 1106 16585 0
3 10 702 10530 0
9 71 5919 88745 0
5 24 1151 17260 0
10 34 2864 42950 0
8 28 1412 21175 0
8 17 1108 16620 0
3 20 1058 15865 0
3 12 375 5625 0
1 3 164 2460 0
4 20 1004 15055 0
7 2 214 3210 0
2 20 1260 18895 0
8 13 987 14805 0
2 25 1010 15145 0
3 9 617 9255 0
6 37 1380 20695 0
9 38 2197 32945 0
3 15 635 9525 0
1 15 531 7965 0
2 17 989 14830 0
3 19 1337 20050 0
1 48 667 10000 1
4 13 761 11415 0
