3 0.46711509716
2 0.46711509716
4 0.467422633495
4 0.467936197917
4 0.467516910936
4 0.46711509716
4 0.467570118662
1 0.46875
1 0.46875
3 0.46875
1 0.46711509716
1 0.46875
2 0.46711509716
4 0.46711509716
1 0.46711509716
4 0.46711509716
2 0.46711509716
2 0.46875
2 0.46746171967
1 0.46875
1 0.46875
4 0.46735846056
2 0.46711509716
1 0.46711509716
1 0.46711509716
3 0.46875
1 0.46875
1 0.46711509716
4 0.467488465975
2 0.46875
3 0.46711509716
5 0.467359787099
2 0.467812767781
5 0.468019372077
1 0.46711509716
1 0.46711509716
3 0.4674752331
3 0.46711509716
2 0.467869363929
5 0.46875
2 0.46875
3 0.467409620098
2 0.467725889513
2 0.46711509716
1 0.46711509716
4 0.46711509716
2 0.46875
1 0.46875
1 0.46711509716
3 0.46711509716
3 0.46875
3 0.46711509716
2 0.46711509716
2 0.46711509716
3 0.467450237671
4 0.46711509716
4 0.467873597756
3 0.46875
5 0.46781517094
2 0.46875
3 0.46875
1 0.46711509716
4 0.46875
4 0.46711509716
2 0.46711509716
3 0.46875
2 0.46875
2 0.46711509716
3 0.46711509716
1 0.46875
4 0.46711509716
3 0.467690164729
4 0.46711509716
3 0.46711509716
2 0.46711509716
3 0.46875
5 0.46875
3 0.46875
1 0.46711509716
2 0.46711509716
2 0.46711509716
3 0.467601706037
2 0.46711509716
1 0.46711509716
1 0.46875
3 0.467658433134
2 0.467919514047
1 0.46875
2 0.46711509716
2 0.46711509716
2 0.46711509716
3 0.46711509716
2 0.467394671623
2 0.46875
1 0.46711509716
3 0.467399691358
3 0.46875
2 0.46875
3 0.46711509716
1 0.46711509716
4 0.467344151671
2 0.46711509716
2 0.46711509716
4 0.46711509716
1 0.46711509716
2 0.46711509716
1 0.46875
4 0.46875
4 0.467915713196
3 0.467599894848
1 0.46711509716
1 0.46711509716
3 0.46711509716
1 0.46875
4 0.46711509716
1 0.46711509716
3 0.46711509716
2 0.467725889513
3 0.467412079511
1 0.46875
3 0.467847566007
4 0.46711509716
2 0.46711509716
4 0.467577706324
2 0.46711509716
4 0.46711509716
2 0.46711509716
3 0.46711509716
3 0.467824661591
3 0.46711509716
1 0.46875
2 0.46711509716
2 0.4674571513
3 0.46711509716
3 0.467913799694
1 0.46711509716
4 0.467636768448
4 0.46875
3 0.46875
5 0.468079810049
1 0.46711509716
1 0.46711509716
1 0.46711509716
1 0.46711509716
2 0.46711509716
1 0.46875
1 0.46875
2 0.46711509716
2 0.46875
4 0.467329545455
2 0.46711509716
4 0.467575818572
1 0.46711509716
3 0.46875
17 0.467205973178
6 0.46875
18 0.468018639251
20 0.468205303785
14 0.46711509716
12 0.46875
7 0.467572024771
6 0.46875
9 0.46782583439
