1 16 25 10000 1
1 3 15 6000 0
5 17 104 41600 0
1 1 4 1600 0
2 24 50 20000 1
5 12 57 22800 0
4 23 100 40000 1
3 68 75 30000 1
4 17 60 24000 0
4 21 100 40000 1
1 22 25 10000 1
2 9 45 18000 0
4 12 39 15600 0
5 39 125 50000 1
6 10 44 17600 0
5 30 108 43200 0
4 17 71 28400 0
2 12 46 18400 0
1 9 25 10000 1
2 26 50 20000 1
2 7 31 12400 0
5 29 125 50000 1
3 2 17 6800 0
3 29 75 30000 1
2 20 50 20000 1
5 13 112 44800 0
5 12 82 32800 0
6 1 6 2400 0
2 17 48 19200 0
1 17 25 10000 1
2 14 48 19200 0
3 26 75 30000 1
5 12 94 37600 0
1 9 25 10000 1
3 19 75 30000 1
1 5 24 9600 0
4 14 93 37200 0
6 48 150 60000 1
3 27 75 30000 1
3 13 49 19600 0
6 9 80 32000 0
3 26 75 30000 1
4 22 82 32800 0
4 7 43 17200 0
2 71 50 20000 1
6 35 150 60000 1
5 16 77 30800 0
1 15 25 10000 1
3 17 75 30000 1
5 10 47 18800 0
6 17 53 21200 0
5 19 98 39200 0
4 16 92 36800 0
4 16 67 26800 0
3 23 75 30000 1
4 18 98 39200 0
4 10 62 24800 0
3 20 75 30000 1
2 10 50 20000 1
5 53 125 50000 1
3 14 40 16000 0
2 1 6 2400 0
3 28 75 30000 1
6 17 77 30800 0
5 25 125 50000 1
2 1 7 2800 0
3 18 75 30000 1
3 30 75 30000 1
2 30 50 20000 1
6 5 39 15600 0
2 21 50 20000 1
5 38 125 50000 1
3 27 75 30000 1
2 36 50 20000 1
3 12 43 17200 0
2 16 50 20000 1
5 2 10 4000 0
4 7 30 12000 0
4 10 16 6400 0
4 18 69 27600 0
3 23 75 30000 1
5 7 61 24400 0
3 23 75 30000 1
6 32 150 60000 1
6 33 146 58400 0
4 16 50 20000 0
4 18 75 30000 0
2 13 50 20000 1
4 25 100 40000 1
6 21 112 44800 0
4 46 100 40000 1
2 11 40 16000 0
6 8 31 12400 0
5 27 121 48400 0
6 8 67 26800 0
6 21 116 46400 0
3 39 75 30000 1
5 9 51 20400 0
6 15 54 21600 0
4 15 50 20000 0
4 20 83 33200 0
2 2 13 5200 0
4 51 100 40000 1
1 11 25 10000 1
4 17 86 34400 0
1 11 25 10000 1
2 18 50 20000 1
6 20 86 34400 0
3 29 75 30000 1
1 37 25 10000 1
5 7 67 26800 0
5 1 9 3600 0
5 14 63 25200 0
3 19 75 30000 1
3 22 75 30000 1
1 13 25 10000 1
5 25 125 50000 1
6 19 102 40800 0
4 14 100 40000 1
3 24 75 30000 1
3 26 75 30000 1
4 8 34 13600 0
5 18 124 49600 0
1 6 25 10000 1
1 3 11 4400 0
2 17 50 20000 1
5 4 19 7600 0
2 10 34 13600 0
1 21 25 10000 1
4 12 50 20000 0
2 37 50 20000 1
4 15 77 30800 0
5 1 10 4000 0
2 25 50 20000 1
3 33 75 30000 1
2 35 50 20000 1
5 8 65 26000 0
3 15 65 26000 0
2 8 29 11600 0
3 6 55 22000 0
4 79 100 40000 1
4 66 100 40000 1
3 6 28 11200 0
5 1 8 3200 0
3 8 55 22000 0
2 3 14 5600 0
3 16 64 25600 0
1 1 5 2000 0
4 5 23 9200 0
2 17 50 20000 1
2 1 6 2400 0
4 4 27 10800 0
2 49 50 20000 1
2 46 50 20000 1
2 30 50 20000 1
6 12 45 18000 0
4 10 50 20000 0
1 6 20 8000 0
1 3 15 6000 0
5 41 125 50000 1
1 11 25 10000 1
6 25 89 35600 0
4 26 100 40000 1
3 23 72 28800 0
5 27 102 40800 0
3 25 75 30000 1
1 13 25 10000 1
2 19 50 20000 1
3 19 75 30000 1
3 28 75 30000 1
6 1 5 2000 0
3 15 70 28000 0
2 16 50 20000 1
4 1 4 1600 0
5 1 6 2400 0
2 21 50 20000 1
3 3 12 4800 0
3 1 5 2000 0
4 5 29 11600 0
4 5 31 12400 0
5 27 104 41600 0
1 31 25 10000 1
1 2 8 3200 0
1 3 23 9200 0
146 26 238 95200 0
1 17 25 10000 1
83 36 383 153200 0
25 59 410 164000 0
4 16 56 22400 0
10 23 91 36400 0
3 15 75 30000 1
1 7 23 9200 0
11 30 135 54000 0
1 2 9 3600 0
131 12 54 21600 0
5 16 51 20400 0
1 16 25 10000 1
152 75 479 191600 0
1 1 6 2400 0
16 10 86 34400 0
1 16 25 10000 1
19 6 28 11200 0
2 20 50 20000 1
1 21 25 10000 1
1 7 25 10000 1
2 22 50 20000 1
81 19 80 32000 0
1 26 25 10000 1
7 31 175 70000 1
24 28 208 83200 0
1 32 25 10000 1
1 2 10 4000 0
1 15 25 10000 1
9 16 80 32000 0
95 20 74 29600 0
16 17 142 56800 0
1 24 25 10000 1
1 36 25 10000 1
1 3 16 6400 0
157 30 220 88000 0
116 13 98 39200 0
1 1 8 3200 0
106 35 253 101200 0
45 3 25 10000 0
177 88 2281 912400 0
3 5 32 12800 0
2 1 4 1600 0
36 24 239 95600 0
1 32 25 10000 1
54 19 119 47600 0
51 1 7 2800 0
5 15 59 23600 0
5 31 125 50000 1
1 8 25 10000 1
1 13 25 10000 1
1 7 25 10000 1
6 16 72 28800 0
2 17 50 20000 1
1 15 25 10000 1
1 3 21 8400 0
1 16 25 10000 1
4 11 43 17200 0
62 9 48 19200 0
6 53 150 60000 1
60 23 186 74400 0
10 9 41 16400 0
78 13 56 22400 0
1 24 25 10000 1
133 22 165 66000 0
2 65 50 20000 1
1 13 25 10000 1
2 25 50 20000 1
24 20 116 46400 0
27 21 86 34400 0
124 23 169 67600 0
9 3 22 8800 0
1 1 5 2000 0
2 17 50 20000 1
3 18 75 30000 1
12 12 48 19200 0
34 28 237 94800 0
1 14 25 10000 1
1 9 25 10000 1
