2 1 8 4800 0
1 1 8 4800 0
2 12 34 20000 1
1 9 17 10000 1
2 7 34 20000 1
1 7 17 10000 1
2 13 34 20000 1
2 13 34 20000 1
1 2 17 10000 1
4 8 68 40000 1
4 21 68 40000 1
2 6 34 20000 1
4 36 68 40000 1
4 23 68 40000 1
2 3 24 14200 0
1 9 17 10000 1
3 15 51 30000 1
3 10 51 30000 1
1 11 17 10000 1
1 8 17 10000 1
3 13 51 30000 1
4 5 47 27800 0
2 3 25 14800 0
1 9 17 10000 1
1 7 17 10000 1
3 7 51 30000 1
4 1 12 7200 0
3 13 51 30000 1
3 25 51 30000 1
1 7 17 10000 1
2 7 34 20000 1
3 1 15 9000 0
3 13 51 30000 1
3 19 51 30000 1
1 3 17 10000 1
3 11 51 30000 1
4 32 68 40000 1
1 5 17 10000 1
2 5 34 20000 1
3 11 51 30000 1
3 11 51 30000 1
4 12 68 40000 1
4 2 26 15400 0
1 7 17 10000 1
3 8 51 30000 1
2 7 34 20000 1
2 6 34 20000 1
1 6 17 10000 1
2 8 34 20000 1
1 4 17 10000 1
4 28 68 40000 1
4 7 50 29600 0
2 3 34 20000 1
1 1 8 4800 0
2 4 34 20000 1
1 4 17 10000 1
5 15 85 50000 1
1 3 17 10000 1
1 7 17 10000 1
4 1 7 4200 0
3 1 10 6000 0
3 1 12 7200 0
3 10 51 30000 1
3 25 51 30000 1
1 6 17 10000 1
2 8 34 20000 1
3 1 14 8400 0
1 8 17 10000 1
4 2 21 12400 0
1 1 17 10000 1
2 12 34 20000 1
3 11 51 30000 1
2 21 34 20000 1
4 22 68 40000 1
3 1 10 6000 0
2 23 34 20000 1
4 11 68 40000 1
4 1 17 10200 0
2 4 34 20000 1
2 18 34 20000 1
3 16 51 30000 1
2 7 34 20000 1
2 4 32 19000 0
3 33 51 30000 1
1 11 17 10000 1
4 4 40 23600 0
4 18 68 40000 1
2 4 34 20000 1
1 2 17 10000 1
1 9 17 10000 1
5 25 85 50000 1
3 20 51 30000 1
5 4 47 27800 0
1 1 7 4200 0
1 6 17 10000 1
3 9 51 30000 1
4 25 68 40000 1
2 5 34 20000 1
1 5 17 10000 1
1 1 11 6600 0
2 3 27 16000 0
4 20 68 40000 1
2 12 34 20000 1
4 11 68 40000 1
1 11 17 10000 1
18 37 306 180000 1
19 29 323 190000 1
18 18 306 180000 1
12 51 204 120000 1
15 13 221 130200 0
12 19 204 120000 1
9 26 153 90000 1
