4 0.992063492063
3 0.992063492063
4 0.992063492063
6 0.992063492063
2 0.992063492063
3 0.992063492063
5 0.992063492063
3 0.992063492063
3 0.992063492063
1 0.992063492063
5 0.992063492063
1 0.992063492063
3 0.992063492063
2 0.992063492063
5 0.992063492063
2 0.992063492063
6 0.992063492063
4 0.992063492063
2 0.992063492063
3 0.992063492063
6 0.992063492063
2 0.992063492063
1 0.992063492063
2 0.992063492063
5 0.992063492063
5 0.992063492063
2 0.992063492063
4 0.992063492063
1 0.992063492063
3 0.992063492063
1 0.992063492063
2 0.992063492063
1 0.992063492063
1 0.992063492063
3 0.992063492063
5 0.992063492063
4 0.992063492063
5 0.992063492063
6 0.992063492063
3 0.992063492063
4 0.992063492063
3 0.992063492063
3 0.992063492063
1 0.992063492063
2 0.992063492063
2 0.992063492063
6 0.992063492063
5 0.992063492063
5 0.992063492063
2 0.992063492063
1 0.992063492063
4 0.992063492063
5 0.992063492063
5 0.992063492063
1 0.992063492063
2 0.992063492063
2 0.992063492063
1 0.992063492063
3 0.992063492063
4 0.992063492063
4 0.992063492063
3 0.992063492063
2 0.992063492063
2 0.992063492063
3 0.992063492063
1 0.992063492063
6 0.992063492063
2 0.992063492063
3 0.992063492063
4 0.992063492063
1 0.992063492063
6 0.992063492063
5 0.992063492063
1 0.992063492063
4 0.992063492063
4 0.992063492063
4 0.992063492063
3 0.992063492063
1 0.992063492063
3 0.992063492063
5 0.992063492063
5 0.992063492063
6 0.992063492063
4 0.992063492063
2 0.992063492063
5 0.992063492063
4 0.992063492063
1 0.992063492063
2 0.992063492063
1 0.992063492063
2 0.992063492063
4 0.992063492063
2 0.992063492063
2 0.992063492063
4 0.992063492063
3 0.992063492063
2 0.992063492063
3 0.992063492063
1 0.992063492063
5 0.992063492063
3 0.992063492063
3 0.992063492063
3 0.992063492063
3 0.992063492063
1 0.992063492063
1 0.992063492063
1 0.992063492063
2 0.992063492063
3 0.992063492063
3 0.992063492063
1 0.992063492063
11 0.992063492063
6 0.992063492063
54 0.992063492063
1 0.992063492063
2 0.992063492063
1 0.992063492063
2 0.992063492063
1 0.992063492063
10 0.992063492063
1 0.992063492063
5 0.992063492063
1 0.992063492063
1 0.992063492063
1 0.992063492063
1 0.992063492063
1 0.992063492063
1 0.992063492063
1 0.992063492063
4 0.992063492063
3 0.992063492063
3 0.992063492063
1 0.992063492063
1 0.992063492063
2 0.992063492063
2 0.992063492063
2 0.992063492063
1 0.992063492063
1 0.992063492063
1 0.992063492063
1 0.992063492063
