3 7 30 30000 1
4 14 40 40000 1
2 4 20 20000 1
1 1 8 8000 0
1 3 10 10000 1
3 2 30 30000 1
1 3 10 10000 1
1 4 10 10000 1
3 1 16 16000 0
1 4 10 10000 1
4 7 40 40000 1
3 1 9 9000 0
3 2 30 30000 1
1 2 10 10000 1
4 1 17 17000 0
2 1 19 19000 0
2 6 20 20000 1
3 6 30 30000 1
2 2 20 20000 1
2 1 20 20000 1
1 3 10 10000 1
2 8 20 20000 1
4 19 40 40000 1
2 9 20 20000 1
3 11 30 30000 1
2 11 20 20000 1
1 5 10 10000 1
2 1 9 9000 0
2 1 12 12000 0
4 18 40 40000 1
1 1 10 10000 1
4 12 40 40000 1
3 1 11 11000 0
4 1 16 16000 0
4 4 40 40000 1
4 5 40 40000 1
3 10 30 30000 1
5 2 21 21000 0
4 4 40 40000 1
5 5 50 50000 1
4 2 16 16000 0
1 1 10 10000 1
2 2 20 20000 1
2 5 20 20000 1
1 1 10 10000 1
4 8 40 40000 1
5 17 50 50000 1
1 5 10 10000 1
1 1 9 9000 0
2 1 17 17000 0
3 9 30 30000 1
3 4 30 30000 1
4 4 40 40000 1
2 6 20 20000 1
2 2 20 20000 1
4 11 40 40000 1
3 1 13 13000 0
1 3 10 10000 1
4 7 40 40000 1
5 2 19 19000 0
2 1 12 12000 0
5 7 50 50000 1
2 2 20 20000 1
4 6 40 40000 1
1 3 10 10000 1
4 8 40 40000 1
4 6 39 39000 0
3 4 30 30000 1
3 4 30 30000 1
2 7 20 20000 1
2 3 20 20000 1
3 7 30 30000 1
1 1 8 8000 0
3 4 30 30000 1
3 1 8 8000 0
1 1 10 10000 1
4 2 39 39000 0
2 9 20 20000 1
3 4 30 30000 1
3 1 14 14000 0
1 5 10 10000 1
1 1 9 9000 0
3 1 14 14000 0
4 19 40 40000 1
1 2 10 10000 1
4 5 40 40000 1
3 8 30 30000 1
4 12 40 40000 1
3 6 30 30000 1
2 3 20 20000 1
2 11 20 20000 1
1 1 9 9000 0
1 1 10 10000 1
2 10 20 20000 1
3 4 30 30000 1
2 4 20 20000 1
2 11 20 20000 1
2 5 20 20000 1
4 8 40 40000 1
1 1 10 10000 1
4 1 10 10000 0
4 16 40 40000 1
2 1 19 19000 0
1 2 10 10000 1
1 1 9 9000 0
2 5 20 20000 1
4 1 13 13000 0
1 3 10 10000 1
1 4 10 10000 1
1 1 10 10000 1
2 1 12 12000 0
2 1 16 16000 0
2 1 13 13000 0
3 1 17 17000 0
2 1 11 11000 0
21 22 210 210000 1
11 1 13 13000 0
18 24 180 180000 1
17 10 161 161000 0
21 2 19 19000 0
6 17 60 60000 1
17 26 170 170000 1
7 12 70 70000 1
21 2 24 24000 0
15 13 150 150000 1
9 1 8 8000 0
13 18 130 130000 1
