1 0.94696969697
3 0.94696969697
5 1.0
4 1.0
4 0.94696969697
4 1.0
3 1.0
2 0.94696969697
2 1.0
2 1.0
6 1.0
4 0.94696969697
3 0.94696969697
5 0.94696969697
6 0.94696969697
2 0.94696969697
2 0.94696969697
2 0.94696969697
2 0.94696969697
4 0.94696969697
4 0.94696969697
3 1.0
3 0.94696969697
2 0.94696969697
4 0.94696969697
2 0.94696969697
1 0.94696969697
4 1.0
6 0.94696969697
4 0.94696969697
5 1.0
6 0.94696969697
5 0.94696969697
5 0.94696969697
6 1.0
5 0.94696969697
1 1.0
3 0.94696969697
3 0.94696969697
1 1.0
4 0.94696969697
5 0.94696969697
1 0.94696969697
3 0.94696969697
1 0.94696969697
5 0.94696969697
1 0.94696969697
1 0.94696969697
2 1.0
2 0.94696969697
3 1.0
5 1.0
1 0.94696969697
1 0.94696969697
2 0.94696969697
1 1.0
5 0.94696969697
4 0.94696969697
4 1.0
5 1.0
3 0.94696969697
2 1.0
2 0.94696969697
3 0.94696969697
6 0.94696969697
3 0.94696969697
5 1.0
2 0.94696969697
5 0.94696969697
4 0.94696969697
4 0.94696969697
2 0.94696969697
2 0.94696969697
2 1.0
2 0.94696969697
3 1.0
1 0.94696969697
6 1.0
4 1.0
4 0.94696969697
6 0.94696969697
3 0.94696969697
2 0.94696969697
4 1.0
6 0.94696969697
6 0.94696969697
6 1.0
2 0.94696969697
1 1.0
3 0.94696969697
1 0.94696969697
1 0.94696969697
3 0.94696969697
1 0.94696969697
4 1.0
5 0.970085470085
4 0.94696969697
2 0.94696969697
4 0.972222222222
1 0.94696969697
4 0.94696969697
4 0.94696969697
1 0.94696969697
4 1.0
3 0.94696969697
2 0.94696969697
4 1.0
1 0.94696969697
3 1.0
4 0.94696969697
6 0.94696969697
2 1.0
5 0.94696969697
1 0.94696969697
4 0.94696969697
1 0.94696969697
6 0.974074074074
5 0.94696969697
4 0.961111111111
2 0.94696969697
4 0.94696969697
5 1.0
5 0.94696969697
2 0.94696969697
6 0.94696969697
5 1.0
4 0.94696969697
5 0.94696969697
5 0.94696969697
5 0.94696969697
1 0.94696969697
2 1.0
6 0.94696969697
1 0.94696969697
2 0.94696969697
4 0.94696969697
4 1.0
6 0.94696969697
4 0.94696969697
2 1.0
4 0.94696969697
3 0.94696969697
3 1.0
2 0.94696969697
1 0.94696969697
2 0.94696969697
5 1.0
5 0.94696969697
2 0.94696969697
6 0.94696969697
2 0.94696969697
2 0.94696969697
6 0.94696969697
2 0.94696969697
5 0.94696969697
3 1.0
3 0.94696969697
5 0.94696969697
2 0.94696969697
2 0.94696969697
5 0.94696969697
1 0.94696969697
3 1.0
3 0.94696969697
5 0.94696969697
3 1.0
5 0.94696969697
1 1.0
2 1.0
3 0.94696969697
5 0.94696969697
5 0.94696969697
4 1.0
2 0.94696969697
5 0.94696969697
5 1.0
3 1.0
6 0.94696969697
6 0.94696969697
3 1.0
4 1.0
6 1.0
173 1.0
1 0.94696969697
5 1.0
1 0.94696969697
149 0.995949074074
1 0.94696969697
8 1.0
4 0.94696969697
1 0.94696969697
1 0.94696969697
1 0.94696969697
100 0.978658536585
1 0.94696969697
4 1.0
54 1.0
1 0.94696969697
1 0.94696969697
1 0.94696969697
81 0.992798353909
1 0.94696969697
17 0.980392156863
1 0.94696969697
105 0.958043310131
1 0.94696969697
5 0.94696969697
62 1.0
1 1.0
110 1.0
1 0.94696969697
43 1.0
1 0.94696969697
46 0.961678832117
7 0.94696969697
1 0.94696969697
4 0.94696969697
2 0.94696969697
1 0.94696969697
1 0.94696969697
3 1.0
1 0.94696969697
48 0.981060606061
1 0.94696969697
1 0.94696969697
93 0.986802413273
10 0.98401826484
1 0.94696969697
2 0.94696969697
1 0.94696969697
1 0.94696969697
62 1.0
3 0.94696969697
4 0.94696969697
102 0.984375
1 0.94696969697
1 0.94696969697
4 1.0
21 0.94696969697
1 0.94696969697
6 0.94696969697
2 0.94696969697
110 0.94696969697
97 0.976222826087
35 1.0
10 0.94696969697
1 0.94696969697
121 1.0
3 0.94696969697
1 0.94696969697
1 1.0
14 0.958628841608
1 0.94696969697
1 0.94696969697
173 0.988274706868
1 0.94696969697
1 0.94696969697
1 0.94696969697
42 0.989247311828
7 0.94696969697
1 0.94696969697
107 0.988709677419
1 0.94696969697
