8 9 15 15375 0
4 19 27 27175 0
9 26 71 71525 0
8 12 22 22300 0
3 28 30 30000 1
6 35 59 59225 0
2 10 13 13075 0
6 7 17 17425 0
5 1 2 2050 0
10 55 100 100000 1
5 12 33 33575 0
3 19 29 29225 0
5 11 21 21275 0
4 15 24 24350 0
10 19 46 46650 0
5 10 19 19225 0
6 29 49 49475 0
2 36 20 20000 1
4 17 31 31275 0
6 17 35 35375 0
5 28 40 40250 0
8 4 8 8200 0
7 22 50 50500 0
5 12 31 31525 0
5 4 15 15375 0
8 20 47 47675 0
2 13 15 15125 0
5 23 38 38450 0
9 19 40 40500 0
1 8 10 10000 1
6 22 48 48450 0
1 9 10 10000 1
9 36 85 85125 0
8 64 80 80000 1
4 20 30 30250 0
7 14 32 32550 0
6 28 47 47425 0
4 25 34 34100 0
3 17 30 30000 1
8 18 31 31525 0
1 26 10 10000 1
8 26 60 60750 0
4 14 25 25375 0
1 0 0 0 0
2 59 20 20000 1
10 6 12 12300 0
10 19 57 57925 0
8 17 29 29475 0
1 12 10 10000 1
10 33 86 86650 0
5 22 32 32300 0
9 16 40 40500 0
3 2 5 5125 0
4 16 20 20250 0
5 15 26 26400 0
4 25 31 31275 0
7 20 45 45625 0
6 24 60 60000 1
1 12 10 10000 1
8 20 54 54600 0
3 2 5 5125 0
5 7 14 14350 0
1 3 3 3075 0
1 20 10 10000 1
10 4 10 10250 0
9 3 12 12300 0
6 13 26 26400 0
2 4 9 9225 0
7 25 49 49725 0
7 39 70 70000 1
4 2 6 6150 0
1 1 2 2050 0
8 0 0 0 0
10 51 100 100000 1
3 19 20 20000 0
10 21 42 42550 0
2 14 16 16150 0
5 22 38 38200 0
6 18 26 26400 0
1 14 10 10000 1
1 8 8 8200 0
4 4 8 8200 0
4 14 17 17175 0
4 2 4 4100 0
3 9 15 15125 0
8 42 80 80000 1
6 2 5 5125 0
7 3 6 6150 0
3 6 12 12300 0
7 22 42 42550 0
7 16 40 40500 0
3 18 19 19225 0
10 46 97 97175 0
4 50 40 40000 1
5 2 5 5125 0
7 23 54 54350 0
2 18 20 20000 1
9 72 90 90000 1
4 24 40 40000 1
10 3 8 8200 0
5 12 21 21275 0
1 11 10 10000 1
7 19 36 36650 0
7 7 11 11275 0
4 12 20 20250 0
7 19 45 45625 0
2 1 1 1025 0
5 18 41 41275 0
2 32 20 20000 1
9 30 60 60750 0
1 7 7 7175 0
7 7 16 16400 0
