1 0.980392156863
1 0.980392156863
5 1.12612612613
4 1.12994350282
4 1.09289617486
5 1.14155251142
2 1.04166666667
1 0.980392156863
2 1.04166666667
1 0.980392156863
2 1.04166666667
4 1.11111111111
2 1.04166666667
1 0.980392156863
1 0.980392156863
2 1.04166666667
4 1.16959064327
1 0.980392156863
2 1.0101010101
3 1.11111111111
1 0.980392156863
5 1.05485232068
2 1.0101010101
2 1.04166666667
1 0.980392156863
1 0.980392156863
1 0.980392156863
1 0.980392156863
3 1.13636363636
1 0.980392156863
2 1.0752688172
5 1.17370892019
2 1.04166666667
4 1.11111111111
1 0.980392156863
3 1.13636363636
6 1.14942528736
5 1.14155251142
5 1.17370892019
4 1.12994350282
2 1.0101010101
1 0.980392156863
2 1.0752688172
1 0.980392156863
1 0.980392156863
3 1.08695652174
1 0.980392156863
4 1.11111111111
1 0.980392156863
4 1.09289617486
1 0.980392156863
4 1.09289617486
2 1.04166666667
1 0.980392156863
6 1.19047619048
1 0.980392156863
1 0.980392156863
2 1.04166666667
1 0.980392156863
1 0.980392156863
1 0.980392156863
1 0.980392156863
4 1.0752688172
1 0.980392156863
1 0.980392156863
1 0.980392156863
1 0.980392156863
2 1.04166666667
1 0.980392156863
1 0.980392156863
1 0.980392156863
1 0.980392156863
2 1.0101010101
2 1.0752688172
1 0.980392156863
1 0.980392156863
2 1.04166666667
1 0.980392156863
1 0.980392156863
1 0.980392156863
1 0.980392156863
1 0.980392156863
1 0.980392156863
85 1.32398753894
1 0.980392156863
2 1.0101010101
