1 6 6 9138 0
3 10 18 27334 0
6 5 13 24635 0
4 27 24 40000 1
6 19 37 60000 1
5 20 33 50000 1
8 4 14 26398 0
1 2 4 6092 0
9 13 35 62063 0
7 23 45 70000 1
2 25 13 20000 1
1 15 7 10000 1
1 2 4 6092 0
3 14 16 26033 0
5 22 26 41718 0
4 17 19 29614 0
5 9 16 28253 0
6 11 20 35697 0
4 38 26 40000 1
2 0 0 0 0
6 21 38 60000 1
5 21 29 44730 0
9 23 52 87119 0
3 24 20 30000 1
8 18 43 72808 0
7 12 22 38474 0
7 6 13 21923 0
10 18 43 79036 0
6 4 9 16541 0
1 0 0 0 0
5 8 21 37851 0
4 9 24 40000 1
10 27 57 100000 1
1 16 7 10000 1
3 7 10 17297 0
10 1 4 7869 0
7 36 45 70000 1
2 7 13 20000 1
8 24 46 77075 0
10 9 19 35353 0
8 35 49 80000 1
10 19 48 89966 0
4 13 19 31178 0
6 16 32 57539 0
9 21 48 86920 0
4 44 27 40000 1
3 48 20 30000 1
10 16 39 68873 0
7 6 10 18631 0
9 3 5 10177 0
10 26 55 100000 1
2 2 4 6560 0
2 1 1 1523 0
5 2 6 11706 0
9 15 40 71818 0
8 1 4 8021 0
3 35 19 30000 1
7 4 9 16499 0
5 0 0 0 0
6 10 22 42075 0
1 3 3 4569 0
10 16 33 59265 0
5 17 26 43097 0
5 5 13 23997 0
4 31 25 40000 1
4 15 25 40000 1
6 19 32 54399 0
5 16 27 46713 0
5 0 0 0 0
4 6 8 13451 0
2 1 1 1998 0
7 12 27 48755 0
6 20 36 60000 1
3 28 21 30000 1
1 2 5 7615 0
3 24 20 30000 1
2 6 8 13762 0
7 26 41 70000 1
3 25 19 30000 1
2 5 10 15834 0
8 11 20 37159 0
2 2 6 9840 0
7 1 2 4509 0
3 4 8 14028 0
3 8 11 18465 0
5 16 24 40851 0
6 9 22 38894 0
1 13 7 10000 1
1 0 0 0 0
7 12 26 47244 0
7 15 28 52930 0
6 19 34 60000 1
7 7 15 25816 0
10 20 46 80101 0
8 11 37 72677 0
