1 1.22549019608
1 1.22549019608
4 1.40056022409
3 1.54861591696
3 1.47058823529
2 1.30718954248
5 1.86397058824
3 1.7037254902
2 1.30718954248
2 1.40056022409
5 1.58127767236
4 1.7175245098
3 1.69779411765
3 1.89171122995
1 1.27254901961
5 1.63921568627
1 1.22549019608
3 1.40056022409
1 1.22549019608
3 1.53976034858
2 1.30718954248
4 1.6339869281
4 1.40056022409
1 1.22549019608
3 1.80642701525
3 1.5479876161
3 1.5479876161
1 1.22549019608
1 1.27254901961
4 1.56726579521
3 1.58504901961
4 1.87001633987
1 1.27254901961
2 1.30718954248
3 1.47058823529
3 1.54481792717
2 1.40056022409
2 1.50330882353
3 1.62600922722
1 1.22549019608
1 1.22549019608
2 1.52142857143
2 1.30718954248
1 1.22549019608
4 1.65303030303
1 1.22549019608
2 1.30718954248
3 1.40056022409
4 1.526342711
4 1.50829562594
3 1.71213235294
2 1.51970588235
3 1.53462009804
4 1.71862745098
1 1.22549019608
4 1.45243282498
1 1.27254901961
4 1.50829562594
4 1.60098039216
4 1.50829562594
2 1.47058823529
1 1.22549019608
2 1.30718954248
3 1.73651960784
1 1.22549019608
1 1.22549019608
3 1.52236519608
1 1.22549019608
1 1.22549019608
4 1.50829562594
3 1.47058823529
3 1.46991744066
3 1.68020833333
1 1.22549019608
4 1.75882352941
2 1.40056022409
4 1.70553633218
1 1.22549019608
3 1.47058823529
3 1.82843137255
3 1.33689839572
4 1.56862745098
4 1.72913165266
4 1.66568627451
1 1.22549019608
3 1.72117647059
1 1.27254901961
4 1.76013071895
2 1.30718954248
3 1.5479876161
1 1.27254901961
4 1.79591503268
3 1.74235294118
2 1.30718954248
2 1.53995098039
2 1.46960784314
2 1.30718954248
3 1.40056022409
1 1.27254901961
1 1.22549019608
4 1.68758169935
20 1.80681114551
11 1.88513071895
15 1.6160310278
9 1.66047142261
12 1.6339869281
20 1.8846057572
8 1.6339869281
13 1.96192810458
15 1.91470588235
7 1.71229946524
