3 25 11 30000 1
8 19 28 80000 1
4 29 18 40000 1
1 3 4 8080 0
4 8 13 40000 1
5 4 13 40759 0
2 13 10 20000 1
7 33 26 70000 1
1 4 5 10000 1
2 20 9 20000 1
2 4 8 20000 1
5 12 19 50000 1
6 15 21 60000 1
2 3 4 10509 0
1 0 0 0 0
1 1 1 2020 0
2 15 9 20000 1
4 2 5 15448 0
9 47 33 90000 1
8 22 27 80000 1
7 29 27 70000 1
7 20 25 70000 1
10 30 34 100000 1
8 28 31 80000 1
2 23 9 20000 1
9 8 20 71845 0
4 8 12 34858 0
5 20 20 50000 1
4 25 15 40000 1
1 2 3 6060 0
9 16 30 89200 0
4 4 4 11590 0
2 7 10 20000 1
8 11 24 77471 0
1 2 2 4040 0
1 10 5 10000 1
6 3 9 30474 0
10 11 23 76811 0
7 0 0 0 0
8 7 19 60788 0
10 12 34 100000 1
9 5 12 40735 0
9 49 32 90000 1
9 24 31 90000 1
1 8 5 10000 1
5 7 17 50000 1
3 29 13 30000 1
4 13 15 40000 1
9 4 8 29909 0
4 6 12 37868 0
1 1 2 4040 0
1 3 5 10000 1
5 11 20 50000 1
10 16 34 100000 1
3 15 12 30000 1
8 16 28 80000 1
7 8 19 59946 0
2 18 10 20000 1
1 8 5 10000 1
8 27 29 80000 1
10 15 32 100000 1
3 3 5 14164 0
10 33 31 100000 1
2 12 9 20000 1
3 7 11 27402 0
8 8 20 68980 0
7 13 23 70000 1
6 25 23 60000 1
8 1 3 11466 0
10 3 9 31045 0
10 29 31 100000 1
4 34 16 40000 1
10 20 34 100000 1
5 34 19 50000 1
9 0 0 0 0
3 15 12 30000 1
8 1 3 11517 0
6 23 22 60000 1
5 14 18 50000 1
2 3 6 17511 0
1 7 5 10000 1
2 7 8 20000 1
8 5 11 36358 0
4 5 10 29832 0
8 1 3 9192 0
5 0 0 0 0
8 17 28 80000 1
9 19 28 90000 1
3 2 4 12924 0
9 17 29 90000 1
1 0 0 0 0
8 16 27 80000 1
10 42 35 100000 1
10 16 32 96406 0
9 43 31 90000 1
