5 1.46198830409
5 1.5664160401
6 1.59489633174
1 0.974658869396
5 1.51240169389
3 1.1961722488
2 1.16959064327
6 1.5037593985
4 1.52555301297
5 1.51240169389
2 1.25313283208
3 1.38504155125
3 1.38504155125
5 1.46198830409
3 1.31578947368
1 0.974658869396
6 1.59489633174
3 1.1961722488
2 1.25313283208
5 1.46198830409
4 1.46198830409
1 0.974658869396
3 1.38504155125
3 1.38504155125
1 0.974658869396
4 1.40350877193
3 1.38504155125
1 0.974658869396
6 1.5479876161
5 1.5664160401
2 1.25313283208
3 1.46198830409
5 1.28998968008
2 1.16959064327
5 1.46198830409
3 1.31578947368
1 0.974658869396
2 1.25313283208
2 1.16959064327
2 1.25313283208
4 1.46198830409
4 1.46198830409
4 1.40350877193
3 1.46198830409
2 1.16959064327
2 1.25313283208
3 1.46198830409
1 0.974658869396
2 1.25313283208
1 0.974658869396
1 0.974658869396
1 0.974658869396
3 1.25313283208
2 1.16959064327
4 1.34952766532
1 0.974658869396
2 1.16959064327
2 1.25313283208
6 1.5037593985
3 1.38504155125
3 1.38504155125
1 0.974658869396
1 0.974658869396
2 1.25313283208
4 1.46198830409
5 1.46198830409
6 1.5037593985
1 0.974658869396
4 1.52555301297
1 0.974658869396
6 1.5037593985
6 1.42247510669
5 1.46198830409
5 1.51240169389
1 0.974658869396
2 1.25313283208
6 1.5479876161
5 1.51240169389
3 1.38504155125
3 1.31578947368
5 1.46198830409
5 1.51240169389
6 1.42247510669
3 1.38504155125
2 1.25313283208
2 1.25313283208
6 1.5037593985
5 1.46198830409
4 1.46198830409
4 1.46198830409
3 1.31578947368
2 1.16959064327
3 1.31578947368
5 1.41482739106
5 1.41482739106
5 1.5664160401
4 1.46198830409
4 1.40350877193
3 1.31578947368
2 1.16959064327
1 0.974658869396
4 1.40350877193
2 1.25313283208
2 1.25313283208
3 1.31578947368
5 1.46198830409
5 1.46198830409
4 1.46198830409
3 1.31578947368
3 1.31578947368
4 1.40350877193
3 1.46198830409
6 1.59489633174
4 1.46198830409
6 1.38504155125
2 1.09649122807
1 0.974658869396
5 1.51240169389
5 1.28998968008
42 1.69779286927
8 1.59489633174
1 0.974658869396
2 1.25313283208
5 1.41482739106
15 1.87969924812
1 0.974658869396
3 1.38504155125
60 1.71998624011
1 0.974658869396
4 1.52555301297
1 0.974658869396
56 1.71159606333
155 1.71240443678
2 1.34952766532
4 1.46198830409
180 2.01653559185
131 2.12015278048
5 1.5664160401
21 1.89907759088
7 1.42798857609
9 1.57894736842
24 1.69779286927
5 1.51240169389
2 1.25313283208
110 1.85203892649
2 1.25313283208
1 0.974658869396
1 0.974658869396
17 1.84102230886
1 0.974658869396
5 1.41482739106
1 0.974658869396
1 0.974658869396
1 0.974658869396
1 0.974658869396
1 0.974658869396
1 0.974658869396
1 0.974658869396
1 0.974658869396
1 0.974658869396
1 0.974658869396
26 1.81008075745
61 1.9247759687
15 1.64473684211
1 0.974658869396
112 1.81936322287
47 1.67593781201
1 0.974658869396
3 1.31578947368
7 1.46198830409
11 1.6081871345
33 1.76508344031
