6 4 24 52270 0
3 9 23 30000 1
6 20 39 60000 1
6 16 38 60000 1
4 13 28 40000 1
2 8 18 20000 1
6 28 41 60000 1
3 6 18 28064 0
2 3 16 20000 1
1 12 10 10000 1
4 35 37 40000 1
1 1 6 6042 0
3 3 9 16364 0
3 9 21 30000 1
3 26 25 30000 1
2 3 9 12705 0
5 34 42 50000 1
1 1 8 8056 0
2 8 18 20000 1
2 4 16 20000 1
1 4 10 10000 1
5 16 32 50000 1
2 2 7 10422 0
5 21 36 50000 1
3 19 22 30000 1
3 7 20 30000 1
4 8 24 38352 0
2 4 16 20000 1
3 5 19 30000 1
3 26 26 30000 1
5 27 38 50000 1
2 11 20 20000 1
1 3 10 10000 1
3 15 22 30000 1
5 4 12 24204 0
4 2 10 21638 0
4 23 28 40000 1
3 10 22 30000 1
3 5 19 30000 1
6 8 33 60000 1
4 23 36 40000 1
1 1 3 3021 0
2 7 18 20000 1
1 11 10 10000 1
4 28 35 40000 1
5 15 31 50000 1
2 1 3 4638 0
3 29 29 30000 1
5 24 33 50000 1
6 1 5 11747 0
5 16 33 50000 1
3 22 24 30000 1
2 8 18 20000 1
1 8 10 10000 1
3 16 25 30000 1
1 9 10 10000 1
1 1 5 5035 0
2 1 6 8774 0
3 26 28 30000 1
3 23 23 30000 1
5 7 26 50000 1
6 24 39 60000 1
1 4 10 10000 1
3 20 28 30000 1
4 2 14 32000 0
3 25 25 30000 1
1 3 10 10000 1
6 16 38 60000 1
4 5 15 28514 0
2 28 20 20000 1
5 34 37 50000 1
5 10 32 50000 1
4 11 28 40000 1
3 5 19 30000 1
3 9 22 30000 1
4 11 27 40000 1
1 2 10 10000 1
5 26 36 50000 1
5 25 31 50000 1
5 1 8 19372 0
5 11 36 50000 1
3 43 30 30000 1
2 12 18 20000 1
3 1 3 5314 0
2 24 20 20000 1
4 25 32 40000 1
5 20 34 50000 1
2 3 9 13914 0
5 18 34 50000 1
3 5 19 30000 1
5 29 35 50000 1
2 9 17 20000 1
4 17 27 40000 1
3 19 24 30000 1
6 14 32 60000 1
5 16 34 50000 1
6 33 40 60000 1
2 2 8 12522 0
5 22 36 50000 1
5 1 4 9417 0
3 9 22 30000 1
2 10 16 20000 1
6 1 3 5724 0
3 3 14 26621 0
6 13 34 60000 1
5 6 30 50000 1
1 4 10 10000 1
3 11 24 30000 1
2 22 20 20000 1
4 32 33 40000 1
3 10 25 30000 1
4 18 28 40000 1
3 35 30 30000 1
3 20 25 30000 1
5 44 39 50000 1
2 5 15 20000 1
6 3 9 21183 0
4 31 34 40000 1
5 13 35 50000 1
3 32 30 30000 1
5 11 33 48398 0
4 14 29 40000 1
2 9 14 20000 1
1 1 3 3021 0
3 11 23 30000 1
4 5 23 40000 1
5 1 5 11492 0
2 4 14 20000 1
1 1 3 3021 0
4 24 34 40000 1
1 3 10 10000 1
6 7 28 53860 0
4 3 19 36458 0
4 25 35 40000 1
5 27 36 50000 1
4 2 14 30458 0
4 19 27 40000 1
3 16 24 30000 1
6 4 26 55849 0
4 29 33 40000 1
4 11 28 40000 1
2 13 16 20000 1
3 2 10 20676 0
4 22 30 40000 1
5 25 32 50000 1
4 10 26 40000 1
3 16 24 30000 1
1 5 10 10000 1
4 10 26 40000 1
1 2 6 6042 0
1 5 10 10000 1
2 24 20 20000 1
4 11 29 40000 1
4 13 25 40000 1
2 2 9 13782 0
5 20 37 50000 1
4 6 23 40000 1
4 32 31 40000 1
3 18 25 30000 1
2 7 17 20000 1
6 10 34 60000 1
1 3 10 10000 1
6 2 6 12840 0
3 18 25 30000 1
4 2 8 17046 0
3 26 28 30000 1
6 19 38 60000 1
4 9 25 40000 1
5 11 32 50000 1
4 32 29 40000 1
2 5 14 20000 1
5 9 28 50000 1
5 27 34 50000 1
1 3 10 10000 1
3 1 6 12563 0
2 25 20 20000 1
4 24 32 40000 1
5 8 24 45628 0
6 13 39 60000 1
1 13 10 10000 1
3 30 30 30000 1
2 14 20 20000 1
1 3 10 10000 1
1 1 6 6042 0
1 13 10 10000 1
1 10 10 10000 1
3 1 3 5382 0
1 5 10 10000 1
106 15 66 179327 0
1 1 7 7049 0
1 2 10 10000 1
25 11 33 68608 0
35 2 7 18937 0
1 5 10 10000 1
2 5 15 20000 1
1 1 6 6042 0
41 21 93 198746 0
1 5 10 10000 1
1 7 10 10000 1
1 2 6 6042 0
5 12 31 50000 1
1 5 10 10000 1
33 10 36 77894 0
38 3 12 30087 0
1 1 7 7049 0
2 20 17 20000 1
20 29 99 200000 1
141 25 125 275098 0
77 24 116 253463 0
4 15 28 40000 1
1 1 6 6042 0
1 9 10 10000 1
19 1 4 12111 0
21 27 107 210000 1
1 6 10 10000 1
28 36 137 280000 1
101 24 92 194444 0
1 11 10 10000 1
1 10 10 10000 1
1 4 10 10000 1
1 3 10 10000 1
1 6 10 10000 1
1 3 10 10000 1
4 15 28 40000 1
1 3 10 10000 1
1 4 10 10000 1
118 9 36 92957 0
95 17 82 245988 0
1 7 10 10000 1
52 5 20 53686 0
1 1 4 4028 0
3 16 24 30000 1
177 52 749 1770000 1
11 27 66 110000 1
24 15 98 240000 1
49 13 45 101958 0
37 11 37 86830 0
36 17 126 360000 1
3 9 22 30000 1
1 3 10 10000 1
9 19 46 90000 1
39 31 180 390000 1
1 8 10 10000 1
1 9 10 10000 1
3 9 21 30000 1
26 3 9 20172 0
2 7 18 20000 1
11 20 63 110000 1
98 32 468 980000 1
5 29 39 50000 1
1 1 6 6042 0
5 25 38 50000 1
1 6 10 10000 1
80 42 434 800000 1
1 9 10 10000 1
1 1 5 5035 0
67 11 43 122998 0
35 1 5 12738 0
1 2 6 6042 0
3 3 11 21167 0
21 26 95 210000 1
1 1 6 6042 0
1 2 10 10000 1
