3 1.30434782609
6 1.53846153846
6 1.57894736842
4 1.42857142857
2 1.11111111111
6 1.46341463415
2 1.25
1 1.0
4 1.08108108108
3 1.42857142857
3 1.2
5 1.19047619048
2 1.11111111111
2 1.25
1 1.0
5 1.5625
5 1.38888888889
3 1.36363636364
3 1.5
2 1.25
3 1.57894736842
3 1.15384615385
5 1.31578947368
2 1.0
1 1.0
3 1.36363636364
4 1.42857142857
3 1.36363636364
3 1.57894736842
6 1.81818181818
4 1.11111111111
2 1.11111111111
1 1.0
4 1.14285714286
5 1.61290322581
3 1.03448275862
5 1.51515151515
5 1.51515151515
3 1.25
2 1.11111111111
1 1.0
3 1.2
1 1.0
3 1.07142857143
3 1.30434782609
5 1.92307692308
6 1.53846153846
1 1.0
3 1.07142857143
3 1.2
1 1.0
6 1.57894736842
2 1.0
5 1.35135135135
5 1.5625
4 1.42857142857
3 1.57894736842
3 1.36363636364
4 1.48148148148
1 1.0
5 1.38888888889
5 1.61290322581
5 1.38888888889
3 1.0
2 1.11111111111
2 1.0
4 1.25
5 1.47058823529
5 1.47058823529
3 1.57894736842
5 1.42857142857
2 1.17647058824
4 1.48148148148
3 1.25
6 1.875
5 1.47058823529
6 1.5
5 1.38888888889
3 1.36363636364
2 1.25
6 1.76470588235
5 1.66666666667
1 1.0
3 1.25
2 1.0
4 1.21212121212
3 1.2
4 1.42857142857
3 1.0
3 1.2
5 1.28205128205
2 1.33333333333
4 1.17647058824
5 1.42857142857
3 1.0
4 1.37931034483
2 1.42857142857
3 1.30434782609
4 1.73913043478
2 1.42857142857
4 1.17647058824
1 1.0
4 1.14285714286
5 1.38888888889
4 1.48148148148
3 1.25
4 1.21212121212
4 1.42857142857
2 1.25
4 1.33333333333
5 1.5625
4 1.53846153846
3 1.25
1 1.0
4 1.53846153846
1 1.0
2 1.0
4 1.37931034483
4 1.6
5 1.35135135135
4 1.73913043478
4 1.29032258065
3 1.2
2 1.17647058824
6 1.76470588235
1 1.0
3 1.2
3 1.07142857143
6 1.57894736842
4 1.6
5 1.5625
4 1.37931034483
2 1.42857142857
5 1.78571428571
5 1.47058823529
1 1.0
2 1.0
4 1.25
6 1.53846153846
1 1.0
3 1.0
2 1.0
1 1.0
1 1.0
1 1.0
1 1.0
1 1.0
1 1.0
2 1.33333333333
1 1.0
1 1.0
5 1.61290322581
1 1.0
2 1.17647058824
20 2.0202020202
4 1.42857142857
1 1.0
21 1.96261682243
1 1.0
28 2.04379562044
1 1.0
1 1.0
1 1.0
1 1.0
1 1.0
1 1.0
4 1.42857142857
1 1.0
1 1.0
1 1.0
3 1.25
177 2.36315086782
11 1.66666666667
24 2.44897959184
36 2.85714285714
3 1.36363636364
1 1.0
9 1.95652173913
39 2.16666666667
1 1.0
1 1.0
3 1.42857142857
2 1.11111111111
11 1.74603174603
98 2.09401709402
5 1.28205128205
5 1.31578947368
1 1.0
80 1.84331797235
1 1.0
21 2.21052631579
1 1.0
