4 1 4 12541 0
3 10 15 30000 1
3 11 18 30000 1
5 9 21 50000 1
1 7 8 10000 1
4 3 12 36429 0
5 1 3 10235 0
3 20 18 30000 1
4 5 16 40000 1
3 1 9 26308 0
5 18 29 50000 1
3 12 20 30000 1
2 12 16 20000 1
2 13 16 20000 1
6 12 25 60000 1
5 2 12 43360 0
2 1 9 18411 0
6 6 24 59819 0
1 1 5 7040 0
1 2 6 8448 0
4 2 14 39924 0
5 3 12 42371 0
1 1 5 7040 0
4 1 5 16823 0
4 1 5 17227 0
5 20 27 50000 1
1 1 7 9856 0
2 5 12 20000 1
2 6 14 20000 1
5 20 27 50000 1
4 3 15 40000 1
1 9 8 10000 1
4 20 27 40000 1
4 4 15 40000 1
5 9 21 50000 1
5 28 37 50000 1
4 1 6 20333 0
5 2 14 47826 0
3 6 16 30000 1
3 16 24 30000 1
4 13 23 40000 1
3 18 22 30000 1
4 18 27 40000 1
4 6 17 40000 1
2 5 13 20000 1
2 15 16 20000 1
3 7 16 30000 1
3 4 13 30000 1
6 21 31 60000 1
5 34 28 50000 1
5 20 25 50000 1
1 7 8 10000 1
2 3 11 20000 1
3 1 4 11110 0
3 15 19 30000 1
4 9 19 40000 1
1 1 7 9856 0
6 5 19 60000 1
1 3 8 10000 1
6 13 28 60000 1
3 8 17 30000 1
1 2 8 10000 1
3 12 17 30000 1
3 1 8 24033 0
6 1 4 14571 0
1 1 8 10000 1
1 1 4 5632 0
4 2 10 33454 0
3 3 12 28997 0
4 5 14 40000 1
1 3 8 10000 1
2 1 6 13004 0
1 4 8 10000 1
2 7 11 20000 1
2 15 16 20000 1
1 6 8 10000 1
1 1 4 5632 0
1 3 8 10000 1
5 8 22 50000 1
3 11 20 30000 1
4 7 17 40000 1
3 20 24 30000 1
3 13 19 30000 1
3 7 13 30000 1
4 9 20 40000 1
5 10 24 50000 1
1 9 8 10000 1
2 1 5 10742 0
2 15 16 20000 1
2 6 11 20000 1
1 9 8 10000 1
6 8 23 60000 1
2 14 16 20000 1
5 10 22 50000 1
5 23 28 50000 1
3 3 13 30000 1
3 15 21 30000 1
6 1 3 10353 0
4 17 25 40000 1
3 3 13 30000 1
5 23 32 50000 1
3 8 17 30000 1
1 4 8 10000 1
4 2 10 31925 0
4 9 20 40000 1
5 3 18 50000 1
4 14 18 40000 1
4 21 25 40000 1
3 19 19 30000 1
2 8 13 20000 1
6 1 3 9655 0
2 13 16 20000 1
1 8 8 10000 1
6 18 25 60000 1
4 1 7 24300 0
3 11 14 30000 1
2 1 4 8367 0
2 6 14 20000 1
1 1 4 5632 0
4 17 26 40000 1
2 10 15 20000 1
4 14 23 40000 1
3 1 8 24703 0
1 3 8 10000 1
2 3 12 20000 1
2 17 16 20000 1
5 3 12 43871 0
3 1 4 11083 0
1 5 8 10000 1
1 1 3 4224 0
2 10 14 20000 1
4 17 25 40000 1
6 4 20 60000 1
4 1 6 20349 0
4 11 18 40000 1
4 25 30 40000 1
3 11 18 30000 1
4 21 26 40000 1
6 19 31 60000 1
1 1 4 5632 0
4 12 22 40000 1
5 14 24 50000 1
1 3 8 10000 1
3 1 7 20531 0
5 12 24 50000 1
2 1 5 10572 0
3 7 17 30000 1
5 12 23 50000 1
2 19 16 20000 1
3 1 6 17416 0
6 11 23 60000 1
1 4 8 10000 1
3 16 19 30000 1
1 3 8 10000 1
2 1 4 8386 0
5 7 20 50000 1
2 5 12 20000 1
4 9 20 40000 1
2 20 16 20000 1
1 9 8 10000 1
4 4 15 40000 1
5 1 4 14584 0
4 8 18 40000 1
2 13 15 20000 1
4 9 18 40000 1
5 13 23 50000 1
6 5 24 60000 1
3 1 9 26085 0
1 1 5 7040 0
3 15 19 30000 1
1 9 8 10000 1
5 4 16 48196 0
1 5 8 10000 1
2 13 15 20000 1
2 1 4 8507 0
5 9 19 50000 1
3 2 8 22238 0
1 8 8 10000 1
1 8 8 10000 1
1 9 8 10000 1
4 11 16 40000 1
2 6 14 20000 1
1 2 8 10000 1
2 4 12 20000 1
4 16 25 40000 1
2 9 16 20000 1
1 6 8 10000 1
13 43 86 130000 1
1 1 5 7040 0
3 13 17 30000 1
36 9 31 118256 0
1 5 8 10000 1
145 12 72 281254 0
4 11 20 40000 1
5 12 23 50000 1
1 4 8 10000 1
57 13 91 391290 0
1 4 8 10000 1
1 2 8 10000 1
1 2 8 10000 1
8 12 32 80000 1
1 6 8 10000 1
1 2 8 10000 1
33 12 63 242778 0
40 31 151 400000 1
1 1 5 7040 0
1 6 8 10000 1
13 1 4 16487 0
92 22 267 920000 1
2 3 12 20000 1
1 4 8 10000 1
103 42 643 1030000 1
1 1 5 7040 0
1 1 4 5632 0
2 1 5 11618 0
1 9 8 10000 1
16 8 32 122442 0
8 11 31 80000 1
115 13 141 556691 0
1 1 8 10000 1
25 7 25 95162 0
90 18 162 492621 0
1 2 8 10000 1
5 25 29 50000 1
1 6 8 10000 1
6 14 28 60000 1
13 19 55 130000 1
1 2 8 10000 1
1 1 8 10000 1
1 1 7 9856 0
1 10 8 10000 1
2 1 4 8367 0
1 1 4 5632 0
27 23 108 270000 1
1 3 8 10000 1
95 15 81 285531 0
1 1 7 9856 0
1 1 4 5632 0
1 7 8 10000 1
35 20 130 350000 1
54 28 234 540000 1
1 8 8 10000 1
1 1 3 4224 0
30 38 168 300000 1
3 14 21 30000 1
1 8 8 10000 1
12 8 39 120000 1
9 14 35 90000 1
1 1 6 8448 0
5 2 8 28460 0
110 31 421 1100000 1
1 6 8 10000 1
9 5 25 87462 0
1 1 7 9856 0
1 2 8 10000 1
1 9 8 10000 1
1 7 8 10000 1
1 1 6 8448 0
13 24 47 130000 1
1 2 8 10000 1
1 2 8 10000 1
1 4 8 10000 1
1 1 5 7040 0
