1 3.57142857143
4 4.7619047619
1 3.57142857143
3 7.14285714286
1 3.57142857143
2 4.7619047619
4 7.14285714286
4 7.14285714286
3 7.14285714286
1 3.57142857143
1 3.57142857143
4 7.14285714286
3 7.14285714286
1 3.57142857143
3 7.14285714286
1 3.57142857143
1 3.57142857143
2 4.7619047619
1 3.57142857143
1 3.57142857143
4 7.14285714286
2 4.7619047619
4 5.71428571429
2 4.7619047619
2 4.7619047619
4 5.71428571429
3 7.14285714286
4 5.71428571429
2 4.7619047619
3 7.14285714286
2 4.7619047619
1 3.57142857143
3 7.14285714286
3 7.14285714286
1 3.57142857143
1 3.57142857143
4 7.14285714286
2 4.7619047619
5 7.14285714286
2 4.7619047619
3 7.14285714286
1 3.57142857143
1 3.57142857143
4 7.14285714286
4 4.7619047619
2 4.7619047619
3 7.14285714286
3 7.14285714286
1 3.57142857143
3 7.14285714286
3 5.35714285714
1 3.57142857143
2 4.7619047619
1 3.57142857143
4 7.14285714286
1 3.57142857143
4 7.14285714286
1 3.57142857143
5 7.14285714286
2 4.7619047619
1 3.57142857143
4 7.14285714286
3 7.14285714286
1 3.57142857143
3 7.14285714286
2 4.7619047619
3 7.14285714286
3 5.35714285714
4 5.71428571429
3 7.14285714286
2 4.7619047619
4 7.14285714286
1 3.57142857143
3 7.14285714286
1 3.57142857143
2 7.14285714286
3 7.14285714286
4 5.71428571429
1 3.57142857143
1 3.57142857143
4 5.71428571429
2 4.7619047619
1 3.57142857143
3 7.14285714286
2 4.7619047619
1 3.57142857143
4 7.14285714286
2 4.7619047619
3 7.14285714286
3 7.14285714286
3 7.14285714286
4 7.14285714286
3 7.14285714286
2 4.7619047619
5 7.14285714286
4 7.14285714286
2 4.7619047619
4 7.14285714286
5 7.14285714286
4 5.71428571429
21 7.89473684211
3 7.14285714286
10 6.49350649351
10 6.49350649351
11 10.5761904762
10 9.98202380952
11 10.4207142857
16 6.72268907563
8 9.31630952381
14 11.6095238095
19 7.53968253968
10 7.14285714286
19 12.6963095238
