1 3 6 10000 1
1 4 6 10000 1
5 5 16 50000 1
1 1 6 10000 1
4 5 14 40000 1
5 1 7 36368 0
2 1 5 14405 0
4 18 20 40000 1
4 10 17 40000 1
5 14 21 50000 1
5 1 5 26033 0
3 10 16 30000 1
4 1 6 28265 0
3 14 17 30000 1
3 6 14 30000 1
6 14 22 60000 1
4 5 13 40000 1
2 3 10 20000 1
4 9 14 40000 1
1 2 6 10000 1
5 12 20 50000 1
3 1 8 29925 0
1 1 6 10000 1
4 1 8 36691 0
3 5 11 30000 1
6 7 17 60000 1
4 9 17 40000 1
6 17 24 60000 1
5 1 5 25832 0
4 8 16 40000 1
3 1 4 14785 0
3 9 15 30000 1
2 2 9 20000 1
5 8 18 50000 1
1 2 6 10000 1
3 6 13 30000 1
3 13 14 30000 1
2 4 10 20000 1
1 1 6 10000 1
4 1 7 34005 0
4 1 5 23324 0
2 1 7 20000 1
4 1 7 33539 0
6 9 19 60000 1
3 1 4 14749 0
2 3 10 20000 1
2 2 8 19273 0
2 9 11 20000 1
3 7 14 30000 1
5 9 17 50000 1
5 13 20 50000 1
3 13 18 30000 1
1 1 6 10000 1
1 4 6 10000 1
6 6 19 60000 1
2 1 8 20000 1
3 1 5 21667 0
3 2 9 30000 1
4 2 8 34058 0
1 1 4 7236 0
1 1 6 10000 1
2 2 9 20000 1
3 10 16 30000 1
1 1 6 10000 1
3 1 4 14940 0
3 4 11 30000 1
4 2 8 34562 0
3 13 18 30000 1
6 14 22 60000 1
1 1 4 7236 0
2 3 10 20000 1
1 1 5 9045 0
5 7 16 50000 1
1 3 6 10000 1
2 1 8 20000 1
6 22 28 60000 1
5 6 16 50000 1
4 11 18 40000 1
5 1 5 25580 0
4 1 4 17448 0
4 9 17 40000 1
6 9 18 60000 1
5 8 16 50000 1
2 2 9 20000 1
5 5 14 50000 1
1 1 6 10000 1
2 1 5 14254 0
3 10 16 30000 1
1 4 6 10000 1
4 16 20 40000 1
4 4 12 40000 1
4 4 13 40000 1
3 7 12 30000 1
3 14 18 30000 1
1 2 6 10000 1
6 6 17 60000 1
4 14 15 40000 1
3 13 18 30000 1
4 17 23 40000 1
6 8 15 60000 1
4 1 5 22563 0
3 1 4 15065 0
2 6 11 20000 1
3 6 13 30000 1
1 1 5 9045 0
4 5 13 40000 1
5 14 21 50000 1
6 1 8 46907 0
2 1 6 16944 0
4 3 11 40000 1
1 2 6 10000 1
1 1 6 10000 1
1 1 4 7236 0
5 1 4 19667 0
5 14 21 50000 1
5 1 6 32405 0
4 1 8 37862 0
1 3 6 10000 1
5 2 8 38216 0
2 6 10 20000 1
4 8 15 40000 1
1 1 6 10000 1
4 4 13 40000 1
5 5 16 50000 1
3 3 11 30000 1
1 2 6 10000 1
3 3 11 30000 1
2 4 10 20000 1
3 1 8 30000 1
5 1 6 31097 0
1 3 6 10000 1
4 16 19 40000 1
1 1 6 10000 1
3 1 4 15102 0
3 1 4 15020 0
3 4 12 30000 1
3 1 4 15017 0
3 1 6 23696 0
3 6 13 30000 1
4 1 6 28589 0
6 3 12 58043 0
3 8 14 30000 1
3 7 14 30000 1
5 9 18 50000 1
4 16 22 40000 1
1 3 6 10000 1
4 8 15 40000 1
4 1 5 22564 0
6 2 13 60000 1
5 1 7 38914 0
2 1 5 14319 0
5 11 20 50000 1
3 1 5 19586 0
3 1 5 19546 0
2 1 5 14231 0
2 1 6 16922 0
5 1 6 31836 0
6 11 21 60000 1
6 1 9 50787 0
2 2 9 20000 1
1 1 6 10000 1
5 4 14 50000 1
3 6 13 30000 1
1 2 6 10000 1
1 2 6 10000 1
2 6 12 20000 1
3 11 17 30000 1
3 4 10 30000 1
5 14 18 50000 1
1 1 6 10000 1
3 11 17 30000 1
2 4 10 20000 1
6 21 26 60000 1
1 1 6 10000 1
6 14 21 60000 1
2 3 10 20000 1
6 5 17 60000 1
6 1 8 46469 0
3 5 12 30000 1
3 7 13 30000 1
5 5 15 50000 1
5 10 19 50000 1
147 13 333 1470000 1
128 21 533 1280000 1
1 4 6 10000 1
2 1 8 20000 1
2 1 8 20000 1
1 1 6 10000 1
1 1 5 9045 0
17 7 35 166480 0
24 16 65 240000 1
1 3 6 10000 1
1 2 6 10000 1
66 27 332 660000 1
11 7 26 110000 1
28 21 93 280000 1
1 3 6 10000 1
1 1 5 9045 0
1 1 5 9045 0
1 4 6 10000 1
1 1 5 9045 0
37 19 87 370000 1
13 21 46 130000 1
1 1 6 10000 1
1 1 4 7236 0
1 1 6 10000 1
1 1 6 10000 1
156 11 348 1560000 1
1 3 6 10000 1
1 4 6 10000 1
1 2 6 10000 1
1 4 6 10000 1
58 2 8 55374 0
3 10 15 30000 1
31 30 162 310000 1
1 1 6 10000 1
1 1 4 7236 0
23 13 70 230000 1
26 5 30 207541 0
1 1 5 9045 0
12 4 20 110109 0
83 24 250 830000 1
9 13 34 90000 1
112 39 672 1120000 1
17 1 4 24252 0
31 2 16 108840 0
12 22 56 120000 1
84 5 49 383717 0
20 21 82 200000 1
1 1 6 10000 1
1 1 6 10000 1
2 1 8 20000 1
2 1 8 20000 1
14 12 39 140000 1
5 9 14 50000 1
27 25 132 270000 1
9 6 24 90000 1
31 1 6 42632 0
1 3 6 10000 1
59 2 12 105988 0
2 4 10 20000 1
1 1 4 7236 0
68 22 209 680000 1
1 1 6 10000 1
13 23 62 130000 1
1 1 6 10000 1
1 1 4 7236 0
1 2 6 10000 1
1 4 6 10000 1
1 2 6 10000 1
7 2 8 44790 0
1 4 6 10000 1
183 20 625 1830000 1
75 51 450 750000 1
7 15 27 70000 1
1 1 4 7236 0
6 1 6 35256 0
1 2 6 10000 1
1 4 6 10000 1
1 1 5 9045 0
12 13 36 120000 1
1 2 6 10000 1
1 4 6 10000 1
