1 0.925925925926
1 0.925925925926
5 1.73611111111
1 0.925925925926
4 1.5873015873
4 1.11111111111
4 1.30718954248
5 1.32275132275
3 1.04166666667
3 0.980392156863
3 1.19047619048
6 1.51515151515
4 1.7094017094
2 1.11111111111
4 1.5873015873
1 0.925925925926
5 1.38888888889
1 0.925925925926
3 1.51515151515
6 1.96078431373
4 1.30718954248
6 1.38888888889
4 1.38888888889
3 1.11111111111
2 1.23456790123
5 1.54320987654
1 0.925925925926
3 1.28205128205
3 1.19047619048
2 1.11111111111
1 0.925925925926
2 1.5873015873
6 1.75438596491
2 1.11111111111
2 1.0101010101
3 1.19047619048
5 1.6339869281
5 1.38888888889
3 0.925925925926
1 0.925925925926
1 0.925925925926
6 1.75438596491
2 1.38888888889
3 1.85185185185
1 0.925925925926
2 1.23456790123
3 1.04166666667
1 0.925925925926
3 1.51515151515
3 0.925925925926
6 1.51515151515
2 1.11111111111
5 1.73611111111
1 0.925925925926
2 1.38888888889
6 1.19047619048
5 1.73611111111
4 1.23456790123
4 1.30718954248
6 1.85185185185
5 1.73611111111
2 1.23456790123
5 1.98412698413
1 0.925925925926
3 1.04166666667
1 0.925925925926
4 1.11111111111
4 1.85185185185
4 1.7094017094
3 1.38888888889
3 0.925925925926
1 0.925925925926
6 1.96078431373
4 1.48148148148
3 0.925925925926
4 0.966183574879
6 2.22222222222
2 1.0101010101
3 1.28205128205
4 1.7094017094
5 1.32275132275
4 2.0202020202
1 0.925925925926
1 0.925925925926
5 1.32275132275
1 0.925925925926
2 1.11111111111
4 1.48148148148
1 0.925925925926
4 1.7094017094
5 1.73611111111
3 1.51515151515
1 0.925925925926
3 1.51515151515
2 1.11111111111
3 2.08333333333
1 0.925925925926
4 1.16959064327
1 0.925925925926
3 1.38888888889
3 1.28205128205
3 1.19047619048
3 1.19047619048
5 1.54320987654
4 1.0101010101
1 0.925925925926
4 1.48148148148
6 2.5641025641
5 1.38888888889
6 1.5873015873
2 1.23456790123
1 0.925925925926
5 1.98412698413
3 1.28205128205
1 0.925925925926
1 0.925925925926
2 0.925925925926
3 0.980392156863
3 1.66666666667
5 1.54320987654
1 0.925925925926
3 0.980392156863
2 1.11111111111
6 1.28205128205
1 0.925925925926
6 1.5873015873
2 1.11111111111
6 1.96078431373
3 1.38888888889
3 1.28205128205
5 1.85185185185
5 1.46198830409
147 2.45245245245
128 1.33416718783
1 0.925925925926
2 1.38888888889
2 1.38888888889
1 0.925925925926
24 2.05128205128
1 0.925925925926
1 0.925925925926
66 1.10441767068
11 2.35042735043
28 1.67264038232
1 0.925925925926
1 0.925925925926
37 2.36270753512
13 1.57004830918
1 0.925925925926
1 0.925925925926
1 0.925925925926
156 2.49042145594
1 0.925925925926
1 0.925925925926
1 0.925925925926
1 0.925925925926
3 1.11111111111
31 1.06310013717
1 0.925925925926
23 1.8253968254
83 1.84444444444
9 1.47058823529
112 0.925925925926
12 1.19047619048
20 1.35501355014
1 0.925925925926
1 0.925925925926
2 1.38888888889
2 1.38888888889
14 1.9943019943
5 1.98412698413
27 1.13636363636
9 2.08333333333
1 0.925925925926
2 1.11111111111
68 1.80754917597
1 0.925925925926
13 1.16487455197
1 0.925925925926
1 0.925925925926
1 0.925925925926
1 0.925925925926
1 0.925925925926
183 1.62666666667
75 0.925925925926
7 1.44032921811
1 0.925925925926
1 0.925925925926
12 1.85185185185
1 0.925925925926
1 0.925925925926
