1 1 3 10000 1
4 2 12 40000 1
5 3 15 50000 1
1 1 3 10000 1
2 2 6 20000 1
5 8 15 50000 1
2 1 6 20000 1
4 2 12 40000 1
2 1 6 20000 1
5 3 12 44798 0
1 2 3 10000 1
4 2 12 40000 1
4 1 6 24798 0
2 1 6 20000 1
1 1 3 10000 1
2 1 6 20000 1
1 1 3 10000 1
3 3 9 30000 1
4 1 8 33064 0
2 3 6 20000 1
2 1 6 20000 1
2 1 6 20000 1
1 1 3 10000 1
3 1 9 30000 1
3 5 9 30000 1
4 1 8 30665 0
2 2 6 20000 1
4 1 9 34798 0
3 3 9 30000 1
2 1 6 20000 1
2 2 6 20000 1
1 2 3 10000 1
1 1 3 10000 1
2 3 6 20000 1
2 1 6 20000 1
3 4 9 30000 1
4 5 12 40000 1
3 3 9 30000 1
4 1 6 24798 0
4 3 12 40000 1
3 4 9 30000 1
1 2 3 10000 1
3 5 9 30000 1
1 2 3 10000 1
3 1 9 30000 1
2 2 6 20000 1
5 1 11 43064 0
2 2 6 20000 1
3 1 7 26532 0
3 1 7 26532 0
3 1 9 30000 1
4 6 12 40000 1
2 1 6 20000 1
5 1 8 33064 0
2 1 4 16532 0
2 3 6 20000 1
4 4 12 40000 1
3 4 9 30000 1
2 5 6 20000 1
3 1 5 20665 0
3 1 7 26532 0
3 2 9 30000 1
2 2 6 20000 1
3 4 9 30000 1
2 1 4 16532 0
2 1 5 18266 0
1 1 3 10000 1
2 3 6 20000 1
2 1 5 18266 0
4 3 12 40000 1
2 1 6 20000 1
2 1 6 20000 1
1 1 3 10000 1
1 1 3 10000 1
1 1 3 10000 1
1 1 3 10000 1
2 1 6 20000 1
3 2 8 28266 0
4 6 12 40000 1
3 3 9 30000 1
2 1 6 20000 1
2 1 6 20000 1
4 1 10 36532 0
3 5 9 30000 1
4 1 6 24798 0
2 1 6 20000 1
1 1 3 10000 1
3 2 9 30000 1
1 1 3 10000 1
2 3 6 20000 1
1 2 3 10000 1
1 2 3 10000 1
1 1 3 10000 1
2 5 6 20000 1
1 1 3 10000 1
1 1 3 10000 1
5 4 15 50000 1
4 1 6 24798 0
1 1 3 10000 1
3 1 7 26532 0
4 3 12 40000 1
1 2 3 10000 1
1 1 3 10000 1
4 4 12 40000 1
1 2 3 10000 1
2 1 6 20000 1
3 3 9 30000 1
1 1 3 10000 1
3 1 9 30000 1
4 2 12 40000 1
3 2 9 30000 1
1 2 3 10000 1
3 2 9 30000 1
4 5 12 40000 1
3 1 9 30000 1
2 2 6 20000 1
3 2 9 30000 1
3 4 9 30000 1
2 2 6 20000 1
2 2 6 20000 1
2 1 6 20000 1
4 7 12 40000 1
1 1 3 10000 1
4 3 12 40000 1
11 9 33 110000 1
21 1 7 28931 0
20 2 18 74394 0
18 1 5 20665 0
20 7 60 200000 1
9 1 6 24798 0
