1 5.55555555556
4 5.55555555556
5 5.55555555556
1 5.55555555556
2 5.55555555556
5 5.55555555556
2 5.55555555556
4 5.55555555556
2 5.55555555556
5 6.22194444444
1 5.55555555556
4 5.55555555556
4 6.88833333333
2 5.55555555556
1 5.55555555556
2 5.55555555556
1 5.55555555556
3 5.55555555556
4 6.88833333333
2 5.55555555556
2 5.55555555556
2 5.55555555556
1 5.55555555556
3 5.55555555556
3 5.55555555556
4 6.38854166667
2 5.55555555556
4 6.44407407407
3 5.55555555556
2 5.55555555556
2 5.55555555556
1 5.55555555556
1 5.55555555556
2 5.55555555556
2 5.55555555556
3 5.55555555556
4 5.55555555556
3 5.55555555556
4 6.88833333333
4 5.55555555556
3 5.55555555556
1 5.55555555556
3 5.55555555556
1 5.55555555556
3 5.55555555556
2 5.55555555556
5 6.52484848485
2 5.55555555556
3 6.31714285714
3 6.31714285714
3 5.55555555556
4 5.55555555556
2 5.55555555556
5 6.88833333333
2 6.88833333333
2 5.55555555556
4 5.55555555556
3 5.55555555556
2 5.55555555556
3 6.88833333333
3 6.31714285714
3 5.55555555556
2 5.55555555556
3 5.55555555556
2 6.88833333333
2 6.08866666667
1 5.55555555556
2 5.55555555556
2 6.08866666667
4 5.55555555556
2 5.55555555556
2 5.55555555556
1 5.55555555556
1 5.55555555556
1 5.55555555556
1 5.55555555556
2 5.55555555556
3 5.88875
4 5.55555555556
3 5.55555555556
2 5.55555555556
2 5.55555555556
4 6.08866666667
3 5.55555555556
4 6.88833333333
2 5.55555555556
1 5.55555555556
3 5.55555555556
1 5.55555555556
2 5.55555555556
1 5.55555555556
1 5.55555555556
1 5.55555555556
2 5.55555555556
1 5.55555555556
1 5.55555555556
5 5.55555555556
4 6.88833333333
1 5.55555555556
3 6.31714285714
4 5.55555555556
1 5.55555555556
1 5.55555555556
4 5.55555555556
1 5.55555555556
2 5.55555555556
3 5.55555555556
1 5.55555555556
3 5.55555555556
4 5.55555555556
3 5.55555555556
1 5.55555555556
3 5.55555555556
4 5.55555555556
3 5.55555555556
2 5.55555555556
3 5.55555555556
3 5.55555555556
2 5.55555555556
2 5.55555555556
2 5.55555555556
4 5.55555555556
1 5.55555555556
4 5.55555555556
11 5.55555555556
21 6.88833333333
20 6.88833333333
18 6.88833333333
20 5.55555555556
9 6.88833333333
