3 2 6 30000 1
3 1 6 30000 1
1 1 2 10000 1
4 1 8 40000 1
3 1 6 30000 1
3 1 6 30000 1
4 1 8 40000 1
2 1 4 20000 1
1 1 2 10000 1
4 1 8 40000 1
3 1 6 30000 1
2 1 4 20000 1
1 1 2 10000 1
4 2 8 40000 1
3 1 6 30000 1
4 1 8 40000 1
1 1 2 10000 1
4 1 8 40000 1
4 1 8 40000 1
1 1 2 10000 1
2 1 4 20000 1
3 1 6 30000 1
2 1 4 20000 1
3 1 6 30000 1
4 1 8 40000 1
2 1 4 20000 1
4 1 8 40000 1
4 1 8 40000 1
3 1 6 30000 1
1 1 2 10000 1
1 1 2 10000 1
3 1 6 30000 1
3 1 6 30000 1
1 1 2 10000 1
5 2 10 50000 1
1 1 2 10000 1
2 1 4 20000 1
2 1 4 20000 1
3 1 6 30000 1
1 1 2 10000 1
1 1 2 10000 1
4 1 8 40000 1
3 1 6 30000 1
4 1 8 40000 1
4 1 8 40000 1
5 2 10 50000 1
2 1 4 20000 1
4 1 8 40000 1
3 1 6 30000 1
4 2 8 40000 1
4 1 8 40000 1
4 1 8 40000 1
1 1 2 10000 1
3 1 6 30000 1
4 1 8 40000 1
2 1 4 20000 1
4 2 8 40000 1
3 2 6 30000 1
3 1 6 30000 1
4 1 8 40000 1
5 1 10 50000 1
1 1 2 10000 1
2 1 4 20000 1
5 2 10 50000 1
3 1 6 30000 1
2 1 4 20000 1
3 1 6 30000 1
2 1 4 20000 1
3 1 6 30000 1
2 1 4 20000 1
3 1 6 30000 1
3 1 6 30000 1
3 1 6 30000 1
2 1 4 20000 1
4 1 8 40000 1
3 1 6 30000 1
3 1 6 30000 1
1 1 2 10000 1
4 1 8 40000 1
1 1 2 10000 1
1 1 2 10000 1
4 1 8 40000 1
5 2 10 50000 1
1 1 2 10000 1
3 1 6 30000 1
4 1 8 40000 1
3 1 6 30000 1
1 1 2 10000 1
4 2 8 40000 1
1 1 2 10000 1
4 1 8 40000 1
2 1 4 20000 1
2 1 4 20000 1
1 1 2 10000 1
5 1 10 50000 1
1 1 2 10000 1
3 1 6 30000 1
2 1 4 20000 1
3 1 6 30000 1
4 1 8 40000 1
2 1 4 20000 1
4 1 8 40000 1
1 1 2 10000 1
1 1 2 10000 1
4 1 8 40000 1
4 1 8 40000 1
4 1 8 40000 1
3 1 6 30000 1
4 1 8 40000 1
3 1 6 30000 1
1 1 2 10000 1
1 1 2 10000 1
4 1 8 40000 1
3 1 6 30000 1
2 1 4 20000 1
2 1 4 20000 1
4 1 8 40000 1
12 3 24 120000 1
13 1 9 55539 0
11 1 10 61710 0
20 1 18 111078 0
9 1 11 63197 0
