3 5.55555555556
3 5.55555555556
1 5.55555555556
4 5.55555555556
3 5.55555555556
3 5.55555555556
4 5.55555555556
2 5.55555555556
1 5.55555555556
4 5.55555555556
3 5.55555555556
2 5.55555555556
1 5.55555555556
4 5.55555555556
3 5.55555555556
4 5.55555555556
1 5.55555555556
4 5.55555555556
4 5.55555555556
1 5.55555555556
2 5.55555555556
3 5.55555555556
2 5.55555555556
3 5.55555555556
4 5.55555555556
2 5.55555555556
4 5.55555555556
4 5.55555555556
3 5.55555555556
1 5.55555555556
1 5.55555555556
3 5.55555555556
3 5.55555555556
1 5.55555555556
5 5.55555555556
1 5.55555555556
2 5.55555555556
2 5.55555555556
3 5.55555555556
1 5.55555555556
1 5.55555555556
4 5.55555555556
3 5.55555555556
4 5.55555555556
4 5.55555555556
5 5.55555555556
2 5.55555555556
4 5.55555555556
3 5.55555555556
4 5.55555555556
4 5.55555555556
4 5.55555555556
1 5.55555555556
3 5.55555555556
4 5.55555555556
2 5.55555555556
4 5.55555555556
3 5.55555555556
3 5.55555555556
4 5.55555555556
5 5.55555555556
1 5.55555555556
2 5.55555555556
5 5.55555555556
3 5.55555555556
2 5.55555555556
3 5.55555555556
2 5.55555555556
3 5.55555555556
2 5.55555555556
3 5.55555555556
3 5.55555555556
3 5.55555555556
2 5.55555555556
4 5.55555555556
3 5.55555555556
3 5.55555555556
1 5.55555555556
4 5.55555555556
1 5.55555555556
1 5.55555555556
4 5.55555555556
5 5.55555555556
1 5.55555555556
3 5.55555555556
4 5.55555555556
3 5.55555555556
1 5.55555555556
4 5.55555555556
1 5.55555555556
4 5.55555555556
2 5.55555555556
2 5.55555555556
1 5.55555555556
5 5.55555555556
1 5.55555555556
3 5.55555555556
2 5.55555555556
3 5.55555555556
4 5.55555555556
2 5.55555555556
4 5.55555555556
1 5.55555555556
1 5.55555555556
4 5.55555555556
4 5.55555555556
4 5.55555555556
3 5.55555555556
4 5.55555555556
3 5.55555555556
1 5.55555555556
1 5.55555555556
4 5.55555555556
3 5.55555555556
2 5.55555555556
2 5.55555555556
4 5.55555555556
12 5.55555555556
13 6.85666666667
11 6.85666666667
20 6.85666666667
9 6.38353535354
