10 1 4 24800 0
10 1 7 43400 0
7 2 11 58600 0
4 1 5 28600 0
4 3 8 40000 1
10 0 0 0 0
4 0 0 0 0
5 0 0 0 0
1 0 0 0 0
10 0 0 0 0
4 0 0 0 0
4 2 8 40000 1
8 0 0 0 0
3 2 6 30000 1
10 1 8 49600 0
6 2 8 44800 0
8 2 16 80000 1
5 3 10 50000 1
1 0 0 0 0
9 1 8 49600 0
3 0 0 0 0
5 1 4 24800 0
1 0 0 0 0
10 4 20 100000 1
9 1 5 31000 0
2 2 4 20000 1
8 3 16 80000 1
7 4 14 70000 1
4 3 8 40000 1
6 3 12 60000 1
8 3 16 80000 1
9 4 18 90000 1
7 2 14 70000 1
5 0 0 0 0
5 1 10 50000 1
5 2 10 50000 1
5 1 6 34800 0
10 3 20 100000 1
9 3 18 90000 1
7 0 0 0 0
2 0 0 0 0
4 1 6 32400 0
7 0 0 0 0
7 1 5 31000 0
3 1 6 30000 1
9 2 16 82400 0
2 0 0 0 0
4 1 7 36200 0
8 1 5 31000 0
4 0 0 0 0
6 5 12 60000 1
7 3 14 70000 1
5 4 10 50000 1
6 4 12 60000 1
2 1 4 20000 1
7 2 14 70000 1
8 2 8 47200 0
1 1 2 10000 1
4 1 5 28600 0
4 0 0 0 0
3 4 6 30000 1
7 2 12 62400 0
7 3 14 70000 1
2 0 0 0 0
8 2 8 47200 0
10 2 8 47200 0
7 5 14 70000 1
1 0 0 0 0
1 0 0 0 0
10 0 0 0 0
6 2 12 60000 1
5 0 0 0 0
9 3 12 67200 0
1 0 0 0 0
7 4 14 70000 1
2 2 4 20000 1
1 0 0 0 0
3 3 6 30000 1
7 0 0 0 0
5 1 4 24800 0
7 6 14 70000 1
10 1 4 24800 0
7 0 0 0 0
4 0 0 0 0
7 0 0 0 0
8 4 16 80000 1
3 0 0 0 0
7 1 4 24800 0
4 0 0 0 0
6 3 12 60000 1
5 3 10 50000 1
2 0 0 0 0
10 1 5 31000 0
6 1 4 24800 0
7 3 14 70000 1
2 1 4 20000 1
1 0 0 0 0
2 0 0 0 0
2 2 4 20000 1
7 3 13 66200 0
8 4 16 80000 1
10 0 0 0 0
10 6 20 100000 1
10 1 4 24800 0
7 2 14 70000 1
10 2 10 59600 0
5 0 0 0 0
3 0 0 0 0
7 1 5 31000 0
4 0 0 0 0
5 0 0 0 0
