4 0.900900900901
3 0.900900900901
2 0.900900900901
5 0.900900900901
2 0.900900900901
5 0.900900900901
3 0.900900900901
2 0.900900900901
4 0.900900900901
2 0.900900900901
2 0.900900900901
3 0.900900900901
6 0.900900900901
2 0.900900900901
6 0.900900900901
5 0.900900900901
4 0.900900900901
3 0.900900900901
3 0.900900900901
3 0.900900900901
6 0.900900900901
6 0.900900900901
6 0.900900900901
4 0.900900900901
2 0.900900900901
3 0.900900900901
6 0.900900900901
6 0.900900900901
3 0.900900900901
3 0.900900900901
2 0.900900900901
3 0.900900900901
4 0.900900900901
1 0.900900900901
3 0.900900900901
5 0.900900900901
1 0.900900900901
1 0.900900900901
3 0.900900900901
2 0.900900900901
3 0.900900900901
5 0.900900900901
3 0.900900900901
1 0.900900900901
3 0.900900900901
5 0.900900900901
4 0.900900900901
6 0.900900900901
5 0.900900900901
6 0.900900900901
1 0.900900900901
3 0.900900900901
3 0.900900900901
4 0.900900900901
4 0.900900900901
4 0.900900900901
6 0.900900900901
2 0.900900900901
4 0.900900900901
6 0.900900900901
2 0.900900900901
3 0.900900900901
3 0.900900900901
3 0.900900900901
2 0.900900900901
5 0.900900900901
5 0.900900900901
2 0.900900900901
3 0.900900900901
4 0.900900900901
3 0.900900900901
5 0.900900900901
2 0.900900900901
5 0.900900900901
4 0.900900900901
6 0.900900900901
1 0.900900900901
3 0.900900900901
4 0.900900900901
2 0.900900900901
1 0.900900900901
5 0.900900900901
5 0.900900900901
4 0.900900900901
1 0.900900900901
6 0.900900900901
5 0.900900900901
3 0.900900900901
5 0.900900900901
2 0.900900900901
4 0.900900900901
3 0.900900900901
3 0.900900900901
3 0.900900900901
6 0.900900900901
3 0.900900900901
1 0.900900900901
5 0.900900900901
2 0.900900900901
4 0.900900900901
3 0.900900900901
4 0.900900900901
6 0.900900900901
1 0.900900900901
6 0.900900900901
3 0.900900900901
3 0.900900900901
4 0.900900900901
1 0.900900900901
2 0.900900900901
4 0.900900900901
6 0.900900900901
5 0.900900900901
2 0.900900900901
2 0.900900900901
6 0.900900900901
4 0.900900900901
1 0.900900900901
1 0.900900900901
5 0.900900900901
5 0.900900900901
6 0.900900900901
1 0.900900900901
3 0.900900900901
6 0.900900900901
1 0.900900900901
1 0.900900900901
18 0.900900900901
1 0.900900900901
3 0.900900900901
1 0.900900900901
1 0.900900900901
1 0.900900900901
8 0.900900900901
3 0.900900900901
1 0.900900900901
18 0.900900900901
1 0.900900900901
7 0.900900900901
1 0.900900900901
10 0.900900900901
1 0.900900900901
79 0.900900900901
1 0.900900900901
1 0.900900900901
18 0.900900900901
1 0.900900900901
48 0.900900900901
1 0.900900900901
1 0.900900900901
1 0.900900900901
1 0.900900900901
3 0.900900900901
1 0.900900900901
1 0.900900900901
1 0.900900900901
1 0.900900900901
1 0.900900900901
13 0.900900900901
1 0.900900900901
23 0.900900900901
1 0.900900900901
1 0.900900900901
3 0.900900900901
1 0.900900900901
1 0.900900900901
2 0.900900900901
70 0.900900900901
1 0.900900900901
1 0.900900900901
3 0.900900900901
1 0.900900900901
1 0.900900900901
3 0.900900900901
