3 35 498 30000 1
2 8 140 6757 0
4 19 322 27812 0
1 12 134 4014 0
4 41 501 40000 1
3 49 368 30000 1
1 25 246 8470 0
4 26 534 37032 0
3 2 72 5363 0
2 14 231 12195 0
1 19 174 5090 0
3 11 263 18328 0
3 30 483 30000 1
2 16 303 19760 0
1 40 293 10000 1
4 12 353 26951 0
2 20 305 16727 0
4 5 88 5527 0
3 18 425 30000 1
3 13 325 20196 0
4 17 444 40000 1
2 5 64 1754 0
1 1 22 756 0
1 9 148 4767 0
2 53 461 20000 1
4 1 48 4073 0
2 1 28 1967 0
4 27 507 36186 0
1 6 71 2859 0
4 17 371 24347 0
1 23 253 7075 0
4 27 466 40000 1
2 20 302 16023 0
4 24 511 34468 0
1 13 148 5867 0
3 9 134 11087 0
4 27 459 40000 1
3 20 418 30000 1
4 16 450 40000 1
2 23 305 20000 1
4 18 317 25984 0
1 4 51 2038 0
3 54 398 30000 1
2 21 326 16030 0
2 28 387 20000 1
1 15 247 9346 0
1 8 155 5507 0
2 22 299 14389 0
1 30 317 10000 1
3 17 375 28345 0
3 29 401 30000 1
2 37 355 20000 1
4 29 441 40000 1
1 24 241 10000 1
4 7 167 14646 0
3 18 310 24400 0
2 20 285 15258 0
1 5 66 2462 0
3 33 465 30000 1
4 23 470 40000 1
2 15 196 10395 0
3 17 255 23439 0
1 17 263 9186 0
2 6 97 4987 0
2 12 256 13250 0
3 2 70 5411 0
2 8 123 9054 0
3 7 162 12279 0
3 8 150 12507 0
4 22 480 40000 1
5 10 188 16210 0
4 14 339 28665 0
1 17 231 7374 0
3 26 553 30000 1
4 10 246 20250 0
1 4 99 3501 0
3 22 487 30000 1
1 18 183 6724 0
2 23 311 17470 0
3 32 438 30000 1
4 18 377 30721 0
1 22 310 9659 0
3 1 25 2474 0
5 3 74 8853 0
2 10 163 7627 0
2 1 22 1577 0
4 15 263 16101 0
1 25 334 10000 1
3 4 68 6148 0
3 23 342 18140 0
4 9 136 8759 0
3 11 155 9735 0
4 15 291 22087 0
1 6 65 2301 0
2 2 67 3597 0
3 3 57 5380 0
1 19 193 5564 0
1 23 237 10000 1
2 14 283 18642 0
5 10 315 31628 0
2 16 250 12917 0
2 16 217 8241 0
4 29 418 40000 1
1 11 140 5579 0
3 30 446 30000 1
5 20 472 50000 1
5 24 563 50000 1
1 6 66 1822 0
1 11 247 7838 0
4 10 422 35639 0
1 27 316 10000 1
9 3 65 8686 0
5 20 457 50000 1
21 7 263 57835 0
10 36 921 100000 1
8 13 280 35727 0
10 20 688 75284 0
11 16 560 55182 0
16 39 1367 160000 1
