5 1.26983050847
3 0.727416666667
1 0.323624595469
4 0.967462686567
2 0.777611940299
5 0.71530758226
4 1.0998245614
4 1.01264705882
5 0.737463126844
3 0.59880239521
3 0.802075471698
5 0.809061488673
4 1.03859649123
5 0.651041666667
3 0.571428571429
4 0.907029478458
4 0.860215053763
2 0.950208333333
4 0.924946236559
2 0.533333333333
2 0.41928721174
3 0.77519379845
1 0.31746031746
4 1.1259375
1 0.416666666667
3 0.59880239521
5 0.87260034904
2 0.438596491228
5 0.881834215168
2 0.546448087432
1 0.401606425703
3 0.742886178862
4 0.680272108844
2 0.696166666667
2 0.653594771242
2 0.550964187328
4 1.06755555556
2 0.584795321637
2 0.687096774194
5 0.931098696462
1 0.380425531915
2 0.502476190476
2 0.609213483146
3 0.684931506849
5 0.877192982456
2 0.660983606557
5 0.691562932227
2 0.612287581699
2 0.703628691983
2 0.437835497835
3 0.826446280992
5 0.816993464052
6 0.819672131148
1 0.401606425703
6 0.854700854701
3 0.672865497076
3 0.684931506849
4 0.78431372549
6 1.14285714286
5 0.886524822695
3 0.797534246575
4 0.992162162162
3 0.704225352113
3 0.49504950495
5 1.40954545455
4 1.47081632653
4 0.670016750419
1 0.381598173516
3 0.740740740741
6 0.909090909091
1 0.416538461538
6 1.04166666667
3 0.561797752809
3 0.769230769231
2 0.623052959502
4 0.833333333333
4 0.854700854701
6 0.961538461538
3 0.933743589744
5 1.08432098765
4 0.971171171171
2 0.606060606061
1 0.417272727273
3 0.884955752212
1 0.42735042735
1 0.3748
6 1.39338983051
3 0.826446280992
3 0.59880239521
2 0.560224089636
5 1.10057971014
1 0.340136054422
3 0.606060606061
5 0.877192982456
2 0.492147435897
3 1.1515942029
2 0.611620795107
1 0.359924242424
4 1.3745
1 0.40847826087
4 0.757575757576
4 0.705467372134
6 1.12322580645
5 0.974658869396
1 0.354609929078
2 0.656307692308
1 0.402836879433
5 0.920810313076
5 1.04883838384
6 1.47186046512
1 0.387596899225
2 0.516795865633
1 0.343642611684
3 0.712899728997
3 0.84869047619
5 1.23456790123
1 0.384333333333
3 0.666666666667
5 0.694444444444
5 0.941619585687
5 1.10891472868
3 0.645161290323
2 0.542005420054
1 0.443015873016
2 0.899365079365
4 0.883002207506
5 1.71148148148
1 0.392156862745
5 1.29191111111
4 0.634920634921
4 0.982814814815
3 0.69125
6 0.709219858156
4 0.925925925926
2 0.686862745098
3 0.813008130081
3 0.900900900901
4 0.728597449909
2 0.574712643678
2 0.662839506173
4 0.669057239057
1 0.411522633745
2 0.490196078431
4 1.44641025641
6 1.04712041885
4 1.15847222222
4 0.919540229885
2 0.533333333333
3 0.8
2 0.47619047619
2 0.591038961039
5 0.756467661692
3 0.79380952381
4 1.0498687664
1 0.378787878788
1 0.406504065041
3 0.752760942761
4 0.660066006601
4 1.00849122807
3 0.636942675159
2 0.618943089431
5 1.03992592593
2 0.639462365591
3 0.769230769231
3 0.642891156463
1 0.416666666667
2 0.634920634921
6 1.59296296296
5 0.936329588015
1 0.317675438596
2 0.444444444444
3 1.00538461538
2 0.505050505051
3 0.636942675159
5 1.4245014245
3 0.900900900901
4 0.907029478458
1 0.400208333333
1 0.374531835206
4 0.860215053763
2 0.550964187328
1 0.406504065041
1 0.364084507042
1 0.381527777778
1 0.3003003003
95 1.67371388302
3 0.778796296296
24 2.46496598639
13 0.900128205128
71 1.00623582766
1 0.374531835206
187 1.2831069027
52 1.20537783959
181 1.36284918304
1 0.374242424242
2 0.555555555556
2 0.589027777778
93 1.4882381181
7 1.03657657658
1 0.314465408805
21 1.60269607843
1 0.356041666667
34 1.0119047619
156 1.91570621469
6 0.735294117647
26 1.34366925065
5 1.0752688172
10 1.49759259259
1 0.399913419913
1 0.378787878788
12 1.15273775216
1 0.234741784038
32 2.24206289308
96 2.37635555556
11 0.942587832048
11 1.15667718191
4 0.803212851406
1 0.354609929078
17 1.08556832695
14 0.989538638985
5 0.85910652921
39 1.24879923151
68 1.8779342723
1 0.347222222222
1 0.4329004329
2 0.617283950617
1 0.374531835206
59 1.02164502165
1 0.400238095238
1 0.30303030303
3 0.830666666667
30 0.997008973081
1 0.31746031746
1 0.30303030303
2 0.617283950617
1 0.314465408805
1 0.406504065041
5 0.764525993884
10 1.5584057971
5 1.03994579946
1 0.331317829457
86 1.6418480336
1 0.2994
157 1.26195643437
5 1.40426666667
54 1.11248454883
1 0.347222222222
22 1.17899249732
109 1.20789007092
1 0.31917562724
1 0.314465408805
2 0.644761904762
1 0.320512820513
3 0.686339869281
33 2.2190960452
1 0.445404040404
8 1.36752136752
1 0.297619047619
25 1.54320987654
1 0.392156862745
36 2.01416666667
1 0.3663003663
1 0.401606425703
