2 5 64 14812 0
7 23 262 70000 1
1 0 0 0 0
3 8 114 30000 1
3 17 112 30000 1
7 4 78 52923 0
6 19 211 60000 1
8 1 29 20216 0
6 2 47 20071 0
1 3 57 7204 0
9 7 222 90000 1
5 8 145 50000 1
8 4 160 80000 1
5 36 174 50000 1
2 18 113 20000 1
7 16 212 70000 1
7 1 40 17750 0
2 8 97 20000 1
2 20 119 20000 1
4 2 54 18336 0
6 7 203 60000 1
4 26 185 40000 1
1 24 74 10000 1
5 27 181 50000 1
5 24 154 50000 1
1 2 35 4015 0
5 12 180 50000 1
1 3 65 6816 0
9 5 95 48762 0
9 13 251 90000 1
6 8 149 60000 1
4 0 0 0 0
6 9 188 60000 1
10 2 52 23856 0
4 33 174 40000 1
6 11 174 43003 0
1 5 63 7922 0
7 26 210 70000 1
3 2 34 10116 0
8 6 160 80000 1
9 14 258 90000 1
4 8 174 40000 1
7 10 175 70000 1
3 1 16 4822 0
1 19 107 10000 1
6 26 184 60000 1
2 7 102 20000 1
6 22 218 60000 1
5 8 148 36720 0
9 13 203 90000 1
7 17 243 70000 1
6 7 168 60000 1
9 7 212 90000 1
7 15 239 70000 1
5 18 180 50000 1
9 2 38 25668 0
10 19 346 100000 1
4 9 139 40000 1
3 2 31 11378 0
1 22 75 10000 1
3 19 120 30000 1
5 11 143 50000 1
6 11 176 60000 1
1 3 41 4651 0
7 16 243 70000 1
2 3 71 16540 0
1 30 103 10000 1
6 12 222 60000 1
7 13 237 70000 1
5 29 183 50000 1
5 1 20 12055 0
9 23 274 90000 1
6 18 185 60000 1
6 4 73 34338 0
4 30 161 40000 1
8 0 0 0 0
8 28 262 80000 1
8 21 320 80000 1
9 5 91 49504 0
1 4 46 4977 0
4 23 188 40000 1
6 4 154 58255 0
3 18 127 30000 1
3 5 110 30000 1
8 15 288 80000 1
7 6 179 70000 1
8 26 273 80000 1
4 0 0 0 0
4 8 126 40000 1
4 33 187 40000 1
9 13 231 90000 1
7 5 177 70000 1
9 24 249 90000 1
5 16 186 50000 1
1 4 76 7911 0
1 12 86 10000 1
6 29 195 60000 1
3 25 124 30000 1
2 22 119 20000 1
5 6 159 50000 1
8 15 231 80000 1
6 2 57 28529 0
8 26 340 80000 1
5 8 129 50000 1
1 7 75 9949 0
4 14 162 40000 1
9 3 93 67337 0
1 4 83 8738 0
