3 17 273 30000 1
1 9 210 10000 1
4 9 269 33096 0
4 21 334 40000 1
3 15 223 30000 1
1 1 29 1918 0
3 15 247 30000 1
1 9 169 9924 0
4 27 321 40000 1
4 8 273 40000 1
1 9 171 10000 1
2 14 250 20000 1
3 24 264 30000 1
2 1 40 4158 0
1 2 75 4240 0
3 38 303 30000 1
1 18 152 10000 1
3 19 268 30000 1
1 21 168 10000 1
3 54 313 30000 1
1 13 195 10000 1
5 20 346 50000 1
4 21 346 40000 1
3 25 268 30000 1
2 25 286 20000 1
3 4 212 21826 0
4 11 275 40000 1
3 10 280 30000 1
4 50 433 40000 1
3 33 224 30000 1
2 30 256 20000 1
2 2 43 5238 0
4 10 276 40000 1
2 2 65 7617 0
4 35 359 40000 1
4 13 310 40000 1
5 4 146 35189 0
2 10 197 20000 1
4 48 303 40000 1
1 12 170 10000 1
3 18 204 30000 1
3 3 156 22205 0
3 34 297 30000 1
4 1 36 7014 0
1 15 211 10000 1
4 17 287 40000 1
1 3 68 3368 0
3 19 234 30000 1
3 19 330 30000 1
2 2 73 8439 0
4 16 342 40000 1
2 44 266 20000 1
1 8 176 6918 0
4 43 385 40000 1
2 15 227 20000 1
4 39 367 40000 1
1 4 84 5561 0
2 34 253 20000 1
3 21 268 30000 1
2 1 39 4076 0
3 27 331 30000 1
4 9 246 40000 1
1 7 160 10000 1
1 26 218 10000 1
1 15 187 10000 1
3 3 89 12214 0
4 45 356 40000 1
4 4 154 30915 0
4 17 248 40000 1
5 12 297 50000 1
2 1 30 3705 0
3 5 111 15989 0
4 4 222 32619 0
2 15 263 20000 1
4 12 242 40000 1
3 4 120 15827 0
1 11 228 10000 1
4 32 387 40000 1
4 25 292 40000 1
5 16 321 50000 1
2 24 216 20000 1
1 8 202 10000 1
4 23 330 40000 1
3 11 251 30000 1
2 2 46 5377 0
3 15 276 30000 1
3 22 236 30000 1
2 24 270 20000 1
3 6 204 23545 0
3 10 285 30000 1
3 6 171 27381 0
1 21 206 10000 1
1 24 170 10000 1
4 1 54 8869 0
3 39 258 30000 1
2 16 261 19065 0
1 2 36 2292 0
5 18 352 50000 1
4 27 302 40000 1
21 7 315 94985 0
2 4 180 18203 0
14 22 741 140000 1
15 8 449 150000 1
10 2 120 33048 0
5 3 216 36402 0
12 32 834 120000 1
10 1 39 14740 0
14 11 520 140000 1
18 7 249 88376 0
17 22 671 170000 1
17 2 66 22833 0
11 10 655 110000 1
