5 1.14195736434
2 0.420875420875
4 0.841750841751
5 1.55979609929
2 0.641025641026
2 0.715694444444
5 0.694444444444
3 1.13636363636
5 1.31856540084
5 0.93005952381
2 0.534188034188
1 0.30193236715
5 0.982704402516
3 0.919117647059
2 0.631313131313
2 0.958173076923
1 0.496031746032
1 0.371597222222
5 1.13224637681
4 0.825082508251
3 0.791139240506
1 0.393081761006
5 1.25070621469
6 1.51961206897
5 1.07388316151
4 1.1295014881
2 0.968992248062
3 0.771604938272
5 1.37635135135
6 1.73611111111
6 1.0
6 1.69791666667
3 1.1662601626
2 0.502008032129
5 1.61270325203
3 0.933666666667
1 0.353107344633
4 0.666666666667
6 0.641025641026
6 0.753012048193
5 1.13224637681
1 0.462962962963
5 1.50021446078
6 1.66666666667
3 0.791139240506
5 0.96450617284
2 1.06833333333
5 1.17041198502
5 1.56341145833
3 1.13636363636
2 0.744047619048
6 1.76061827957
1 0.400641025641
6 1.32978723404
3 0.718390804598
4 1.17370892019
4 0.816993464052
2 0.520833333333
3 0.480769230769
2 0.651041666667
1 0.315656565657
3 1.19313063063
4 1.46198830409
2 0.701675724638
4 0.737463126844
6 0.631313131313
5 1.37061403509
3 0.651041666667
6 1.31578947368
3 0.94696969697
2 0.771604938272
1 0.347222222222
5 1.40765765766
4 0.915750915751
3 1.07762345679
1 0.407465277778
5 1.45393518519
6 1.00806451613
2 0.563063063063
3 0.644329896907
2 0.570776255708
1 0.378787878788
4 1.85404411765
2 0.797482638889
1 0.336021505376
6 0.753012048193
4 1.42772727273
4 0.936329588015
3 1.01777210884
2 0.661375661376
4 0.724637681159
6 1.69174679487
6 2.13633333333
3 0.679347826087
1 0.365497076023
3 1.06666666667
1 0.437445175439
3 0.443262411348
2 0.6038647343
5 1.38888888889
6 1.40449438202
2 0.534188034188
2 0.570776255708
2 0.586854460094
3 1.00178571429
2 0.698341049383
3 1.02774621212
4 0.656167979003
3 1.09375
2 0.641025641026
4 0.850340136054
4 0.487329434698
1 0.462668918919
3 1.03303571429
3 1.28453525641
6 1.5240530303
3 0.856164383562
1 0.408496732026
5 1.58700396825
3 0.735294117647
5 1.14468864469
5 1.86273809524
1 0.365497076023
4 1.08225108225
5 1.44675925926
1 0.353107344633
4 0.868055555556
2 0.706214689266
5 1.73611111111
1 0.365497076023
3 0.466417910448
6 0.668449197861
5 1.25502008032
3 1.29151422764
2 0.6038647343
5 1.0016025641
3 1.07827380952
3 0.657894736842
5 1.14468864469
2 0.438596491228
6 1.23762376238
1 0.289807692308
4 0.636132315522
5 0.973520249221
4 0.967473958333
2 0.502008032129
5 1.23320707071
4 0.724637681159
4 1.08225108225
2 0.905797101449
2 0.922821969697
2 0.781510416667
3 0.578703703704
1 0.347222222222
6 1.0
5 1.77604166667
2 0.886524822695
2 0.672043010753
6 0.801282051282
3 0.822368421053
1 0.473484848485
4 0.750750750751
1 0.378787878788
3 0.686813186813
1 0.320512820513
3 1.0593220339
4 1.14155251142
4 1.14776348039
6 1.22549019608
1 0.473484848485
1 0.443262411348
5 1.63934811828
4 0.980392156863
6 0.702247191011
1 0.583229166667
4 0.706214689266
5 2.00803571429
1 0.443262411348
2 0.839516129032
4 1.2077294686
3 1.02459016393
5 1.01132686084
171 2.1217986897
7 1.3379204893
2 0.502008032129
15 2.21631205674
1 0.548245614035
1 0.425170068027
1 0.372023809524
7 0.998858447489
3 0.753012048193
1 0.385802469136
1 0.37983490566
1 0.400641025641
1 0.429916666667
1 0.341530054645
3 0.548245614035
2 0.541125541126
13 1.85502283105
12 0.65274151436
24 1.53846153846
6 1.4880952381
3 1.21280637255
1 0.375852272727
183 2.11101882614
157 2.79081342435
45 0.81098615917
7 0.972222222222
1 0.503525641026
16 1.03842159917
1 0.452898550725
1 0.408496732026
4 1.19047619048
4 0.793650793651
72 1.39275766017
24 1.85185185185
50 2.63047138047
9 1.17924528302
59 2.04180509413
59 4.54142992424
1 0.289351851852
1 0.385802469136
1 0.378787878788
45 2.59695290859
9 1.6592920354
1 0.359958333333
1 0.452898550725
4 1.11111111111
1 0.452898550725
47 1.97811447811
18 1.51821862348
146 1.10485530936
1 0.381581439394
22 1.00291757841
1 0.477591463415
18 3.06067004505
1 0.372023809524
1 0.586111111111
4 0.62656641604
1 0.434027777778
2 0.651452020202
13 0.750230840259
121 0.798490127758
1 0.435481770833
1 0.431504065041
42 1.87366167024
46 1.56334964655
6 0.706214689266
8 1.87265917603
1 0.38325617284
33 4.69306752874
1 0.393081761006
2 0.468164794007
1 0.393081761006
46 1.08286252354
1 0.443262411348
8 2.00803212851
10 1.39821029083
51 3.61394557823
1 0.347222222222
1 0.435906862745
1 0.281531531532
1 0.349671052632
