5 29 931 9310 0
5 20 458 4580 0
5 105 2803 28030 0
2 20 354 3540 0
2 18 314 3140 0
5 41 1332 13320 0
3 27 743 7430 0
2 26 462 4620 0
5 26 601 6010 0
2 16 276 2760 0
1 16 229 2290 0
2 34 789 7890 0
1 32 581 5810 0
1 30 552 5520 0
5 24 1076 10760 0
5 26 1089 10890 0
2 7 178 1780 0
1 5 167 1670 0
5 143 3692 36920 0
4 10 198 1980 0
3 15 465 4650 0
5 11 450 4500 0
2 65 1631 16310 0
5 16 344 3440 0
2 16 252 2520 0
5 22 578 5780 0
2 29 429 4290 0
2 5 91 910 0
2 75 1797 17970 0
1 18 152 1520 0
2 22 390 3900 0
3 13 303 3030 0
1 3 69 690 0
4 28 886 8860 0
5 117 3165 31650 0
3 140 3000 30000 1
3 88 1794 17940 0
2 40 645 6450 0
5 6 339 3390 0
5 19 287 2870 0
5 39 1257 12570 0
5 21 683 6830 0
3 23 805 8050 0
3 16 369 3690 0
3 7 234 2340 0
2 26 433 4330 0
5 26 822 8220 0
3 11 457 4570 0
1 3 54 540 0
1 16 228 2280 0
1 28 355 3550 0
5 52 971 9710 0
1 14 185 1850 0
2 22 427 4270 0
2 7 154 1540 0
1 1 24 240 0
2 32 508 5080 0
4 19 402 4020 0
1 8 164 1640 0
5 23 845 8450 0
2 26 454 4540 0
5 27 787 7870 0
5 26 696 6960 0
4 45 1768 17680 0
3 30 686 6860 0
3 25 475 4750 0
4 2 41 410 0
4 24 1157 11570 0
3 15 566 5660 0
5 111 2532 25320 0
2 15 239 2390 0
2 25 409 4090 0
1 29 338 3380 0
2 21 411 4110 0
2 8 137 1370 0
1 12 148 1480 0
1 21 316 3160 0
5 30 636 6360 0
4 24 781 7810 0
2 10 133 1330 0
2 18 369 3690 0
1 12 180 1800 0
3 21 371 3710 0
3 30 664 6640 0
4 28 574 5740 0
5 12 300 3000 0
1 20 339 3390 0
1 26 438 4380 0
2 39 648 6480 0
3 18 358 3580 0
5 31 786 7860 0
1 24 247 2470 0
1 11 119 1190 0
4 59 1694 16940 0
2 18 330 3300 0
3 34 932 9320 0
1 25 311 3110 0
3 32 670 6700 0
1 39 436 4360 0
1 19 270 2700 0
3 29 640 6400 0
9 26 760 7600 0
12 17 565 5650 0
21 17 741 7410 0
9 33 1435 14350 0
19 7 185 1850 0
13 23 1045 10450 0
8 20 666 6660 0
20 18 647 6470 0
15 36 1241 12410 0
13 8 341 3410 0
21 2 111 1110 0
24 16 1221 12210 0
15 15 1063 10630 0
13 20 985 9850 0
