5 0.5
5 0.5
5 0.5
2 0.5
2 0.5
5 0.5
3 0.5
2 0.5
5 0.5
2 0.5
1 0.5
2 0.5
1 0.5
1 0.5
5 0.5
5 0.5
2 0.5
1 0.5
5 0.5
4 0.5
3 0.5
5 0.5
2 0.5
5 0.5
2 0.5
5 0.5
2 0.5
2 0.5
2 0.5
1 0.5
2 0.5
3 0.5
1 0.5
4 0.5
5 0.5
3 0.5
3 0.5
2 0.5
5 0.5
5 0.5
5 0.5
5 0.5
3 0.5
3 0.5
3 0.5
2 0.5
5 0.5
3 0.5
1 0.5
1 0.5
1 0.5
5 0.5
1 0.5
2 0.5
2 0.5
1 0.5
2 0.5
4 0.5
1 0.5
5 0.5
2 0.5
5 0.5
5 0.5
4 0.5
3 0.5
3 0.5
4 0.5
4 0.5
3 0.5
5 0.5
2 0.5
2 0.5
1 0.5
2 0.5
2 0.5
1 0.5
1 0.5
5 0.5
4 0.5
2 0.5
2 0.5
1 0.5
3 0.5
3 0.5
4 0.5
5 0.5
1 0.5
1 0.5
2 0.5
3 0.5
5 0.5
1 0.5
1 0.5
4 0.5
2 0.5
3 0.5
1 0.5
3 0.5
1 0.5
1 0.5
3 0.5
9 0.5
12 0.5
21 0.5
9 0.5
19 0.5
13 0.5
8 0.5
20 0.5
15 0.5
13 0.5
21 0.5
24 0.5
15 0.5
13 0.5
