1 34 1311 7866 0
7 40 2585 15510 0
1 0 0 0 0
4 18 968 5808 0
4 28 1840 11040 0
2 65 3334 20000 1
7 37 3051 18306 0
7 28 1947 11682 0
2 35 1399 8394 0
5 15 1174 7044 0
1 23 924 5544 0
6 11 986 5916 0
7 17 1324 7944 0
4 16 1119 6714 0
5 22 1634 9804 0
1 16 579 3474 0
3 17 667 4002 0
7 33 2682 16092 0
5 43 2076 12456 0
3 34 1841 11046 0
5 25 1704 10224 0
3 7 393 2358 0
7 18 1259 7554 0
6 97 5221 31324 0
2 14 367 2202 0
1 0 0 0 0
4 39 2328 13968 0
1 11 504 3024 0
3 22 1034 6204 0
4 48 3677 22060 0
5 21 1358 8148 0
4 13 496 2976 0
3 32 1486 8916 0
4 33 1480 8880 0
7 8 540 3240 0
4 23 1956 11736 0
6 27 2196 13176 0
2 8 485 2910 0
2 28 1468 8808 0
1 15 739 4434 0
4 44 3014 18082 0
5 18 1402 8412 0
4 6 404 2424 0
3 21 906 5436 0
5 16 924 5544 0
7 12 833 4998 0
7 72 5309 31852 0
1 18 716 4296 0
1 18 434 2604 0
2 19 881 5286 0
5 22 1249 7494 0
3 31 1322 7932 0
7 54 2947 17682 0
3 5 515 3090 0
7 33 3097 18582 0
5 14 818 4908 0
4 21 1269 7614 0
7 25 2016 12096 0
2 31 1381 8286 0
1 31 999 5994 0
1 23 776 4656 0
6 16 983 5898 0
6 13 729 4374 0
6 21 1684 10104 0
7 41 2619 15714 0
3 33 2634 15802 0
7 24 1637 9822 0
6 24 1827 10962 0
3 34 1404 8424 0
4 31 2746 16476 0
3 1 65 390 0
6 16 967 5802 0
5 49 1828 10968 0
1 15 319 1914 0
7 38 2249 13494 0
1 21 794 4764 0
4 25 1243 7458 0
4 12 684 4104 0
4 20 1129 6774 0
5 17 491 2946 0
