1 0.999200639488
4 0.999200639488
1 0.999200639488
1 0.999200639488
1 0.999200639488
2 0.999200639488
1 0.999200639488
2 0.999200639488
1 0.999200639488
1 0.999200639488
1 0.999200639488
3 0.999200639488
3 0.999200639488
2 0.999200639488
1 0.999200639488
1 0.999200639488
1 0.999200639488
1 0.999200639488
1 0.999200639488
1 0.999200639488
2 0.999200639488
4 0.999200639488
1 0.999200639488
3 0.999200639488
1 0.999200639488
3 0.999200639488
2 0.999200639488
1 0.999200639488
1 0.999200639488
1 0.999200639488
5 0.999200639488
1 0.999200639488
1 0.999200639488
1 0.999200639488
1 0.999200639488
153 0.999200639488
1 0.999200639488
1 0.999200639488
1 0.999200639488
1 0.999200639488
1 0.999200639488
1 0.999200639488
1 0.999200639488
1 0.999200639488
1 0.999200639488
4 0.999200639488
1 0.999200639488
1 0.999200639488
1 0.999200639488
1 0.999200639488
1 0.999200639488
1 0.999200639488
2 0.999200639488
1 0.999200639488
1 0.999200639488
2 0.999200639488
