6 42 4776 35810.0 0
3 15 1110 8325.0 0
5 30 3673 27542.5 0
2 14 931 6982.5 0
2 18 1442 10815.0 0
5 21 1816 13620.0 0
1 26 1334 10000.0 1
5 19 1518 11385.0 0
3 34 2091 15677.5 0
4 15 1263 9472.5 0
3 15 1071 8032.5 0
2 26 2289 17162.5 0
1 20 1334 10000.0 1
1 4 343 2572.5 0
5 3 333 2497.5 0
6 28 3627 27197.5 0
5 5 606 4545.0 0
1 8 568 4260.0 0
4 3 525 3937.5 0
3 30 3490 26165.0 0
2 9 673 5047.5 0
4 25 2160 16195.0 0
6 3 555 4162.5 0
4 4 458 3435.0 0
1 6 288 2160.0 0
3 23 2401 18002.5 0
3 5 330 2475.0 0
1 10 430 3225.0 0
6 5 925 6937.5 0
7 17 3776 28315.0 0
5 20 1761 13207.5 0
7 22 2678 20085.0 0
6 13 1443 10822.5 0
2 24 1262 9465.0 0
5 23 2139 16042.5 0
1 20 1334 10000.0 1
7 26 2706 20290.0 0
6 10 806 6045.0 0
1 4 340 2550.0 0
5 6 591 4432.5 0
1 6 535 4012.5 0
5 33 4762 35705.0 0
4 11 938 7035.0 0
4 25 1757 13177.5 0
1 9 954 7155.0 0
1 12 870 6525.0 0
4 25 2588 19405.0 0
1 0 0 0 0
4 12 585 4387.5 0
4 19 1331 9982.5 0
2 15 1038 7785.0 0
3 18 1211 9082.5 0
7 32 3104 23275.0 0
7 10 1433 10747.5 0
1 14 1151 8632.5 0
3 12 736 5520.0 0
1 1 69 517.5 0
7 25 4158 31180.0 0
5 36 2635 19757.5 0
7 44 3178 23830.0 0
4 17 914 6855.0 0
1 11 947 7102.5 0
6 9 1345 10087.5 0
5 23 3232 24235.0 0
7 3 370 2775.0 0
6 31 2732 20485.0 0
5 18 1405 10537.5 0
1 33 1199 8992.5 0
5 28 2949 22112.5 0
1 19 1334 10000.0 1
3 33 3549 26607.5 0
5 21 1570 11775.0 0
4 12 958 7185.0 0
6 39 4641 34797.5 0
5 25 2814 21100.0 0
6 26 3019 22637.5 0
6 26 3408 25555.0 0
3 30 1650 12375.0 0
1 18 981 7357.5 0
2 29 1945 14582.5 0
3 5 346 2595.0 0
1 7 434 3255.0 0
5 8 1253 9397.5 0
1 26 1334 10000.0 1
5 7 857 6427.5 0
2 18 1502 11265.0 0
6 17 2902 21760.0 0
3 7 1167 8752.5 0
