4 0.46839326484
4 0.46837797619
1 0.468164794007
2 0.468380089962
1 0.468164794007
4 0.468164794007
1 0.46875
2 0.46875
2 0.468313791178
1 0.468164794007
4 0.468298410405
3 0.46839569161
3 0.46875
2 0.468164794007
4 0.468164794007
3 0.468438123752
5 0.46875
1 0.46875
2 0.468164794007
4 0.46832133059
1 0.468164794007
5 0.468418047589
2 0.468320977485
4 0.468292593677
1 0.468164794007
4 0.468429289819
4 0.468164794007
1 0.468164794007
4 0.46875
3 0.468164794007
3 0.468164794007
4 0.468164794007
5 0.468164794007
1 0.46875
4 0.468323786143
2 0.468164794007
1 0.46875
1 0.468164794007
3 0.468164794007
4 0.46875
3 0.46875
1 0.46875
2 0.468427302767
4 0.468164794007
4 0.46875
3 0.468474718111
3 0.468459680416
2 0.468430861928
5 0.468302804808
5 0.468495686849
1 0.468164794007
2 0.468164794007
5 0.468164794007
3 0.468164794007
3 0.468164794007
4 0.468300747556
1 0.46875
2 0.46875
3 0.46875
1 0.468164794007
4 0.46875
5 0.46875
4 0.468374759846
5 0.468261642444
4 0.468503393308
4 0.46875
4 0.468268934729
5 0.46875
2 0.468164794007
5 0.46875
2 0.468164794007
3 0.46875
1 0.468164794007
4 0.468435487118
4 0.46875
2 0.4684377498
3 0.468164794007
2 0.46875
1 0.468164794007
1 0.46875
3 0.468164794007
1 0.468164794007
1 0.468164794007
3 0.46875
1 0.468164794007
1 0.468164794007
3 0.468435106812
3 0.46875
4 0.468467245747
14 0.468621208375
4 0.46875
21 0.468417751127
16 0.468582959162
2 0.46875
9 0.468292124542
7 0.468376731964
21 0.468375569135
19 0.468497413514
7 0.468389644834
14 0.46875
6 0.468164794007
10 0.46875
