2 33 100 20000 1
4 21 151 30200 0
3 30 148 29600 0
3 17 113 22600 0
4 21 175 35000 0
3 13 105 21000 0
5 24 145 29000 0
3 12 137 27400 0
4 23 173 34600 0
3 27 116 23200 0
4 32 200 40000 1
2 8 46 9200 0
5 1 6 1200 0
3 10 89 17800 0
3 38 150 30000 1
2 12 51 10200 0
2 17 71 14200 0
5 21 113 22600 0
4 63 200 40000 1
5 19 149 29800 0
1 8 43 8600 0
3 25 148 29600 0
4 49 200 40000 1
3 21 110 22000 0
2 26 100 20000 1
1 16 50 10000 1
1 23 50 10000 1
4 30 125 25000 0
3 5 30 6000 0
4 13 82 16400 0
1 1 8 1600 0
1 6 31 6200 0
4 27 200 40000 1
1 8 23 4600 0
2 15 100 20000 1
1 24 50 10000 1
3 20 123 24600 0
3 24 129 25800 0
4 82 200 40000 1
2 8 31 6200 0
4 28 200 40000 1
3 26 150 30000 1
4 23 152 30400 0
5 40 250 50000 1
1 18 50 10000 1
2 22 100 20000 1
1 22 50 10000 1
2 7 54 10800 0
3 12 66 13200 0
5 26 246 49200 0
1 20 50 10000 1
4 19 99 19800 0
4 2 12 2400 0
5 70 250 50000 1
3 2 22 4400 0
3 23 150 30000 1
4 21 191 38200 0
4 14 138 27600 0
1 35 50 10000 1
3 53 150 30000 1
3 14 122 24400 0
5 32 182 36400 0
2 13 55 11000 0
5 11 50 10000 0
3 25 134 26800 0
5 20 202 40400 0
5 16 90 18000 0
3 12 101 20200 0
1 21 50 10000 1
5 1 9 1800 0
5 28 125 25000 0
5 33 224 44800 0
4 43 200 40000 1
2 49 100 20000 1
1 30 50 10000 1
2 23 100 20000 1
2 25 100 20000 1
3 1 6 1200 0
5 11 45 9000 0
1 11 44 8800 0
2 7 45 9000 0
4 20 184 36800 0
5 7 56 11200 0
5 18 160 32000 0
2 25 100 20000 1
5 16 161 32200 0
2 19 100 20000 1
2 22 97 19400 0
3 12 69 13800 0
3 8 54 10800 0
2 19 90 18000 0
5 25 156 31200 0
2 24 100 20000 1
2 5 36 7200 0
1 8 43 8600 0
3 13 98 19600 0
2 2 12 2400 0
5 18 92 18400 0
5 18 106 21200 0
4 20 148 29600 0
4 42 200 40000 1
1 22 50 10000 1
23 32 332 66400 0
11 15 85 17000 0
18 52 704 140800 0
13 6 72 14400 0
21 32 253 50600 0
10 24 133 26600 0
7 39 301 60200 0
6 20 133 26600 0
11 17 116 23200 0
11 23 321 64200 0
11 90 550 110000 1
15 57 494 98800 0
17 32 394 78800 0
