2 10 68 20000 1
2 7 68 20000 1
5 22 170 50000 1
1 1 19 5700 0
4 32 136 40000 1
1 2 34 10000 1
5 34 170 50000 1
2 10 68 20000 1
5 29 170 50000 1
3 3 54 16000 0
1 2 34 10000 1
3 13 102 30000 1
1 2 34 10000 1
5 6 136 40200 0
5 1 13 3900 0
1 14 34 10000 1
1 10 34 10000 1
1 2 34 10000 1
4 6 64 19000 0
3 6 102 30000 1
2 1 18 5400 0
5 5 82 24200 0
5 10 105 31100 0
2 1 12 3600 0
5 6 114 33600 0
5 13 170 50000 1
2 6 66 19600 0
4 10 133 39300 0
3 4 73 21500 0
1 1 11 3300 0
1 7 34 10000 1
2 12 68 20000 1
3 25 102 30000 1
3 4 53 15700 0
3 4 102 30000 1
5 17 170 50000 1
4 24 136 40000 1
5 16 170 50000 1
1 3 34 10000 1
4 6 122 36000 0
3 16 102 30000 1
3 15 102 30000 1
5 24 170 50000 1
5 19 170 50000 1
1 6 34 10000 1
5 4 61 18100 0
3 27 102 30000 1
4 12 136 40000 1
5 2 66 19600 0
3 3 47 13900 0
1 11 34 10000 1
3 26 102 30000 1
3 25 102 30000 1
1 6 34 10000 1
3 28 102 30000 1
5 19 170 50000 1
3 2 35 10300 0
1 5 34 10000 1
2 4 68 20000 1
3 15 102 30000 1
4 11 136 40000 1
5 18 170 50000 1
2 5 68 20000 1
4 8 128 37800 0
2 4 68 20000 1
4 19 136 40000 1
2 1 13 3900 0
3 16 102 30000 1
2 1 11 3300 0
3 24 102 30000 1
5 18 170 50000 1
4 17 136 40000 1
5 2 30 9000 0
1 2 24 7200 0
1 4 34 10000 1
2 6 68 20000 1
1 11 34 10000 1
4 3 46 13600 0
1 1 13 3900 0
1 1 13 3900 0
4 22 136 40000 1
4 19 136 40000 1
1 9 34 10000 1
2 15 68 20000 1
2 16 68 20000 1
5 19 170 50000 1
3 1 16 4800 0
5 1 14 4200 0
3 11 102 30000 1
4 11 136 40000 1
1 3 34 10000 1
5 1 28 8400 0
4 6 94 27800 0
5 6 122 36000 0
2 9 68 20000 1
5 4 74 21800 0
3 3 44 13000 0
2 11 68 20000 1
3 1 13 3900 0
2 12 68 20000 1
3 23 102 30000 1
2 17 68 20000 1
3 12 102 30000 1
1 1 12 3600 0
2 15 68 20000 1
3 7 102 30000 1
3 11 102 30000 1
4 23 136 40000 1
1 2 22 6600 0
5 15 170 50000 1
5 8 152 44800 0
5 44 170 50000 1
3 12 102 30000 1
5 1 18 5400 0
2 13 68 20000 1
2 4 68 20000 1
3 7 76 22400 0
5 32 170 50000 1
1 3 34 10000 1
3 21 102 30000 1
4 14 136 40000 1
2 7 68 20000 1
1 6 34 10000 1
2 10 68 20000 1
2 13 68 20000 1
3 3 33 9900 0
3 2 37 10900 0
4 17 136 40000 1
5 28 170 50000 1
2 26 68 20000 1
4 31 136 40000 1
4 16 136 40000 1
1 2 34 10000 1
3 23 102 30000 1
1 13 34 10000 1
5 7 159 46900 0
1 12 34 10000 1
4 20 136 40000 1
4 4 37 11100 0
23 53 782 230000 1
15 11 157 46500 0
21 18 443 130900 0
16 3 67 19900 0
12 4 80 23600 0
23 71 782 230000 1
23 25 782 230000 1
15 21 510 150000 1
22 17 508 149800 0
22 1 30 9000 0
17 22 578 170000 1
23 24 782 230000 1
10 37 340 100000 1
10 9 330 97200 0
24 80 816 240000 1
