2 0.816993464052
2 0.816993464052
5 0.816993464052
1 0.833333333333
4 0.816993464052
1 0.816993464052
5 0.816993464052
2 0.816993464052
5 0.816993464052
3 0.82304526749
1 0.816993464052
3 0.816993464052
1 0.816993464052
5 0.821078431373
5 0.833333333333
1 0.816993464052
1 0.816993464052
1 0.816993464052
4 0.824652777778
3 0.816993464052
2 0.833333333333
5 0.819783197832
5 0.822751322751
2 0.833333333333
5 0.818713450292
5 0.816993464052
2 0.824915824916
4 0.820802005013
3 0.818112633181
1 0.833333333333
1 0.816993464052
2 0.816993464052
3 0.816993464052
3 0.82285115304
3 0.816993464052
5 0.816993464052
4 0.816993464052
5 0.816993464052
1 0.816993464052
4 0.819672131148
3 0.816993464052
3 0.816993464052
5 0.816993464052
5 0.816993464052
1 0.816993464052
5 0.824225865209
3 0.816993464052
4 0.816993464052
5 0.824915824916
3 0.821513002364
1 0.816993464052
3 0.816993464052
3 0.816993464052
1 0.816993464052
3 0.816993464052
5 0.816993464052
3 0.81746031746
1 0.816993464052
2 0.816993464052
3 0.816993464052
4 0.816993464052
5 0.816993464052
2 0.816993464052
4 0.8203125
2 0.816993464052
4 0.816993464052
2 0.833333333333
3 0.816993464052
2 0.833333333333
3 0.816993464052
5 0.816993464052
4 0.816993464052
5 0.833333333333
1 0.833333333333
1 0.816993464052
2 0.816993464052
1 0.816993464052
4 0.821256038647
1 0.833333333333
1 0.833333333333
4 0.816993464052
4 0.816993464052
1 0.816993464052
2 0.816993464052
2 0.816993464052
5 0.816993464052
3 0.833333333333
5 0.833333333333
3 0.816993464052
4 0.816993464052
1 0.816993464052
5 0.833333333333
4 0.821513002364
5 0.819672131148
2 0.816993464052
5 0.818318318318
3 0.820707070707
2 0.816993464052
3 0.833333333333
2 0.816993464052
3 0.816993464052
2 0.816993464052
3 0.816993464052
1 0.833333333333
2 0.816993464052
3 0.816993464052
3 0.816993464052
4 0.816993464052
1 0.833333333333
5 0.816993464052
5 0.818713450292
5 0.816993464052
3 0.816993464052
5 0.833333333333
2 0.816993464052
2 0.816993464052
3 0.818713450292
5 0.816993464052
1 0.816993464052
3 0.816993464052
4 0.816993464052
2 0.816993464052
1 0.816993464052
2 0.816993464052
2 0.816993464052
3 0.833333333333
3 0.818318318318
4 0.816993464052
5 0.816993464052
2 0.816993464052
4 0.816993464052
4 0.816993464052
1 0.816993464052
3 0.816993464052
1 0.816993464052
5 0.819357092942
1 0.816993464052
4 0.816993464052
4 0.833333333333
23 0.816993464052
15 0.822717622081
21 0.820792575872
16 0.82504145937
12 0.819444444444
23 0.816993464052
23 0.816993464052
15 0.816993464052
22 0.819116360455
22 0.833333333333
17 0.816993464052
23 0.816993464052
10 0.816993464052
10 0.818181818182
24 0.816993464052
