1 24 34 10000 1
6 37 204 60000 1
7 17 102 30600 0
2 13 68 20000 1
3 0 0 0 0
2 4 44 13200 0
1 3 21 6300 0
6 15 150 44400 0
3 7 56 16600 0
2 4 55 16300 0
3 9 60 17800 0
7 16 95 28500 0
1 4 28 8400 0
3 5 35 10500 0
7 27 238 70000 1
5 23 170 50000 1
1 0 0 0 0
3 3 38 11400 0
5 19 170 50000 1
7 16 173 51300 0
7 61 238 70000 1
4 29 136 40000 1
2 13 68 20000 1
1 10 34 10000 1
1 2 12 3600 0
4 2 16 4800 0
5 5 34 10200 0
3 26 102 30000 1
4 22 136 40000 1
3 12 70 20800 0
1 5 33 9900 0
1 4 32 9600 0
7 14 135 40100 0
1 0 0 0 0
4 2 14 4200 0
7 2 12 3600 0
2 11 68 20000 1
1 4 31 9300 0
1 0 0 0 0
4 2 29 8700 0
3 7 39 11700 0
6 2 16 4800 0
2 20 68 20000 1
2 1 8 2400 0
4 3 17 5100 0
3 29 102 30000 1
6 9 90 27000 0
4 38 136 40000 1
1 21 34 10000 1
2 35 68 20000 1
1 17 34 10000 1
3 25 102 30000 1
1 32 34 10000 1
3 15 102 30000 1
5 21 170 50000 1
1 23 34 10000 1
3 15 102 30000 1
7 8 48 14400 0
6 21 204 60000 1
2 4 32 9600 0
2 0 0 0 0
4 16 88 26200 0
6 23 195 58300 0
6 2 19 5700 0
2 3 27 8100 0
2 11 56 16800 0
4 12 96 28800 0
7 53 238 70000 1
4 0 0 0 0
7 13 87 26100 0
1 20 34 10000 1
5 30 170 50000 1
2 12 68 20000 1
2 13 68 20000 1
1 23 34 10000 1
2 17 68 20000 1
5 29 170 50000 1
1 1 7 2100 0
3 11 97 28700 0
6 14 90 27000 0
7 15 96 28800 0
6 24 192 56600 0
3 3 30 9000 0
7 7 49 14700 0
4 13 136 40000 1
7 29 238 70000 1
4 20 136 40000 1
3 29 102 30000 1
5 22 170 50000 1
4 1 6 1800 0
1 3 21 6300 0
3 18 102 30000 1
6 27 204 60000 1
2 5 40 12000 0
7 28 238 70000 1
5 2 27 8100 0
4 5 45 13500 0
3 45 102 30000 1
2 1 7 2100 0
3 31 102 30000 1
5 2 14 4200 0
6 33 204 60000 1
1 12 34 10000 1
2 13 68 20000 1
7 72 238 70000 1
1 14 34 10000 1
2 2 22 6600 0
4 15 136 40000 1
5 26 148 44000 0
1 19 34 10000 1
7 24 238 70000 1
1 7 34 10000 1
3 19 102 30000 1
