5 1.04166666667
3 1.04166666667
1 1.04166666667
2 1.04166666667
1 1.04166666667
4 1.04166666667
3 1.04166666667
1 1.04166666667
3 1.04166666667
3 1.04166666667
5 1.04166666667
5 1.04166666667
4 1.04166666667
4 1.04166666667
2 1.04166666667
2 1.04166666667
1 1.04166666667
4 1.04166666667
3 1.04166666667
5 1.04166666667
5 1.04166666667
4 1.04166666667
3 1.04166666667
2 1.04166666667
1 1.04166666667
4 1.04166666667
5 1.04166666667
2 1.04166666667
3 1.04166666667
5 1.04166666667
4 1.04166666667
1 1.04166666667
4 1.04166666667
3 1.04166666667
1 1.04166666667
2 1.04166666667
1 1.04166666667
2 1.04166666667
2 1.04166666667
1 1.04166666667
3 1.04166666667
5 1.04166666667
2 1.04166666667
2 1.04166666667
3 1.04166666667
3 1.04166666667
1 1.04166666667
5 1.04166666667
2 1.04166666667
3 1.04166666667
4 1.04166666667
5 1.04166666667
5 1.04166666667
4 1.04166666667
5 1.04166666667
4 1.04166666667
5 1.04166666667
4 1.04166666667
1 1.04166666667
2 1.04166666667
5 1.04166666667
1 1.04166666667
1 1.04166666667
4 1.04166666667
4 1.04166666667
3 1.04166666667
2 1.04166666667
2 1.04166666667
1 1.04166666667
5 1.04166666667
3 1.04166666667
1 1.04166666667
2 1.04166666667
5 1.04166666667
1 1.04166666667
3 1.04166666667
4 1.04166666667
3 1.04166666667
4 1.04166666667
3 1.04166666667
3 1.04166666667
1 1.04166666667
5 1.04166666667
2 1.04166666667
5 1.04166666667
2 1.04166666667
5 1.04166666667
2 1.04166666667
3 1.04166666667
1 1.04166666667
3 1.04166666667
1 1.04166666667
4 1.04166666667
1 1.04166666667
3 1.04166666667
1 1.04166666667
5 1.04166666667
3 1.04166666667
5 1.04166666667
1 1.04166666667
1 1.04166666667
5 1.04166666667
1 1.04166666667
4 1.04166666667
4 1.04166666667
3 1.04166666667
3 1.04166666667
1 1.04166666667
2 1.04166666667
3 1.04166666667
3 1.04166666667
3 1.04166666667
5 1.04166666667
3 1.04166666667
11 1.04166666667
17 1.04166666667
22 1.04166666667
10 1.04166666667
12 1.04166666667
19 1.04166666667
18 1.04166666667
8 1.04166666667
17 1.04166666667
24 1.04166666667
