5 27 81 40992 0
6 13 46 23552 0
6 31 101 50992 0
3 23 41 20752 0
2 29 40 20000 1
2 25 40 20000 1
4 15 28 14336 0
5 21 69 34848 0
7 30 109 55328 0
4 3 11 5632 0
1 17 20 10000 1
1 27 20 10000 1
5 19 67 34064 0
7 26 76 38672 0
4 17 47 23824 0
5 18 41 20752 0
2 27 40 20000 1
6 16 49 24848 0
4 19 57 28944 0
2 0 0 0 0
2 20 40 20000 1
3 43 60 30000 1
7 25 97 48944 0
1 13 17 8704 0
1 10 11 5632 0
5 15 36 18432 0
2 26 40 20000 1
7 22 95 48160 0
5 6 18 9216 0
4 14 45 22800 0
2 9 20 10240 0
7 1 6 3072 0
7 3 10 5120 0
3 27 60 30000 1
1 0 0 0 0
1 10 17 8704 0
5 0 0 0 0
5 15 45 23040 0
7 14 66 33552 0
5 5 16 8192 0
3 17 37 18704 0
6 21 62 31504 0
2 16 33 16656 0
6 88 120 60000 1
7 26 88 44576 0
7 18 63 32016 0
3 9 21 10752 0
4 70 80 40000 1
5 12 34 17408 0
2 21 38 19216 0
2 3 8 4096 0
6 9 35 17920 0
7 22 98 49696 0
5 16 78 39456 0
4 3 10 5120 0
4 20 53 26896 0
5 25 78 39456 0
3 23 58 29216 0
3 17 37 18704 0
5 17 49 24848 0
4 33 77 38704 0
5 21 60 30480 0
6 17 58 29456 0
4 19 45 22800 0
7 26 82 41744 0
6 23 79 39968 0
7 31 128 64576 0
2 30 40 20000 1
7 24 116 58672 0
3 28 56 28192 0
6 5 15 7680 0
6 40 120 60000 1
5 66 100 50000 1
5 10 27 13824 0
1 7 7 3584 0
3 46 60 30000 1
2 21 40 20000 1
2 7 15 7680 0
1 20 20 10000 1
3 10 22 11264 0
7 23 107 54304 0
5 18 63 32016 0
7 19 69 35088 0
7 20 69 35088 0
3 23 53 26656 0
6 17 49 24848 0
2 36 40 20000 1
2 39 40 20000 1
