1 1.0101010101
3 1.0101010101
2 1.0101010101
1 1.0101010101
4 1.0101010101
1 1.0101010101
3 1.0101010101
5 1.0101010101
2 1.0101010101
4 1.0101010101
2 1.0101010101
1 1.0101010101
2 1.0101010101
3 1.0101010101
1 1.0101010101
6 1.0101010101
2 1.0101010101
4 1.0101010101
3 1.0101010101
1 1.0101010101
4 1.0101010101
4 1.0101010101
5 1.0101010101
1 1.0101010101
3 1.0101010101
1 1.0101010101
4 1.0101010101
3 1.0101010101
1 1.0101010101
1 1.0101010101
4 1.0101010101
1 1.0101010101
1 1.0101010101
1 1.0101010101
1 1.0101010101
1 1.0101010101
1 1.0101010101
1 1.0101010101
1 1.0101010101
1 1.0101010101
1 1.0101010101
1 1.0101010101
1 1.0101010101
2 1.0101010101
14 1.0101010101
1 1.0101010101
11 1.0101010101
1 1.0101010101
1 1.0101010101
3 1.0101010101
2 1.0101010101
1 1.0101010101
1 1.0101010101
1 1.0101010101
1 1.0101010101
