6 33 84 60000 1
4 37 56 40000 1
6 20 50 36770 0
1 14 14 10000 1
6 13 65 48277 0
3 12 21 15993 0
1 14 14 10000 1
1 0 0 0 0
5 10 29 22127 0
6 11 33 24528 0
2 14 28 20000 1
5 6 18 13721 0
6 9 27 20578 0
7 1 6 4566 0
6 21 55 40654 0
4 5 11 8389 0
2 6 22 16112 0
1 9 10 7610 0
4 21 47 34493 0
6 9 23 17528 0
4 28 56 40000 1
2 18 28 20000 1
6 19 54 40594 0
2 0 0 0 0
6 28 84 60000 1
2 16 28 20000 1
7 2 7 5360 0
6 28 84 60000 1
2 11 28 20000 1
3 10 21 15987 0
4 12 34 25265 0
2 20 28 20000 1
1 2 5 3805 0
3 16 31 22287 0
7 2 8 6114 0
2 8 25 18383 0
7 10 53 39780 0
4 7 33 24478 0
7 12 37 28202 0
2 7 24 17620 0
3 14 32 23044 0
4 1 3 2292 0
1 9 14 10000 1
6 15 43 32140 0
5 7 20 15252 0
7 16 51 38188 0
2 5 10 7610 0
7 11 63 47439 0
7 28 93 67533 0
5 10 29 22110 0
3 25 42 30000 1
6 50 84 60000 1
5 20 55 40572 0
5 27 70 50000 1
3 17 37 26886 0
3 9 19 14481 0
5 26 70 50000 1
4 17 44 32187 0
6 5 20 15265 0
2 12 24 18279 0
3 7 12 9143 0
6 5 23 17547 0
6 6 16 12202 0
1 7 14 10000 1
5 19 55 40626 0
4 27 56 40000 1
5 22 67 49046 0
4 16 42 30680 0
2 3 8 6094 0
5 13 37 27536 0
4 23 56 40000 1
1 8 14 10000 1
7 2 9 6883 0
2 4 13 9897 0
4 21 53 38395 0
5 9 45 33692 0
6 5 19 14483 0
2 11 24 17610 0
4 2 5 3811 0
6 27 71 52134 0
7 13 49 36732 0
1 26 14 10000 1
7 17 70 52107 0
5 16 48 36031 0
2 5 21 15327 0
5 7 24 18328 0
3 25 42 30000 1
4 10 34 25269 0
3 5 14 10660 0
4 9 27 19899 0
5 30 70 50000 1
5 14 42 31335 0
1 1 2 1522 0
4 12 52 37619 0
2 8 21 15357 0
4 8 16 12191 0
7 7 26 19850 0
3 7 15 11415 0
3 16 35 25335 0
3 10 26 19181 0
