2 1.0055304173
3 1.01419878296
6 0.997008973081
5 1.02124183007
2 0.980392156863
5 1.02124183007
4 1.03199174407
3 0.997008973081
5 1.04297037964
2 1.03199174407
3 1.01419878296
2 1.0055304173
3 1.03199174407
5 1.02124183007
4 0.992802184165
5 1.01071356378
5 1.03199174407
1 0.980392156863
2 1.03199174407
4 1.01858925388
3 1.01419878296
1 0.980392156863
5 0.990295107942
2 1.0055304173
5 1.06564364876
2 1.0055304173
6 0.997008973081
6 1.05988341282
5 1.03199174407
1 0.980392156863
5 1.03199174407
5 1.04297037964
4 1.03199174407
6 1.02301790281
2 1.0055304173
4 1.03199174407
4 1.03199174407
2 1.0055304173
3 1.03199174407
5 1.05418511491
1 0.980392156863
3 1.03199174407
2 1.0055304173
1 0.980392156863
1 0.980392156863
6 1.02301790281
5 1.02124183007
3 1.01419878296
3 1.01419878296
5 1.03199174407
6 1.03199174407
3 0.997008973081
2 1.0055304173
5 1.00040016006
3 0.997008973081
1 0.980392156863
4 1.04575163399
2 1.03199174407
1 0.980392156863
5 1.02124183007
1 0.980392156863
5 1.07735401853
1 0.980392156863
4 1.04575163399
1 0.980392156863
2 1.03199174407
4 1.03199174407
1 0.980392156863
3 1.05042016807
2 1.0055304173
1 0.980392156863
4 1.07440236369
5 1.03199174407
3 1.01419878296
4 1.03199174407
4 1.05988341282
1 0.980392156863
1 0.980392156863
1 0.980392156863
4 1.01858925388
2 1.0055304173
3 1.01419878296
2 0.980392156863
1 0.980392156863
1 0.980392156863
13 1.03199174407
1 0.980392156863
1 0.980392156863
1 0.980392156863
1 0.980392156863
1 0.980392156863
1 0.980392156863
13 1.07553569951
6 1.02301790281
1 0.980392156863
1 0.980392156863
37 1.0606581814
1 0.980392156863
1 0.980392156863
4 1.01858925388
10 1.00040016006
1 0.980392156863
1 0.980392156863
42 1.03328658942
1 0.980392156863
1 0.980392156863
6 1.04112441437
1 0.980392156863
1 0.980392156863
1 0.980392156863
