4 28 35 40000 1
6 28 50 60000 1
2 2 6 7464 0
5 0 0 0 0
6 25 48 60000 1
1 1 2 2020 0
4 19 37 40000 1
6 31 55 60000 1
5 24 43 50000 1
2 16 19 20000 1
7 10 34 41267 0
3 18 25 30000 1
7 23 61 70000 1
6 36 49 60000 1
2 5 13 15001 0
2 2 7 8807 0
4 22 36 40000 1
1 14 10 10000 1
1 8 10 10000 1
4 17 32 40000 1
6 1 5 7007 0
1 13 10 10000 1
1 1 2 2020 0
2 3 6 7305 0
6 4 21 29419 0
4 21 34 40000 1
5 47 47 50000 1
3 4 13 15940 0
1 12 10 10000 1
3 32 26 30000 1
3 3 9 10525 0
5 3 10 12945 0
5 10 44 50000 1
2 7 18 19390 0
6 17 52 59109 0
1 8 10 10000 1
6 6 16 19574 0
7 22 55 70000 1
1 11 10 10000 1
5 23 43 50000 1
5 11 33 41874 0
4 30 35 40000 1
7 22 57 70000 1
1 0 0 0 0
3 27 28 30000 1
5 2 5 6952 0
1 27 10 10000 1
1 7 8 8080 0
2 0 0 0 0
3 19 27 30000 1
4 13 34 39962 0
2 1 3 3722 0
6 15 34 41560 0
3 17 27 30000 1
1 23 10 10000 1
1 12 10 10000 1
1 13 10 10000 1
5 33 47 50000 1
3 17 28 30000 1
5 24 41 50000 1
6 24 51 60000 1
6 1 2 2326 0
7 5 19 26337 0
4 25 35 40000 1
6 15 47 58513 0
4 14 35 40000 1
5 2 8 10568 0
2 9 18 19789 0
7 27 56 70000 1
7 18 58 70000 1
7 7 29 38353 0
2 10 19 20000 1
5 3 14 18425 0
5 2 6 8393 0
6 30 53 60000 1
1 26 10 10000 1
7 18 58 70000 1
5 21 43 50000 1
6 50 52 60000 1
5 14 44 50000 1
6 30 54 60000 1
5 22 41 50000 1
3 7 12 14749 0
1 7 10 10000 1
1 4 8 8080 0
5 21 44 50000 1
6 24 54 60000 1
1 4 8 8080 0
7 19 57 70000 1
3 4 11 13458 0
1 29 10 10000 1
6 6 18 24450 0
7 25 63 70000 1
4 8 20 26596 0
4 3 10 12747 0
