1 0.974658869396
4 1.06326422116
1 0.974658869396
2 1.03199174407
2 1.03199174407
1 0.974658869396
1 0.974658869396
1 0.974658869396
4 1.20992135511
5 1.16959064327
4 1.01703534198
6 1.16959064327
4 1.06326422116
1 0.974658869396
3 1.03199174407
2 1.06326422116
2 1.09649122807
4 0.988386459106
5 1.12460638776
4 1.16959064327
5 1.06974753958
1 0.974658869396
1 0.974658869396
1 0.974658869396
3 1.07411385607
3 1.14416475973
3 1.11982082867
5 1.20163422254
1 0.974658869396
4 1.04739460592
5 1.11037086387
5 1.15420129271
4 1.06326422116
6 1.108033241
2 1.06326422116
6 1.1961722488
5 1.08295429933
5 1.11037086387
4 1.13186191285
2 1.00250626566
5 1.06974753958
4 1.13186191285
4 0.974658869396
3 1.09649122807
2 1.06326422116
4 1.11389585074
5 1.01999184007
5 1.08295429933
1 0.974658869396
1 0.974658869396
6 1.16959064327
5 1.09649122807
2 1.00250626566
1 0.974658869396
3 1.09649122807
1 0.974658869396
3 1.09649122807
3 1.05263157895
2 1.03199174407
2 1.09649122807
2 1.00250626566
4 1.25313283208
3 1.05263157895
4 1.13186191285
2 1.06326422116
1 0.974658869396
3 0.993048659384
5 1.11037086387
1 0.974658869396
1 0.974658869396
2 1.09649122807
3 1.07411385607
1 0.974658869396
4 0.988386459106
4 1.23114804555
3 1.07411385607
6 1.16959064327
1 0.974658869396
5 1.23548307388
4 1.15041702617
3 1.11982082867
4 1.13186191285
2 1.06326422116
2 1.06326422116
3 1.05263157895
1 0.974658869396
5 1.16959064327
5 1.03199174407
1 0.974658869396
4 1.06326422116
3 1.09649122807
1 0.974658869396
3 1.09649122807
1 0.974658869396
2 1.00250626566
3 1.05263157895
1 0.974658869396
3 1.03199174407
2 1.06326422116
5 1.09649122807
5 1.08295429933
6 1.108033241
2 1.06326422116
1 0.974658869396
2 1.03199174407
3 1.05263157895
5 1.13921166553
6 1.108033241
6 1.06326422116
4 1.09649122807
1 0.974658869396
4 1.16959064327
11 1.1419080245
1 0.974658869396
1 0.974658869396
1 0.974658869396
1 0.974658869396
23 1.2339717796
1 0.974658869396
22 1.09649122807
1 0.974658869396
1 0.974658869396
1 0.974658869396
78 1.19721876871
1 0.974658869396
1 0.974658869396
1 0.974658869396
12 1.17612466921
14 1.22807017544
30 1.28057369702
1 0.974658869396
52 1.10312055835
2 1.09649122807
3 1.16959064327
55 0.974658869396
1 0.974658869396
1 0.974658869396
143 1.4062622925
6 1.09649122807
1 0.974658869396
1 0.974658869396
7 1.10636952742
6 1.11982082867
1 0.974658869396
22 1.2023829043
1 0.974658869396
1 0.974658869396
1 0.974658869396
1 0.974658869396
45 1.23548307388
1 0.974658869396
1 0.974658869396
20 1.09649122807
