4 6 14 40000 1
1 1 2 6074 0
4 3 11 33504 0
4 2 6 22044 0
5 7 17 50000 1
5 13 20 50000 1
5 3 9 28729 0
3 0 0 0 0
5 9 18 50000 1
2 4 8 20000 1
4 0 0 0 0
2 0 0 0 0
1 0 0 0 0
1 5 4 10000 1
4 12 16 40000 1
3 7 12 30000 1
6 0 0 0 0
1 4 4 10000 1
5 13 17 50000 1
2 6 8 20000 1
4 1 3 10877 0
2 4 8 20000 1
7 9 26 70000 1
6 0 0 0 0
1 3 4 10000 1
5 3 9 29445 0
6 20 22 60000 1
3 5 12 30000 1
4 8 15 40000 1
2 0 0 0 0
3 1 5 16174 0
6 4 11 32567 0
7 5 14 47194 0
3 7 11 30000 1
1 1 4 10000 1
4 6 14 40000 1
4 11 15 40000 1
4 9 16 40000 1
5 0 0 0 0
1 5 4 10000 1
7 26 25 70000 1
3 7 11 30000 1
3 12 12 30000 1
2 1 4 13167 0
6 10 21 60000 1
6 18 23 60000 1
4 5 14 40000 1
4 12 15 40000 1
2 2 8 20000 1
2 0 0 0 0
6 19 24 60000 1
6 5 20 60000 1
1 3 4 10000 1
6 0 0 0 0
3 1 3 10344 0
7 8 24 70000 1
6 24 24 60000 1
6 1 3 11547 0
2 1 2 6074 0
2 0 0 0 0
7 5 19 61459 0
1 3 4 10000 1
2 8 8 20000 1
3 7 12 30000 1
2 3 7 20000 1
3 12 12 30000 1
2 1 3 9558 0
1 4 4 10000 1
2 0 0 0 0
1 6 4 10000 1
6 19 24 60000 1
1 4 4 10000 1
3 0 0 0 0
2 1 2 6696 0
5 15 18 50000 1
4 1 2 6696 0
7 12 24 70000 1
4 12 16 40000 1
2 7 8 20000 1
5 14 20 50000 1
4 8 15 40000 1
4 5 15 40000 1
3 4 12 30000 1
1 3 4 10000 1
1 5 4 10000 1
5 2 10 33850 0
6 8 21 60000 1
1 3 4 10000 1
7 17 25 70000 1
5 7 16 49233 0
6 10 21 60000 1
4 10 16 40000 1
7 5 20 62612 0
2 7 8 20000 1
4 1 3 9587 0
4 8 16 40000 1
3 2 8 23525 0
7 3 6 19354 0
6 0 0 0 0
4 7 14 40000 1
4 10 14 40000 1
6 0 0 0 0
