4 1.38888888889
2 1.02040816327
2 1.11111111111
4 1.28205128205
3 1.20967741935
3 1.31578947368
5 1.31578947368
3 1.171875
3 1.19047619048
1 1.0
4 1.33333333333
3 1.05633802817
5 1.30208333333
6 1.27118644068
5 1.35869565217
2 1.06382978723
2 1.16279069767
5 1.42045454545
5 1.28865979381
4 1.3698630137
3 1.25
5 1.4880952381
2 1.08695652174
2 1.02040816327
5 1.54320987654
3 1.27118644068
4 1.25
1 1.0
5 1.23762376238
1 1.0
5 1.40449438202
4 1.23456790123
2 1.08695652174
1 1.0
2 1.08695652174
5 1.45348837209
5 1.31578947368
2 1.13636363636
5 1.23762376238
2 1.04166666667
5 1.10619469027
4 1.28205128205
4 1.25
2 1.13636363636
2 1.16279069767
4 1.25
6 1.11940298507
1 1.0
2 1.16279069767
5 1.42045454545
3 1.27118644068
4 1.21951219512
4 1.11111111111
3 1.27118644068
3 1.29310344828
6 1.33928571429
2 1.08695652174
4 1.3698630137
1 1.0
5 1.35869565217
4 1.35135135135
4 1.31578947368
6 1.44230769231
2 1.19047619048
3 1.171875
1 1.0
3 1.20967741935
4 1.21951219512
4 1.31578947368
4 1.26582278481
4 1.31578947368
1 1.0
2 1.04166666667
5 1.37362637363
2 1.06382978723
5 1.42045454545
3 1.27118644068
5 1.54320987654
3 1.11940298507
1 1.0
6 1.45631067961
5 1.4367816092
6 1.36363636364
3 1.22950819672
5 1.31578947368
3 1.29310344828
2 1.06382978723
4 1.21951219512
2 1.02040816327
1 1.0
3 1.25
3 1.33928571429
5 1.35869565217
4 1.2987012987
4 1.3698630137
4 1.35135135135
2 1.06382978723
4 1.17647058824
1 1.0
4 1.28205128205
4 1.28205128205
6 1.2
2 1.16279069767
4 1.2987012987
1 1.0
3 1.27118644068
4 1.35135135135
2 1.0
3 1.05633802817
5 1.13636363636
4 1.31578947368
4 1.33333333333
1 1.0
2 1.08695652174
3 1.171875
5 1.35869565217
2 1.16279069767
6 1.41509433962
4 1.25
6 1.27118644068
2 1.08695652174
3 1.08695652174
2 1.06382978723
1 1.0
1 1.0
1 1.0
3 1.27118644068
1 1.0
1 1.0
1 1.0
1 1.0
1 1.0
1 1.0
1 1.0
1 1.0
1 1.0
1 1.0
1 1.0
1 1.0
1 1.0
13 1.70157068063
3 1.11940298507
1 1.0
2 1.16279069767
1 1.0
1 1.0
1 1.0
4 1.33333333333
11 1.39593908629
1 1.0
1 1.0
1 1.0
3 1.29310344828
14 1.37795275591
1 1.0
31 1.63157894737
2 1.19047619048
10 1.33689839572
7 1.62037037037
1 1.0
40 1.41843971631
1 1.0
1 1.0
1 1.0
1 1.0
