1 1 3 10000 1
3 1 7 30000 1
2 1 5 20000 1
1 1 3 10000 1
3 1 6 30000 1
2 1 5 20000 1
5 1 10 50000 1
3 1 7 30000 1
3 2 7 30000 1
3 1 6 30000 1
3 1 6 30000 1
1 1 3 10000 1
1 1 3 10000 1
4 2 9 40000 1
3 1 6 30000 1
2 1 5 20000 1
2 1 5 20000 1
1 1 3 10000 1
2 1 5 20000 1
4 1 9 40000 1
2 1 5 20000 1
1 1 3 10000 1
5 1 10 50000 1
5 1 9 50000 1
3 1 7 30000 1
2 1 5 20000 1
3 1 6 30000 1
2 1 5 20000 1
2 1 5 20000 1
4 1 8 40000 1
2 1 5 20000 1
1 1 3 10000 1
2 1 5 20000 1
2 1 5 20000 1
1 1 3 10000 1
3 1 7 30000 1
1 1 3 10000 1
4 1 8 40000 1
2 1 5 20000 1
4 1 9 40000 1
2 1 5 20000 1
3 1 6 30000 1
2 1 5 20000 1
2 1 5 20000 1
3 1 7 30000 1
1 1 3 10000 1
3 1 8 30000 1
5 1 11 50000 1
5 1 10 50000 1
3 1 7 30000 1
3 1 6 30000 1
4 1 8 40000 1
2 1 5 20000 1
3 1 7 30000 1
4 1 8 40000 1
2 1 5 20000 1
3 1 6 30000 1
4 1 8 40000 1
3 1 6 30000 1
3 1 6 30000 1
4 1 10 40000 1
4 1 8 40000 1
5 2 10 50000 1
5 1 10 50000 1
4 1 9 40000 1
2 1 5 20000 1
5 1 10 50000 1
3 1 6 30000 1
3 1 6 30000 1
4 1 8 40000 1
5 2 12 50000 1
4 1 9 40000 1
4 1 8 40000 1
5 3 14 50000 1
4 2 9 40000 1
5 1 11 50000 1
4 1 10 40000 1
1 1 3 10000 1
2 1 5 20000 1
1 1 3 10000 1
3 1 7 30000 1
3 1 7 30000 1
5 2 12 50000 1
3 1 6 30000 1
1 1 3 10000 1
3 1 6 30000 1
4 2 10 40000 1
2 1 5 20000 1
3 2 7 30000 1
4 1 8 40000 1
3 2 8 30000 1
2 1 5 20000 1
4 1 8 40000 1
3 1 6 30000 1
5 1 9 46841 0
5 1 10 50000 1
2 1 5 20000 1
1 1 3 10000 1
4 1 9 40000 1
5 1 12 50000 1
4 1 9 40000 1
5 1 9 50000 1
1 1 3 10000 1
1 1 3 10000 1
1 1 3 10000 1
1 1 3 10000 1
13 4 36 130000 1
19 2 35 190000 1
19 1 24 183614 0
10 1 10 59850 0
17 1 9 53392 0
20 1 24 161653 0
8 1 16 80000 1
24 1 11 87779 0
18 1 10 65277 0
18 5 54 180000 1
20 4 57 200000 1
10 3 23 100000 1
