5 1.539408867
5 1.99211309524
4 1.73357142857
4 1.32275132275
2 1.43839285714
5 1.78571428571
2 1.2315270936
2 1.05042016807
2 1.08225108225
2 1.40079365079
3 1.71220238095
1 0.992063492063
2 1.2315270936
5 1.5943877551
6 1.96964285714
6 1.30662020906
2 1.40873015873
5 1.25754527163
2 1.05042016807
4 1.08225108225
1 1.00535714286
5 1.77046428571
4 1.84693877551
3 1.13981762918
4 2.0475
4 1.88469387755
6 1.70068027211
3 1.88392857143
2 1.19047619048
3 1.11607142857
3 1.24584717608
4 1.42857142857
3 1.5306122449
4 1.82571428571
2 1.19047619048
3 1.33928571429
6 1.59914712154
2 1.19047619048
3 1.33928571429
5 1.87857142857
4 1.19047619048
2 1.19047619048
3 1.11607142857
5 1.84094387755
2 1.11607142857
4 1.45772594752
1 0.992063492063
6 0.992063492063
4 1.66759581882
1 0.992063492063
2 1.08225108225
4 1.4880952381
2 0.992063492063
5 1.5943877551
2 1.11607142857
4 1.34770889488
4 1.4880952381
3 1.30662020906
2 1.11607142857
5 1.84366496599
4 1.27551020408
4 1.2315270936
5 1.62337662338
2 1.08225108225
2 1.11607142857
1 0.992063492063
3 1.74821428571
4 1.42857142857
1 1.00535714286
2 0.992063492063
3 1.27551020408
5 1.46370023419
3 1.30662020906
5 1.51331719128
5 1.46370023419
2 1.2315270936
1 0.992063492063
5 1.33262260128
5 1.01461038961
1 0.992063492063
5 1.62337662338
6 1.39146567718
5 1.4880952381
3 1.11607142857
5 1.62337662338
1 0.992063492063
1 0.992063492063
1 0.992063492063
4 1.79253246753
5 1.37362637363
1 0.992063492063
5 1.4400921659
3 1.13981762918
1 0.992063492063
2 1.38446428571
5 1.5664160401
2 1.2315270936
2 1.36071428571
4 1.40056022409
2 1.05042016807
3 1.40977443609
4 1.90510204082
4 1.06609808102
3 1.40977443609
2 1.19047619048
3 1.44787644788
4 1.17096018735
6 1.30662020906
3 1.8181547619
2 1.41150793651
5 1.5664160401
1 0.992063492063
5 1.35281385281
5 1.71703296703
2 1.19047619048
5 1.62337662338
4 1.93673469388
2 0.992063492063
5 1.51331719128
5 1.90863095238
1 1.00535714286
2 1.4717032967
1 0.992063492063
2 1.41324404762
5 1.46370023419
3 0.992063492063
5 1.4400921659
2 1.19047619048
4 1.37362637363
2 1.39563492063
3 1.83174603175
4 1.88587662338
4 1.42857142857
1 0.992063492063
4 2.0512987013
2 1.27551020408
1 1.00535714286
3 1.19047619048
1 0.992063492063
4 1.45772594752
5 1.51331719128
5 1.78571428571
2 1.31392857143
3 1.13981762918
2 1.19047619048
4 1.40056022409
2 1.02040816327
4 1.40056022409
4 1.51975683891
2 1.27551020408
2 1.33103741497
3 1.37362637363
2 1.15207373272
4 1.95223214286
3 1.21753246753
1 0.992063492063
6 2.1831043956
5 1.4880952381
3 1.37362637363
4 1.32275132275
4 1.17096018735
1 0.992063492063
2 1.08225108225
3 1.37362637363
3 1.16459627329
4 2.05
3 1.11607142857
4 1.32275132275
1 1.00535714286
4 1.2987012987
6 1.4880952381
3 1.30662020906
4 1.2315270936
2 1.02040816327
2 1.2315270936
3 1.30662020906
6 1.78571428571
3 1.78976190476
2 1.34851190476
4 2.00918367347
5 1.62337662338
2 1.19047619048
1 1.00535714286
1 0.992063492063
1 0.992063492063
59 2.003828125
3 1.5306122449
4 1.2315270936
22 1.73072263993
22 1.86188219364
2 1.19047619048
1 0.992063492063
1 0.992063492063
1 0.992063492063
4 1.42857142857
6 2.21488095238
10 2.10084033613
13 2.28872767857
21 1.86938268685
15 1.22870249017
1 0.992063492063
1 0.992063492063
2 1.15207373272
17 2.52351190476
7 1.84992559524
1 1.00535714286
29 2.15146287328
2 1.32275132275
1 0.992063492063
117 1.12448100877
1 0.992063492063
1 1.00535714286
60 2.06693548387
1 0.992063492063
4 1.87008928571
15 2.09255952381
52 2.27924107143
8 1.5873015873
1 1.00535714286
4 1.4880952381
1 0.992063492063
1 0.992063492063
1 1.00535714286
1 1.00535714286
1 0.992063492063
2 1.11607142857
1 0.992063492063
1 0.992063492063
2 1.11607142857
20 1.4880952381
14 1.77943121693
10 1.58027812895
3 1.44787644788
3 1.19047619048
7 1.76517857143
104 1.5437596485
1 0.992063492063
1 1.00535714286
25 1.44944341373
9 2.33095238095
9 1.76609105181
9 1.87519363167
14 1.27551020408
123 1.97894778988
85 1.95446428571
1 0.992063492063
1 0.992063492063
1 0.992063492063
10 1.71703296703
1 0.992063492063
115 1.82916666667
11 0.992063492063
3 1.30662020906
2 1.19047619048
23 1.57967032967
1 0.992063492063
40 3.25045553936
19 1.54924983692
1 0.992063492063
42 1.82481751825
1 1.00535714286
1 0.992063492063
