4 1 6 40000 1
4 1 6 40000 1
5 1 8 50000 1
1 1 2 10000 1
5 1 8 50000 1
3 1 5 30000 1
2 1 3 20000 1
5 1 7 50000 1
1 1 2 10000 1
3 1 6 30000 1
3 1 5 30000 1
2 1 4 20000 1
5 1 8 50000 1
2 1 4 20000 1
1 1 2 10000 1
2 1 4 20000 1
1 1 2 10000 1
3 1 6 30000 1
5 1 8 50000 1
3 1 6 30000 1
4 1 7 40000 1
4 1 7 40000 1
1 1 2 10000 1
4 1 7 40000 1
4 1 6 40000 1
4 1 6 40000 1
3 1 6 30000 1
5 1 7 50000 1
2 1 3 20000 1
5 1 8 50000 1
1 1 2 10000 1
5 1 7 50000 1
5 1 9 50000 1
1 1 2 10000 1
4 1 6 40000 1
2 1 3 20000 1
4 1 7 40000 1
4 1 6 40000 1
4 1 5 40000 1
5 1 7 50000 1
1 1 2 10000 1
1 1 2 10000 1
4 1 7 40000 1
5 1 7 50000 1
2 1 4 20000 1
1 1 2 10000 1
1 1 2 10000 1
5 1 9 50000 1
2 1 3 20000 1
5 1 7 50000 1
4 1 7 40000 1
1 1 2 10000 1
3 1 6 30000 1
4 1 6 40000 1
1 1 2 10000 1
3 1 5 30000 1
1 1 2 10000 1
4 1 6 40000 1
5 1 8 50000 1
2 1 4 20000 1
2 1 4 20000 1
2 1 3 20000 1
4 1 6 40000 1
4 1 6 40000 1
2 1 4 20000 1
3 1 6 30000 1
3 1 5 30000 1
2 1 4 20000 1
5 1 8 50000 1
3 1 6 30000 1
3 1 5 30000 1
2 1 3 20000 1
4 1 6 40000 1
3 1 6 30000 1
5 1 7 50000 1
1 1 2 10000 1
2 1 3 20000 1
2 1 3 20000 1
3 1 6 30000 1
4 1 5 40000 1
1 1 2 10000 1
1 1 2 10000 1
3 1 5 30000 1
5 1 9 50000 1
5 1 9 50000 1
4 1 7 40000 1
1 1 2 10000 1
1 1 2 10000 1
5 1 6 50000 1
4 1 7 40000 1
1 1 2 10000 1
1 1 2 10000 1
5 1 7 50000 1
3 1 6 30000 1
4 1 7 40000 1
4 1 6 40000 1
5 1 8 50000 1
4 1 7 40000 1
2 1 4 20000 1
5 1 8 50000 1
3 1 6 30000 1
3 1 5 30000 1
4 1 6 40000 1
4 1 7 40000 1
3 1 6 30000 1
2 1 4 20000 1
4 1 6 40000 1
5 1 8 50000 1
2 1 4 20000 1
6 1 9 60000 1
5 1 9 50000 1
17 1 14 127794 0
17 1 15 145105 0
11 1 10 90851 0
17 1 12 113858 0
18 1 23 180000 1
14 1 11 99887 0
15 1 12 112807 0
14 1 17 140000 1
15 1 19 150000 1
