1 0.992063492063
3 1.0162601626
4 1.6339869281
3 1.30208333333
5 1.50966183575
2 0.992063492063
2 1.06837606838
5 0.992063492063
3 1.30208333333
4 1.29198966408
1 0.992063492063
5 1.82748538012
2 1.11111111111
1 0.992063492063
5 1.44675925926
6 1.0162601626
4 1.5873015873
3 1.09649122807
3 1.12612612613
4 1.4245014245
3 0.992063492063
5 1.19731800766
2 1.32275132275
1 0.992063492063
5 1.28600823045
4 1.23456790123
2 1.2077294686
3 1.60256410256
4 1.5015015015
3 1.4880952381
4 1.18203309693
1 0.992063492063
4 1.6835016835
1 0.992063492063
6 1.93798449612
3 1.26262626263
5 1.24007936508
5 1.36165577342
5 1.54320987654
1 0.992063492063
3 1.15740740741
3 0.992063492063
5 1.31027253669
5 1.17702448211
3 0.992063492063
6 1.89393939394
5 1.69376693767
2 1.11111111111
4 1.38888888889
5 1.47754137116
1 0.992063492063
3 1.34408602151
1 0.992063492063
5 1.92901234568
5 1.92901234568
4 1.06837606838
2 1.26262626263
5 1.50966183575
5 1.50966183575
5 1.03648424544
2 0.992063492063
2 1.02880658436
3 1.4367816092
3 0.992063492063
4 1.23456790123
1 0.992063492063
2 1.32275132275
3 1.26262626263
5 1.26262626263
4 1.13378684807
3 1.15740740741
5 1.02124183007
1 0.992063492063
2 1.15740740741
1 0.992063492063
5 1.44675925926
6 1.41242937853
4 1.54320987654
3 1.34408602151
1 0.992063492063
6 1.22549019608
6 1.51515151515
2 1.11111111111
6 1.26262626263
5 1.6149870801
6 1.6339869281
6 1.4367816092
3 1.54320987654
5 1.38888888889
2 1.15740740741
6 1.22549019608
5 1.41723356009
5 1.13843351548
5 1.69376693767
2 1.06837606838
4 1.46198830409
2 1.15740740741
4 1.38888888889
3 1.19047619048
2 1.11111111111
4 1.15740740741
5 1.10229276896
5 1.17702448211
4 1.6339869281
2 1.26262626263
5 1.65343915344
5 1.44675925926
2 1.15740740741
1 0.992063492063
2 1.11111111111
4 1.73611111111
1 0.992063492063
4 1.5015015015
5 1.82748538012
2 1.2077294686
5 1.00644122383
1 0.992063492063
2 1.2077294686
2 1.2077294686
3 1.22549019608
3 1.22549019608
1 0.992063492063
2 1.15740740741
1 0.992063492063
2 1.2077294686
4 1.5015015015
4 1.06837606838
1 0.992063492063
4 1.5015015015
6 1.57232704403
33 1.34015594542
5 1.38888888889
1 0.992063492063
9 1.38888888889
38 1.37085137085
1 0.992063492063
12 1.4367816092
1 0.992063492063
1 0.992063492063
1 0.992063492063
15 1.07388316151
3 1.19047619048
3 0.992063492063
2 1.11111111111
1 0.992063492063
1 0.992063492063
1 0.992063492063
1 0.992063492063
18 2.15517241379
1 0.992063492063
1 0.992063492063
1 0.992063492063
3 1.26262626263
16 1.4064697609
2 1.15740740741
1 0.992063492063
4 1.15740740741
1 0.992063492063
1 0.992063492063
1 0.992063492063
139 0.992063492063
57 1.5522875817
1 0.992063492063
1 0.992063492063
34 1.16025116025
1 0.992063492063
11 0.992063492063
2 1.26262626263
1 0.992063492063
83 0.992063492063
1 0.992063492063
3 1.06837606838
20 1.73611111111
1 0.992063492063
5 1.54320987654
1 0.992063492063
132 1.34113630822
1 0.992063492063
1 0.992063492063
1 0.992063492063
35 2.32589048379
8 1.32275132275
9 1.4367816092
3 1.34408602151
1 0.992063492063
20 1.88964474679
111 1.26886145405
30 1.2077294686
103 0.992063492063
