2 1 6 12396 0
1 2 5 10000 1
5 6 25 50000 1
2 3 10 20000 1
5 3 25 50000 1
5 7 25 50000 1
2 5 10 20000 1
3 8 15 30000 1
2 3 10 20000 1
3 3 15 30000 1
4 1 11 22726 0
3 4 15 30000 1
3 1 15 30000 1
2 1 10 20000 1
4 8 20 40000 1
2 4 10 20000 1
2 1 10 20000 1
5 1 9 18594 0
2 1 10 20000 1
5 6 25 50000 1
1 3 5 10000 1
4 8 20 40000 1
1 4 5 10000 1
4 3 20 40000 1
2 1 10 20000 1
2 2 10 20000 1
3 2 15 30000 1
1 2 5 10000 1
5 7 25 50000 1
5 6 25 50000 1
3 2 15 30000 1
3 1 9 18264 0
5 3 25 50000 1
2 2 10 20000 1
5 1 15 30990 0
3 1 7 14462 0
3 2 15 30000 1
1 4 5 10000 1
4 4 20 40000 1
3 4 15 30000 1
3 4 15 30000 1
4 8 20 40000 1
1 3 5 10000 1
2 1 6 12396 0
2 2 10 20000 1
1 3 5 10000 1
1 1 5 10000 1
4 6 20 40000 1
4 3 20 40000 1
5 7 25 50000 1
5 11 25 50000 1
5 1 14 28924 0
2 1 10 20000 1
2 2 10 20000 1
1 1 5 10000 1
2 4 10 20000 1
5 5 25 50000 1
2 7 10 20000 1
1 1 5 10000 1
4 1 12 24792 0
3 6 15 30000 1
3 4 15 30000 1
5 6 25 50000 1
4 3 20 40000 1
4 2 16 33056 0
5 3 25 50000 1
1 1 5 10000 1
5 1 21 42726 0
4 9 20 40000 1
5 6 25 50000 1
5 1 14 28924 0
1 2 5 10000 1
3 1 11 22396 0
3 5 15 30000 1
3 6 15 30000 1
3 2 15 30000 1
3 5 15 30000 1
2 3 10 20000 1
3 5 15 30000 1
4 7 20 40000 1
4 4 20 40000 1
3 5 15 30000 1
2 2 10 20000 1
2 1 10 20000 1
3 1 7 14462 0
2 1 10 20000 1
1 3 5 10000 1
1 1 5 10000 1
1 1 5 10000 1
1 2 5 10000 1
3 2 15 30000 1
2 3 10 20000 1
5 10 25 50000 1
3 1 9 18594 0
2 2 10 20000 1
4 4 20 40000 1
3 1 11 22726 0
4 2 20 40000 1
3 6 15 30000 1
2 1 9 18264 0
1 1 5 10000 1
4 8 20 40000 1
1 1 5 10000 1
21 1 14 28924 0
21 7 105 210000 1
22 12 110 220000 1
17 1 9 18594 0
9 8 45 90000 1
9 3 45 90000 1
10 4 50 100000 1
24 6 119 238264 0
7 10 35 70000 1
11 11 55 110000 1
23 1 8 16528 0
21 1 14 28924 0
18 1 8 16528 0
