2 5.165
1 5.0
5 5.0
2 5.0
5 5.0
5 5.0
2 5.0
3 5.0
2 5.0
3 5.0
4 5.165
3 5.0
3 5.0
2 5.0
4 5.0
2 5.0
2 5.0
5 5.165
2 5.0
5 5.0
1 5.0
4 5.0
1 5.0
4 5.0
2 5.0
2 5.0
3 5.0
1 5.0
5 5.0
5 5.0
3 5.0
3 5.07333333333
5 5.0
2 5.0
5 5.165
3 5.165
3 5.0
1 5.0
4 5.0
3 5.0
3 5.0
4 5.0
1 5.0
2 5.165
2 5.0
1 5.0
1 5.0
4 5.0
4 5.0
5 5.0
5 5.0
5 5.165
2 5.0
2 5.0
1 5.0
2 5.0
5 5.0
2 5.0
1 5.0
4 5.165
3 5.0
3 5.0
5 5.0
4 5.0
4 5.165
5 5.0
1 5.0
5 5.08642857143
4 5.0
5 5.0
5 5.165
1 5.0
3 5.09
3 5.0
3 5.0
3 5.0
3 5.0
2 5.0
3 5.0
4 5.0
4 5.0
3 5.0
2 5.0
2 5.0
3 5.165
2 5.0
1 5.0
1 5.0
1 5.0
1 5.0
3 5.0
2 5.0
5 5.0
3 5.165
2 5.0
4 5.0
3 5.165
4 5.0
3 5.0
2 5.07333333333
1 5.0
4 5.0
1 5.0
21 5.165
21 5.0
22 5.0
17 5.165
9 5.0
9 5.0
10 5.0
24 5.00554621849
7 5.0
11 5.0
23 5.165
21 5.165
18 5.165
