3 0 0 0 0
1 0 0 0 0
4 7 20 40000 1
4 2 14 32760 0
2 0 0 0 0
2 6 10 20000 1
2 4 10 20000 1
3 0 0 0 0
4 5 20 40000 1
1 3 5 10000 1
4 4 20 40000 1
4 8 20 40000 1
3 2 12 28080 0
3 3 15 30000 1
2 1 9 19360 0
4 3 20 40000 1
6 6 30 60000 1
1 0 0 0 0
3 11 15 30000 1
4 2 16 37440 0
6 0 0 0 0
5 1 6 14040 0
5 6 25 50000 1
2 3 10 20000 1
7 3 15 35100 0
2 1 6 14040 0
6 11 30 60000 1
6 5 17 36380 0
4 0 0 0 0
6 11 30 60000 1
5 6 25 50000 1
7 2 10 23400 0
2 4 10 20000 1
4 6 20 40000 1
6 10 30 60000 1
2 0 0 0 0
7 0 0 0 0
6 0 0 0 0
4 0 0 0 0
4 1 10 21700 0
6 2 20 46800 0
2 0 0 0 0
7 8 35 70000 1
2 7 10 20000 1
5 0 0 0 0
3 8 15 30000 1
5 11 25 50000 1
4 10 20 40000 1
3 8 15 30000 1
7 8 35 70000 1
5 2 13 30420 0
6 4 30 60000 1
2 2 10 20000 1
1 1 5 10000 1
4 2 20 40000 1
2 1 4 9360 0
6 12 30 60000 1
4 4 20 40000 1
1 3 5 10000 1
4 3 15 35100 0
2 2 8 18720 0
6 2 12 28080 0
7 1 7 16380 0
6 7 30 60000 1
1 4 5 10000 1
1 0 0 0 0
7 2 24 52760 0
4 5 20 40000 1
3 2 14 29360 0
5 4 25 50000 1
7 3 15 35100 0
2 1 9 19360 0
2 1 8 18720 0
7 1 11 25740 0
5 14 25 50000 1
5 11 25 50000 1
6 0 0 0 0
1 1 5 10000 1
7 0 0 0 0
7 4 35 70000 1
6 11 30 60000 1
6 5 30 60000 1
1 2 5 10000 1
7 0 0 0 0
5 9 25 50000 1
4 3 20 40000 1
6 3 18 40420 0
5 7 25 50000 1
5 0 0 0 0
1 0 0 0 0
1 0 0 0 0
7 10 35 70000 1
6 1 12 28080 0
4 10 20 40000 1
5 2 17 39780 0
4 4 18 38720 0
3 7 15 30000 1
2 0 0 0 0
3 2 10 23400 0
6 5 30 60000 1
4 6 20 40000 1
7 13 35 70000 1
1 2 5 10000 1
3 0 0 0 0
4 2 11 25740 0
7 10 35 70000 1
5 1 6 14040 0
