1 4.16666666667
3 4.16666666667
2 4.16666666667
4 4.16666666667
1 4.16666666667
3 4.16666666667
3 4.16666666667
3 4.16666666667
3 4.43257575758
4 4.16666666667
1 4.16666666667
5 5.14166666667
1 4.16666666667
4 4.16666666667
1 4.16666666667
5 4.16666666667
5 4.16666666667
2 4.16666666667
1 4.16666666667
5 4.16666666667
2 4.16666666667
4 4.16666666667
1 4.16666666667
2 4.16666666667
1 4.16666666667
2 4.16666666667
4 4.16666666667
3 4.16666666667
3 4.16666666667
1 4.16666666667
1 4.16666666667
1 4.16666666667
3 4.16666666667
1 4.16666666667
3 4.16666666667
3 4.16666666667
2 4.16666666667
2 4.16666666667
2 4.16666666667
4 4.16666666667
1 4.16666666667
4 4.16666666667
1 4.16666666667
4 4.16666666667
1 4.16666666667
1 4.16666666667
3 4.16666666667
2 4.16666666667
4 4.16666666667
1 4.16666666667
1 4.16666666667
1 4.16666666667
3 4.16666666667
3 4.16666666667
1 4.16666666667
3 4.16666666667
4 4.16666666667
1 4.16666666667
3 4.16666666667
2 4.16666666667
4 4.16666666667
5 4.16666666667
2 4.16666666667
2 4.16666666667
1 4.16666666667
5 4.16666666667
3 4.16666666667
3 4.16666666667
4 4.16666666667
1 4.16666666667
1 4.16666666667
4 4.16666666667
4 4.16666666667
4 4.16666666667
3 4.16666666667
5 5.14166666667
4 5.14166666667
3 4.16666666667
2 4.16666666667
1 4.16666666667
2 4.16666666667
3 4.16666666667
1 4.16666666667
4 4.16666666667
2 4.16666666667
2 4.16666666667
2 4.16666666667
3 4.16666666667
1 4.16666666667
2 4.16666666667
3 4.16666666667
4 4.16666666667
2 4.16666666667
4 4.36166666667
3 4.16666666667
4 4.16666666667
3 4.16666666667
4 4.16666666667
1 4.16666666667
3 4.16666666667
4 4.16666666667
1 4.16666666667
1 4.16666666667
3 4.16666666667
4 5.14166666667
2 4.16666666667
2 4.16666666667
7 5.14166666667
11 5.14166666667
13 5.14166666667
17 5.01166666667
12 4.93085585586
7 4.16666666667
22 5.14166666667
