6 0 0 0 0
7 1 6 18600 0
3 0 0 0 0
7 5 28 70000 1
6 9 24 60000 1
5 8 20 50000 1
5 1 10 31000 0
6 6 24 60000 1
2 1 8 20000 1
3 2 12 30000 1
7 3 16 49600 0
2 5 8 20000 1
6 0 0 0 0
4 2 16 40000 1
1 0 0 0 0
3 6 12 30000 1
1 0 0 0 0
4 6 16 40000 1
3 0 0 0 0
6 1 10 31000 0
5 1 6 18600 0
4 5 16 40000 1
4 3 16 40000 1
2 2 8 20000 1
7 4 28 70000 1
1 1 4 10000 1
6 5 24 60000 1
2 1 8 20000 1
2 0 0 0 0
5 4 20 50000 1
7 4 28 70000 1
6 2 11 34100 0
4 1 10 31000 0
1 0 0 0 0
2 0 0 0 0
1 0 0 0 0
7 4 28 70000 1
1 1 4 10000 1
6 0 0 0 0
5 5 20 50000 1
6 2 18 55800 0
1 2 4 10000 1
7 9 28 70000 1
5 4 20 50000 1
2 1 6 18600 0
2 0 0 0 0
7 2 28 70000 1
3 6 12 30000 1
5 5 20 50000 1
5 0 0 0 0
5 0 0 0 0
1 0 0 0 0
6 1 7 21700 0
4 4 16 40000 1
6 6 24 60000 1
1 0 0 0 0
4 5 16 40000 1
2 0 0 0 0
4 0 0 0 0
2 1 8 20000 1
5 0 0 0 0
7 6 28 70000 1
3 5 12 30000 1
3 1 7 21700 0
5 1 11 34100 0
4 4 16 40000 1
5 0 0 0 0
5 0 0 0 0
6 0 0 0 0
2 2 8 20000 1
5 3 20 50000 1
3 3 12 30000 1
3 0 0 0 0
3 5 12 30000 1
5 0 0 0 0
4 1 5 15500 0
3 1 6 18600 0
5 0 0 0 0
1 0 0 0 0
2 3 8 20000 1
5 2 12 37200 0
5 1 9 27900 0
1 0 0 0 0
7 2 12 37200 0
2 4 8 20000 1
3 4 12 30000 1
1 2 4 10000 1
3 0 0 0 0
6 0 0 0 0
2 0 0 0 0
4 3 16 40000 1
2 0 0 0 0
2 0 0 0 0
1 1 4 10000 1
3 0 0 0 0
4 6 16 40000 1
