4 4.5045045045
4 4.5045045045
4 4.5045045045
1 4.5045045045
4 4.5045045045
5 4.5045045045
2 4.5045045045
2 4.5045045045
4 4.5045045045
1 4.5045045045
3 4.5045045045
1 4.5045045045
5 4.5045045045
2 4.5045045045
1 4.5045045045
4 4.5045045045
4 4.5045045045
1 4.5045045045
1 4.5045045045
4 4.5045045045
5 4.5045045045
4 4.5045045045
4 4.5045045045
4 4.5045045045
1 4.5045045045
3 4.5045045045
4 4.5045045045
2 4.5045045045
2 4.5045045045
2 4.5045045045
5 4.5045045045
3 4.5045045045
3 4.5045045045
5 4.5045045045
1 4.5045045045
2 4.5045045045
4 4.5045045045
1 4.5045045045
2 4.5045045045
4 4.5045045045
4 4.5045045045
4 4.5045045045
1 4.5045045045
4 4.5045045045
2 4.5045045045
4 4.5045045045
4 4.5045045045
3 4.5045045045
2 4.5045045045
3 4.5045045045
2 4.5045045045
4 4.5045045045
4 4.5045045045
4 4.5045045045
4 4.5045045045
5 4.5045045045
1 4.5045045045
4 4.5045045045
1 4.5045045045
1 4.5045045045
3 4.5045045045
5 4.5045045045
5 4.5045045045
3 4.5045045045
3 4.5045045045
1 4.5045045045
5 4.5045045045
1 4.5045045045
1 4.5045045045
2 4.5045045045
3 4.5045045045
2 4.5045045045
3 4.5045045045
2 4.5045045045
1 4.5045045045
3 4.5045045045
1 4.5045045045
3 4.5045045045
5 4.5045045045
3 4.5045045045
4 4.5045045045
2 4.5045045045
5 4.5045045045
5 4.5045045045
3 4.5045045045
4 4.5045045045
2 4.5045045045
4 4.5045045045
3 4.5045045045
5 4.5045045045
5 4.5045045045
2 4.5045045045
2 4.5045045045
4 4.5045045045
5 4.5045045045
5 4.5045045045
2 4.5045045045
5 4.5045045045
5 4.5045045045
1 4.5045045045
4 4.5045045045
5 4.5045045045
4 4.5045045045
5 4.5045045045
2 4.5045045045
3 4.5045045045
2 4.5045045045
2 4.5045045045
3 4.5045045045
2 4.5045045045
24 5.67837837838
6 4.5045045045
15 4.5045045045
23 5.67837837838
15 5.67837837838
20 5.67837837838
14 4.5045045045
15 5.67837837838
