7 7 400 48008 0
7 2 78 11002 0
4 15 321 40000 1
6 8 261 34468 0
1 9 175 10000 1
7 7 189 24261 0
7 0 0 0 0
3 13 297 30000 1
1 10 149 7244 0
3 24 350 30000 1
3 19 374 30000 1
3 9 179 17141 0
1 13 176 9122 0
5 14 500 50000 1
7 20 402 70000 1
7 20 614 70000 1
5 28 412 50000 1
7 17 469 70000 1
5 21 471 50000 1
3 29 354 30000 1
2 12 306 20000 1
6 14 558 60000 1
5 27 360 50000 1
3 13 325 30000 1
1 5 80 5206 0
6 1 55 9806 0
4 6 221 23101 0
1 31 227 10000 1
3 31 295 30000 1
5 11 488 50000 1
6 3 206 25664 0
4 15 414 40000 1
1 0 0 0 0
3 2 67 8319 0
5 10 458 50000 1
1 16 195 10000 1
6 17 503 60000 1
2 4 79 8055 0
6 20 531 60000 1
6 19 503 60000 1
3 26 348 30000 1
6 1 41 7419 0
6 11 535 60000 1
6 4 144 20979 0
6 29 712 60000 1
3 25 387 30000 1
6 1 25 5597 0
7 8 332 51140 0
3 17 327 30000 1
4 4 114 15337 0
3 17 351 30000 1
4 31 424 40000 1
4 8 372 40000 1
2 14 204 14666 0
3 6 149 19139 0
2 16 265 20000 1
7 7 292 35501 0
6 17 670 60000 1
1 0 0 0 0
1 11 173 10000 1
5 1 43 4674 0
4 13 329 25783 0
4 0 0 0 0
3 8 296 30000 1
3 13 286 30000 1
3 27 322 30000 1
3 8 182 20711 0
2 11 218 16457 0
7 12 480 70000 1
7 20 596 70000 1
1 23 160 10000 1
2 25 254 20000 1
6 16 620 53144 0
2 13 251 18104 0
1 1 37 1735 0
5 5 122 24199 0
1 37 185 10000 1
6 31 677 60000 1
3 18 328 30000 1
2 3 60 6216 0
5 14 473 50000 1
4 10 350 40000 1
4 4 146 20552 0
5 33 527 50000 1
7 4 203 25546 0
5 19 497 50000 1
7 8 182 25969 0
7 9 386 44031 0
3 14 326 30000 1
