2 0.431034482759
5 0.89605734767
1 0.290697674419
4 0.677966101695
2 0.440528634361
2 0.549450549451
2 0.621118012422
1 0.36496350365
4 0.689655172414
2 0.393700787402
3 0.717703349282
2 0.502512562814
5 0.726744186047
6 0.652173913043
2 0.413223140496
2 0.473933649289
1 0.367647058824
4 0.873362445415
3 0.63829787234
1 0.420168067227
2 0.662251655629
6 0.738916256158
2 0.406504065041
4 0.735294117647
2 0.546448087432
1 0.393700787402
3 0.632911392405
3 0.655021834061
4 0.554016620499
6 0.735294117647
2 0.602409638554
4 0.803212851406
3 0.528169014085
1 0.378787878788
2 0.537634408602
5 0.822368421053
1 0.322580645161
5 0.759878419453
3 0.622406639004
5 0.698324022346
5 0.77399380805
5 0.733137829912
4 0.581395348837
5 0.816993464052
4 0.634920634921
2 0.462962962963
2 0.564971751412
5 0.722543352601
3 0.625
3 0.622406639004
3 0.551470588235
1 0.277777777778
3 0.453172205438
6 0.837988826816
5 0.788643533123
1 0.344827586207
1 0.34965034965
3 0.607287449393
6 0.961538461538
3 0.717703349282
1 0.420168067227
4 0.82304526749
3 0.738916256158
5 0.95785440613
5 0.666666666667
1 0.36231884058
4 0.657894736842
2 0.485436893204
3 0.63025210084
3 0.649350649351
5 0.8038585209
1 0.390625
5 0.796178343949
2 0.531914893617
2 0.487804878049
5 0.874125874126
1 0.431034482759
1 0.337837837838
6 0.742574257426
5 0.922509225092
1 0.403225806452
1 0.276243093923
2 0.510204081633
1 0.34965034965
4 0.58651026393
4 0.645161290323
3 0.473186119874
2 0.625
2 0.645161290323
4 0.729927007299
1 0.294117647059
2 0.487804878049
5 0.634517766497
2 0.540540540541
1 0.416666666667
6 0.744416873449
1 0.390625
6 0.520833333333
2 0.47619047619
4 0.630914826498
4 0.694444444444
5 0.862068965517
5 0.6038647343
6 0.666666666667
3 0.612244897959
1 0.320512820513
23 0.801393728223
19 0.886194029851
54 0.918992511913
1 0.282485875706
1 0.416666666667
12 0.862068965517
1 0.378787878788
35 0.819672131148
1 0.378787878788
9 0.797872340426
1 0.406504065041
1 0.314465408805
109 0.933538883179
1 0.352112676056
106 1.50482680295
2 0.462962962963
1 0.36496350365
1 0.378787878788
1 0.390625
1 0.340136054422
1 0.37037037037
8 0.64620355412
1 0.396825396825
1 0.337837837838
2 0.574712643678
28 0.947225981055
6 0.705882352941
3 0.533807829181
1 0.396825396825
17 0.843253968254
1 0.295857988166
1 0.337837837838
1 0.316455696203
64 0.99040544723
11 0.903119868637
1 0.352112676056
37 0.678899082569
1 0.328947368421
2 0.505050505051
4 0.772200772201
1 0.344827586207
102 0.707743547044
3 0.649350649351
1 0.335570469799
1 0.342465753425
73 1.14743791261
27 0.796930342385
1 0.337837837838
1 0.331125827815
9 1.15979381443
32 0.860215053763
1 0.373134328358
