4 15 476 40000 1
1 21 285 10000 1
2 1 60 4264 0
3 2 88 11107 0
1 10 254 10000 1
2 7 279 20000 1
3 6 312 30000 1
2 1 47 3358 0
1 17 224 10000 1
3 19 337 30000 1
2 16 334 20000 1
2 24 386 20000 1
5 6 487 50000 1
2 10 339 20000 1
5 12 491 50000 1
1 7 236 7684 0
4 13 462 40000 1
5 24 493 50000 1
4 3 109 14129 0
3 18 343 30000 1
5 3 236 33988 0
5 18 552 50000 1
1 16 264 10000 1
3 16 416 30000 1
2 3 190 12464 0
1 12 215 10000 1
4 8 375 40000 1
2 4 221 16640 0
3 17 423 30000 1
5 1 79 9127 0
4 3 274 27652 0
1 7 226 9162 0
4 21 597 40000 1
2 27 345 20000 1
5 8 523 50000 1
1 1 45 2232 0
4 17 450 40000 1
3 23 338 30000 1
3 14 417 30000 1
4 1 59 8144 0
2 1 35 2866 0
2 2 90 7855 0
5 20 544 50000 1
5 14 669 50000 1
2 1 51 4262 0
2 22 395 20000 1
1 8 226 9344 0
1 10 243 10000 1
5 19 549 50000 1
2 8 236 15855 0
4 8 439 40000 1
3 19 330 30000 1
3 26 556 30000 1
3 1 39 3285 0
2 6 203 14248 0
4 11 456 40000 1
2 27 382 20000 1
3 6 277 30000 1
2 32 301 20000 1
5 1 54 9588 0
5 4 189 23810 0
2 21 372 20000 1
5 2 81 13891 0
1 7 178 9043 0
2 2 69 5566 0
2 6 218 15192 0
3 5 230 21777 0
3 3 165 13354 0
5 31 568 50000 1
3 1 81 7353 0
4 6 320 39061 0
3 1 40 4548 0
1 12 209 10000 1
5 17 467 50000 1
1 5 121 5644 0
2 19 301 20000 1
2 19 383 20000 1
1 15 226 10000 1
3 2 91 10046 0
2 19 288 20000 1
4 17 417 40000 1
3 4 268 22536 0
3 5 186 20520 0
3 13 263 30000 1
1 1 33 1809 0
3 12 346 30000 1
4 16 383 40000 1
1 13 257 10000 1
4 7 304 27169 0
3 10 354 30000 1
5 23 583 50000 1
2 18 305 20000 1
3 3 197 17814 0
3 29 536 30000 1
2 12 329 20000 1
1 9 213 7121 0
5 10 453 50000 1
4 14 525 40000 1
2 4 180 12196 0
5 25 627 50000 1
3 33 418 30000 1
1 7 231 10000 1
5 1 79 10158 0
1 21 239 10000 1
4 4 177 20700 0
1 25 233 10000 1
1 3 152 6294 0
3 5 348 28140 0
4 1 70 8224 0
1 1 43 2009 0
1 2 67 2963 0
3 9 397 30000 1
2 17 313 20000 1
5 5 328 40700 0
5 10 542 50000 1
4 21 584 40000 1
3 10 323 30000 1
15 25 1323 150000 1
6 5 391 60000 1
17 3 324 48996 0
8 3 261 33166 0
13 6 687 130000 1
21 2 235 60193 0
23 33 2359 230000 1
15 5 385 88775 0
