3 0.439110070258
2 0.517598343685
2 0.440917107584
4 0.680272108844
6 0.94816687737
1 0.375939849624
4 0.652315720809
3 0.686813186813
1 0.396825396825
1 0.36443148688
2 0.521376433785
4 0.658327847268
3 0.857142857143
3 0.448296473401
5 0.46142488003
5 0.944822373394
2 0.553709856035
6 0.693481276006
4 0.887311446318
3 0.714285714286
5 0.93005952381
1 0.379939209726
3 0.612244897959
1 0.440917107584
2 0.621118012422
5 0.649350649351
5 0.82671957672
1 0.489236790607
4 0.881834215168
4 1.01317122594
5 0.901875901876
6 0.860585197935
5 0.642343268243
2 0.590318772137
5 0.911078717201
3 0.615763546798
2 0.517598343685
5 0.822909809085
3 0.864055299539
5 0.915750915751
4 0.693481276006
5 0.88841506752
5 0.769704433498
3 0.811688311688
3 0.686813186813
4 0.725163161711
4 0.580720092915
3 0.465838509317
2 0.600240096038
4 0.571428571429
1 0.379939209726
2 0.62656641604
6 0.533049040512
6 0.974025974026
2 0.503018108652
5 0.954927425516
2 0.707213578501
2 0.558035714286
4 0.560224089636
3 0.782064650678
1 0.281214848144
1 0.405844155844
2 0.47619047619
2 0.643500643501
3 0.549450549451
4 0.93984962406
4 0.680272108844
4 0.710732054016
1 0.31605562579
1 0.452079566004
6 0.904159132007
6 1.24584717608
3 0.811688311688
3 0.709555345317
5 0.822909809085
3 0.759878419453
2 0.585480093677
2 0.408163265306
4 0.703729767769
5 0.753465943339
3 0.649350649351
5 0.830564784053
3 0.931677018634
4 0.93370681606
1 0.327653997379
1 0.368188512518
5 0.954927425516
4 0.610500610501
4 0.927643784787
3 0.73385518591
2 0.686813186813
6 1.04529616725
5 0.759878419453
3 0.62292358804
1 0.420168067227
2 0.621118012422
2 0.525210084034
4 0.634920634921
4 0.784929356358
2 0.566893424036
5 0.544425087108
2 0.506585612969
5 0.800768737988
5 0.854408749146
3 0.62656641604
3 0.782064650678
6 1.17739403454
4 0.533049040512
4 0.763941940413
3 0.805585392052
1 0.541125541126
1 0.410509031199
5 0.676406926407
120 1.73300213737
1 0.35360678925
1 0.396825396825
1 0.47619047619
1 0.405844155844
11 0.876913265306
104 1.06335119218
39 1.23043917214
81 0.645727040816
26 1.92649673977
40 0.994134605826
1 0.425170068027
69 0.809289232935
1 0.496031746032
1 0.425170068027
1 0.410509031199
1 0.340136054422
1 0.396825396825
1 0.420168067227
1 0.30525030525
1 0.310559006211
3 0.857142857143
1 0.36075036075
13 0.619874117871
1 0.430292598967
2 0.503018108652
6 0.768049155146
1 0.430292598967
6 0.731350560702
4 0.658327847268
1 0.401284109149
43 1.04045683314
50 1.29025598679
1 0.435540069686
6 0.969618616677
12 0.675980171248
1 0.396825396825
1 0.333778371162
1 0.350140056022
4 0.560224089636
3 1.00133511348
1 0.396825396825
1 0.47619047619
1 0.410509031199
2 0.585480093677
4 0.700280112045
1 0.457875457875
26 0.821018062397
176 0.791452314998
1 0.31328320802
50 1.47457827061
1 0.392464678179
24 0.852878464819
17 0.662819713038
5 0.906453952139
