3 0 0 0 0
5 2 81 30087 0
6 0 0 0 0
7 6 224 70000 1
5 1 104 33191 0
2 6 145 20000 1
2 1 27 6101 0
7 0 0 0 0
5 3 117 50000 1
7 0 0 0 0
5 11 243 50000 1
5 18 207 50000 1
7 14 279 70000 1
3 10 163 30000 1
2 5 88 20000 1
6 16 278 60000 1
1 14 150 10000 1
7 12 293 70000 1
3 10 182 30000 1
6 11 276 60000 1
7 3 177 70000 1
7 8 294 70000 1
2 11 145 20000 1
7 14 253 70000 1
6 1 66 17623 0
2 1 53 10321 0
6 0 0 0 0
1 1 44 4362 0
1 5 96 10000 1
2 8 153 20000 1
3 19 164 30000 1
4 0 0 0 0
2 1 69 12439 0
6 10 353 60000 1
2 9 135 20000 1
1 1 43 4906 0
6 0 0 0 0
4 5 165 40000 1
1 0 0 0 0
5 2 105 26860 0
7 13 301 70000 1
7 15 290 70000 1
3 0 0 0 0
1 0 0 0 0
1 8 101 10000 1
2 2 96 20000 1
4 0 0 0 0
3 17 177 30000 1
5 0 0 0 0
1 1 48 5333 0
7 5 210 70000 1
7 16 347 70000 1
2 1 39 8240 0
2 0 0 0 0
6 2 130 53416 0
1 8 109 10000 1
7 5 219 70000 1
3 11 172 30000 1
7 3 149 62995 0
1 4 84 10000 1
2 1 87 13150 0
4 16 244 40000 1
2 5 124 20000 1
7 8 224 70000 1
4 0 0 0 0
2 13 153 20000 1
4 2 78 33839 0
2 1 38 7587 0
7 19 471 70000 1
7 0 0 0 0
5 13 303 50000 1
5 6 216 50000 1
7 6 240 70000 1
3 7 157 30000 1
4 6 172 40000 1
1 6 103 10000 1
2 15 146 20000 1
4 15 249 40000 1
2 9 129 20000 1
4 15 143 40000 1
5 2 48 18559 0
7 6 233 70000 1
3 0 0 0 0
1 0 0 0 0
3 7 178 30000 1
7 5 168 35048 0
6 2 100 46553 0
