5 0.466693181818
4 0.297619047619
1 0.113636363636
2 0.187125748503
1 0.149360795455
3 0.238549618321
2 0.207641196013
1 0.150240384615
3 0.181686046512
1 0.185
3 0.305374592834
4 0.390573770492
1 0.131856540084
3 0.259520348837
5 0.336021505376
3 0.287604865772
3 0.400726232394
4 0.448559397163
5 0.342653508772
2 0.231481481481
4 0.272331154684
2 0.225631768953
3 0.290247678019
5 0.657743055556
4 0.405279126214
4 0.456882022472
5 0.251610305958
3 0.21404109589
5 0.359195402299
3 0.192901234568
5 0.285127737226
2 0.198412698413
3 0.240384615385
2 0.202265372168
3 0.288461538462
4 0.36231884058
4 0.240977708804
3 0.283245967742
1 0.123031496063
5 0.295928030303
5 0.31887755102
4 0.270562770563
3 0.212585034014
2 0.268240343348
3 0.234962406015
4 0.263157894737
1 0.16014747191
4 0.284738041002
3 0.236742424242
4 0.393081761006
5 0.447787267081
3 0.186381709742
4 0.316455696203
4 0.422887323944
5 0.28052064632
4 0.217770034843
2 0.19592476489
1 0.142694063927
3 0.193698347107
1 0.136462882096
2 0.188821752266
3 0.361969111969
4 0.249500998004
1 0.11927480916
2 0.160256410256
4 0.456025
4 0.379384816754
5 0.289888682746
2 0.158227848101
5 0.347995545657
1 0.150558035714
5 0.25869205298
1 0.111607142857
2 0.168918918919
1 0.119731800766
4 0.522981770833
5 0.416666666667
3 0.262210051546
5 0.186011904762
4 0.320512820513
1 0.1495215311
2 0.184911242604
4 0.281531531532
1 0.121241554054
1 0.146514423077
5 0.559543918919
2 0.222419928826
3 0.238549618321
1 0.137061403509
1 0.164473684211
4 0.292056074766
4 0.33422459893
1 0.132978723404
1 0.131083937198
1 0.118371212121
4 0.292056074766
4 0.243190661479
2 0.242248062016
1 0.146713615023
3 0.199044585987
4 0.276548672566
2 0.19592476489
2 0.233208955224
5 0.31887755102
1 0.150240384615
3 0.248001858736
4 0.363372093023
12 0.4975
14 0.274294670846
8 0.46904315197
12 0.283661119516
15 0.603006926952
9 0.521126152074
