1 31 301 4515 0
2 37 480 7200 0
2 22 282 4230 0
2 34 655 9825 0
1 15 145 2175 0
3 103 1416 21235 0
1 27 352 5280 0
1 27 322 4830 0
1 13 152 2280 0
1 19 188 2820 0
1 20 284 4260 0
4 61 1239 18580 0
2 20 335 5025 0
1 6 111 1665 0
3 22 359 5385 0
1 10 117 1755 0
3 4 132 1980 0
3 52 679 10185 0
1 32 328 4920 0
4 9 126 1890 0
2 19 226 3390 0
2 20 232 3480 0
1 30 295 4425 0
3 36 469 7035 0
2 26 374 5610 0
1 32 348 5220 0
3 11 196 2940 0
3 27 416 6240 0
1 29 467 7005 0
1 34 510 7650 0
1 45 391 5865 0
1 31 393 5895 0
2 20 306 4590 0
1 11 104 1560 0
4 29 696 10440 0
2 14 257 3855 0
3 23 305 4575 0
2 9 260 3900 0
1 22 260 3900 0
4 15 259 3885 0
1 14 207 3105 0
1 11 157 2355 0
2 20 370 5550 0
2 46 551 8265 0
4 1 28 420 0
2 9 88 1320 0
2 12 125 1875 0
2 22 348 5220 0
3 21 296 4440 0
4 16 309 4635 0
3 20 266 3990 0
3 5 105 1575 0
2 73 832 12475 0
2 32 476 7140 0
2 25 338 5070 0
1 53 635 9525 0
1 22 248 3720 0
3 15 178 2670 0
2 16 205 3075 0
2 17 308 4620 0
2 18 213 3195 0
3 33 462 6930 0
3 24 321 4815 0
4 33 530 7950 0
2 15 241 3615 0
2 31 361 5415 0
3 11 106 1590 0
2 30 548 8220 0
2 58 720 10800 0
3 62 1246 18685 0
2 21 302 4530 0
1 20 146 2190 0
2 23 347 5205 0
3 24 500 7500 0
4 31 582 8730 0
3 18 331 4965 0
2 18 261 3915 0
3 30 494 7410 0
2 64 900 13495 0
2 18 277 4155 0
3 17 159 2385 0
3 44 576 8640 0
2 30 502 7530 0
1 131 667 10000 1
2 14 157 2355 0
2 13 158 2370 0
1 17 208 3120 0
1 70 667 10000 1
3 21 264 3960 0
1 3 58 870 0
1 18 158 2370 0
1 1 15 225 0
2 21 327 4905 0
1 17 197 2955 0
2 10 175 2625 0
3 21 410 6150 0
1 26 381 5715 0
1 33 414 6210 0
3 61 788 11820 0
3 22 494 7410 0
2 24 292 4380 0
2 10 99 1485 0
1 10 129 1935 0
2 6 139 2085 0
1 31 484 7260 0
3 16 177 2655 0
1 29 347 5205 0
3 19 309 4635 0
1 39 572 8580 0
2 25 323 4845 0
3 21 473 7095 0
1 16 199 2985 0
14 33 1111 16665 0
11 29 737 11055 0
14 17 421 6315 0
4 24 342 5130 0
8 23 631 9465 0
15 11 370 5550 0
11 28 745 11175 0
14 12 260 3900 0
10 19 529 7935 0
12 24 702 10530 0
