1 0.5
2 0.5
2 0.5
2 0.5
1 0.5
3 0.499882297552
1 0.5
1 0.5
1 0.5
1 0.5
1 0.5
4 0.499865482916
2 0.5
1 0.5
3 0.5
1 0.5
3 0.5
3 0.5
1 0.5
4 0.5
2 0.5
2 0.5
1 0.5
3 0.5
2 0.5
1 0.5
3 0.5
3 0.5
1 0.5
1 0.5
1 0.5
1 0.5
2 0.5
1 0.5
4 0.5
2 0.5
3 0.5
2 0.5
1 0.5
4 0.5
1 0.5
1 0.5
2 0.5
2 0.5
4 0.5
2 0.5
2 0.5
2 0.5
3 0.5
4 0.5
3 0.5
3 0.5
2 0.499799679487
2 0.5
2 0.5
1 0.5
1 0.5
3 0.5
2 0.5
2 0.5
2 0.5
3 0.5
3 0.5
4 0.5
2 0.5
2 0.5
3 0.5
2 0.5
2 0.5
3 0.49986623863
2 0.5
1 0.5
2 0.5
3 0.5
4 0.5
3 0.5
2 0.5
3 0.5
2 0.499814814815
2 0.5
3 0.5
3 0.5
2 0.5
1 0.499750124938
2 0.5
2 0.5
1 0.5
1 0.499750124938
3 0.5
1 0.5
1 0.5
1 0.5
2 0.5
1 0.5
2 0.5
3 0.5
1 0.5
1 0.5
3 0.5
3 0.5
2 0.5
2 0.5
1 0.5
2 0.5
1 0.5
3 0.5
1 0.5
3 0.5
1 0.5
2 0.5
3 0.5
1 0.5
14 0.5
11 0.5
14 0.5
4 0.5
8 0.5
15 0.5
11 0.5
14 0.5
10 0.5
12 0.5
