5 24 437 23554 0
4 6 105 5670 0
1 23 186 10000 1
1 11 186 10000 1
5 15 392 21124 0
3 18 400 21556 0
4 25 419 22582 0
4 91 744 40000 1
3 9 275 14806 0
2 17 372 20000 1
5 27 724 38964 0
4 9 136 7344 0
2 20 372 20000 1
4 33 744 40000 1
5 20 482 25984 0
3 29 490 26372 0
2 27 294 15832 0
5 20 304 16372 0
2 34 372 20000 1
2 20 372 20000 1
1 29 186 10000 1
5 23 381 20530 0
5 17 324 17452 0
3 34 558 30000 1
3 20 455 24482 0
3 4 83 4482 0
5 14 185 9990 0
5 30 650 35012 0
1 6 91 4914 0
4 28 687 36966 0
5 30 573 30854 0
3 3 59 3186 0
2 24 372 20000 1
5 25 410 22096 0
5 41 930 50000 1
3 15 218 11772 0
1 8 178 9612 0
2 31 372 20000 1
2 28 372 20000 1
4 15 316 17020 0
2 14 171 9234 0
2 11 238 12808 0
4 4 124 6696 0
3 15 220 11880 0
3 20 368 19828 0
4 27 493 26534 0
1 7 121 6534 0
2 6 135 7290 0
5 31 476 25660 0
2 37 372 20000 1
1 7 111 5994 0
2 38 372 20000 1
2 5 103 5562 0
1 20 186 10000 1
2 22 309 16642 0
3 32 535 28802 0
3 36 480 25832 0
1 31 186 10000 1
4 7 109 5886 0
4 24 553 29774 0
1 9 179 9666 0
1 8 164 8856 0
4 31 672 36156 0
1 7 157 8478 0
4 21 515 27722 0
3 20 519 27938 0
1 11 186 10000 1
3 22 333 17938 0
5 37 740 39828 0
1 4 81 4374 0
4 18 525 28262 0
5 49 890 47884 0
4 42 744 40000 1
5 15 294 15832 0
1 1 15 810 0
5 28 369 19882 0
3 12 219 11826 0
5 36 579 31178 0
5 4 107 5778 0
1 35 186 10000 1
2 7 192 10368 0
4 15 203 10962 0
3 7 301 16210 0
2 8 124 6696 0
3 67 558 30000 1
1 34 186 10000 1
3 24 480 25832 0
1 30 186 10000 1
3 24 552 29720 0
5 8 190 10260 0
5 8 223 12042 0
2 33 372 20000 1
4 32 497 26750 0
5 9 325 17506 0
2 31 372 20000 1
5 26 728 39180 0
3 23 314 16912 0
2 27 307 16534 0
2 10 179 9666 0
3 23 312 16804 0
3 18 321 17290 0
4 8 111 5994 0
2 12 157 8478 0
4 17 505 27182 0
4 27 486 26156 0
1 13 186 10000 1
2 2 53 2862 0
4 18 336 18100 0
1 5 65 3510 0
1 13 186 10000 1
5 14 266 14364 0
5 1 23 1242 0
4 20 309 16642 0
5 39 925 49774 0
5 22 527 28370 0
2 13 194 10476 0
3 3 69 3726 0
1 7 152 8208 0
2 16 224 12052 0
4 35 744 40000 1
5 10 187 10098 0
1 5 102 5508 0
3 87 558 30000 1
4 21 322 17344 0
5 22 399 21502 0
3 34 558 30000 1
4 22 546 29396 0
2 24 358 19288 0
4 14 283 15238 0
5 24 405 21826 0
1 20 186 10000 1
2 22 372 20000 1
4 22 384 20692 0
3 20 322 17344 0
1 32 186 10000 1
2 13 184 9936 0
2 12 247 13294 0
3 21 410 22096 0
4 17 349 18802 0
1 23 186 10000 1
4 54 744 40000 1
3 15 264 14212 0
5 22 435 23446 0
5 19 536 28856 0
1 30 186 10000 1
2 27 341 18370 0
5 14 347 18694 0
2 22 372 20000 1
5 10 197 10638 0
1 23 186 10000 1
3 18 390 21016 0
2 26 280 15076 0
4 16 302 16264 0
3 27 362 19504 0
3 18 221 11934 0
5 21 314 16912 0
2 8 192 10368 0
5 35 807 43446 0
2 30 372 20000 1
5 36 538 28964 0
5 6 265 14310 0
1 1 14 756 0
5 21 470 25336 0
3 31 524 28208 0
5 8 150 8100 0
2 26 322 17344 0
2 12 196 10584 0
3 34 558 30000 1
1 33 186 10000 1
2 21 250 13456 0
3 30 419 22582 0
4 40 744 40000 1
3 21 330 17776 0
5 27 688 37064 0
3 18 180 9720 0
2 39 372 20000 1
5 11 229 12366 0
4 26 686 36912 0
5 32 513 27614 0
1 1 23 1242 0
5 25 465 25066 0
67 19 629 33922 0
1 33 186 10000 1
2 7 113 6102 0
5 11 153 8262 0
21 31 1080 58232 0
4 8 140 7560 0
1 9 142 7668 0
5 28 648 34904 0
2 32 372 20000 1
1 13 134 7236 0
2 14 296 15940 0
153 6 307 16578 0
1 40 186 10000 1
27 28 1320 71192 0
48 42 1245 67142 0
1 31 186 10000 1
1 5 144 7776 0
1 3 68 3672 0
143 23 995 53642 0
1 26 186 10000 1
1 15 175 9450 0
1 9 149 8046 0
79 32 1650 89012 0
1 23 186 10000 1
1 17 186 10000 1
28 35 2123 114466 0
47 30 1305 70382 0
126 18 961 51850 0
1 47 186 10000 1
2 24 372 20000 1
11 5 112 6048 0
1 32 186 10000 1
32 28 1710 92208 0
1 5 84 4536 0
145 16 672 36244 0
1 16 186 10000 1
1 1 29 1566 0
1 4 97 5238 0
15 10 204 11016 0
1 25 186 10000 1
1 22 186 10000 1
3 28 558 30000 1
1 1 28 1512 0
111 18 433 23382 0
75 86 6066 326640 0
1 24 186 10000 1
1 5 90 4860 0
1 43 186 10000 1
37 21 904 48728 0
1 12 186 10000 1
2 25 368 19828 0
1 16 186 10000 1
1 7 79 4266 0
1 1 22 1188 0
1 7 77 4158 0
44 13 582 31384 0
1 1 22 1188 0
21 34 1232 66396 0
2 27 372 20000 1
41 22 572 30844 0
1 4 45 2430 0
42 1 52 2808 0
1 8 186 10000 1
1 39 186 10000 1
1 6 96 5184 0
22 31 1711 92262 0
2 25 316 17020 0
1 18 186 10000 1
1 8 150 8100 0
21 38 1478 79680 0
1 10 182 9828 0
18 8 222 11988 0
1 7 107 5778 0
1 35 186 10000 1
6 9 301 16210 0
42 13 435 23446 0
5 31 586 31556 0
1 18 186 10000 1
14 21 614 33112 0
1 27 186 10000 1
