2 0.35
4 0.35
2 0.35
2 0.349576292308
3 0.34964021164
3 0.349578561158
1 0.35
1 0.35
4 0.35
1 0.35
3 0.349711971807
1 0.35
4 0.35
3 0.349624325997
2 0.349606481481
2 0.35
2 0.35
1 0.349406009783
3 0.349571680524
4 0.349571680524
2 0.349617943186
3 0.349578561158
1 0.35
3 0.35
2 0.35
3 0.34965556366
1 0.35
2 0.349406009783
3 0.35
3 0.35
3 0.35
3 0.35
2 0.35
2 0.35
3 0.35
1 0.35
3 0.349682005238
3 0.35
2 0.349518631782
2 0.349555973463
3 0.349406009783
4 0.349490040797
2 0.35
3 0.35
2 0.35
2 0.35
2 0.34951115712
3 0.35
1 0.349406009783
1 0.349406009783
1 0.349406009783
1 0.349406009783
1 0.35
3 0.35
3 0.35
1 0.349406009783
2 0.349596391263
1 0.35
2 0.35
1 0.35
3 0.349609894901
1 0.349406009783
1 0.35
4 0.35
1 0.349406009783
1 0.35
3 0.35
3 0.35
3 0.349691358025
1 0.35
1 0.35
3 0.349675448645
1 0.349406009783
2 0.349554717376
1 0.349406009783
4 0.35
1 0.35
3 0.35
1 0.35
2 0.35
2 0.34960549522
1 0.35
2 0.35
3 0.35
3 0.35
1 0.35
3 0.35
4 0.35
2 0.35
3 0.35
1 0.35
4 0.349566370778
3 0.35
2 0.35
3 0.35
2 0.35
2 0.349509634245
4 0.349586857198
1 0.35
2 0.349406009783
1 0.35
3 0.349406009783
2 0.35
1 0.349406009783
1 0.349406009783
3 0.35
3 0.349580246914
3 0.349681683706
2 0.35
1 0.35
2 0.35
2 0.349641032138
1 0.35
1 0.349406009783
2 0.35
4 0.35
3 0.35
3 0.349598962019
2 0.35
1 0.35
1 0.35
1 0.349406009783
3 0.349566967242
3 0.35
4 0.35
5 0.35
2 0.349671725949
13 0.35
6 0.35
11 0.349624325997
5 0.35
8 0.35
13 0.349642932157
15 0.349838804498
11 0.349739283797
7 0.35
10 0.34973787276
