1 12 297 10000.0 1
2 13 594 20000.0 1
1 16 297 10000.0 1
3 21 761 25636.25 0
2 10 579 19517.5 0
1 23 297 10000.0 1
1 3 111 3746.25 0
2 25 594 20000.0 1
2 10 496 16716.25 0
2 38 594 20000.0 1
3 15 718 24185.0 0
1 1 60 2025.0 0
3 17 824 27762.5 0
2 5 354 11923.75 0
1 7 297 10000.0 1
2 25 594 20000.0 1
1 5 186 6277.5 0
4 48 1188 40000.0 1
2 4 232 7830.0 0
1 1 50 1687.5 0
1 9 297 10000.0 1
1 12 297 10000.0 1
1 10 232 7830.0 0
2 18 444 14961.25 0
2 7 417 14050.0 0
3 4 299 10091.25 0
1 5 245 8268.75 0
2 27 594 20000.0 1
2 2 127 4286.25 0
2 10 430 14488.75 0
2 22 594 20000.0 1
2 43 594 20000.0 1
4 9 574 19348.75 0
2 22 594 20000.0 1
2 2 79 2666.25 0
3 13 381 12835.0 0
3 11 390 13138.75 0
2 12 594 20000.0 1
3 14 891 30000.0 1
2 1 52 1755.0 0
3 16 536 18066.25 0
2 5 256 8640.0 0
1 16 297 10000.0 1
3 10 483 16277.5 0
3 2 181 6108.75 0
2 1 43 1451.25 0
3 25 891 30000.0 1
1 11 297 10000.0 1
3 23 832 28032.5 0
2 13 594 20000.0 1
3 10 417 14050.0 0
2 27 594 20000.0 1
1 7 297 10000.0 1
2 1 46 1552.5 0
1 25 297 10000.0 1
1 7 248 8370.0 0
3 20 891 30000.0 1
1 1 70 2362.5 0
2 24 594 20000.0 1
4 47 1188 40000.0 1
1 29 297 10000.0 1
2 14 459 15467.5 0
3 38 891 30000.0 1
3 32 891 30000.0 1
3 6 209 7053.75 0
2 22 594 20000.0 1
3 1 62 2092.5 0
3 26 891 30000.0 1
3 28 891 30000.0 1
1 27 297 10000.0 1
2 13 594 20000.0 1
1 3 179 6041.25 0
2 18 594 20000.0 1
3 27 891 30000.0 1
1 15 297 10000.0 1
2 4 221 7458.75 0
2 4 199 6716.25 0
2 16 384 12936.25 0
1 3 178 6007.5 0
3 1 44 1485.0 0
4 20 1061 35737.5 0
4 12 764 25737.5 0
1 30 297 10000.0 1
2 1 73 2463.75 0
2 19 594 20000.0 1
1 5 297 10000.0 1
3 56 891 30000.0 1
3 23 891 30000.0 1
3 29 891 30000.0 1
2 1 86 2902.5 0
3 17 620 20901.25 0
1 18 297 10000.0 1
3 22 891 30000.0 1
2 11 365 12295.0 0
4 5 234 7897.5 0
2 21 594 20000.0 1
1 14 297 10000.0 1
2 11 401 13510.0 0
1 1 84 2835.0 0
3 14 531 17897.5 0
2 21 594 20000.0 1
3 25 771 25973.75 0
2 26 594 20000.0 1
2 6 351 11822.5 0
4 25 917 30901.25 0
13 3 197 6648.75 0
15 17 1969 66382.5 0
11 1 66 2227.5 0
9 24 1412 47583.75 0
6 24 937 31576.25 0
11 15 1207 40688.75 0
