1 1.0
5 0.999351491569
2 0.999200639488
4 0.999366286439
1 1.0
1 0.999200639488
1 0.999200639488
3 0.999200639488
5 0.999642729546
3 0.999200639488
5 0.999522102748
5 0.999514798641
4 0.999525166192
5 0.999200639488
3 0.999200639488
1 0.999200639488
2 0.999200639488
3 0.99962962963
4 1.0
4 0.999306999307
4 1.0
1 0.999200639488
3 0.999200639488
2 0.999424294761
4 0.999472156242
5 0.999330655957
3 1.0
3 0.999200639488
3 0.999428734647
3 0.999200639488
1 0.999200639488
4 0.999483204134
5 0.999200639488
5 0.999634502924
4 0.999483204134
1 0.999200639488
4 0.999200639488
2 0.999200639488
2 0.999200639488
5 0.999420289855
3 0.999200639488
4 0.999351491569
2 1.0
3 0.999557326251
1 0.999200639488
4 0.99962962963
1 0.999200639488
1 1.0
1 0.999200639488
4 0.999299719888
2 0.999586947542
5 0.999551971326
4 0.999418266434
3 0.999200639488
2 0.999200639488
3 0.999525166192
3 0.999377528789
1 1.0
5 0.999200639488
2 1.0
3 0.999200639488
2 0.999200639488
3 0.999200639488
1 0.999200639488
1 0.999200639488
1 1.0
1 0.999200639488
5 0.999612853271
2 0.999200639488
4 0.999200639488
3 0.999200639488
1 0.999200639488
1 0.999200639488
2 1.0
3 1.0
5 0.999359590138
1 1.0
4 0.999455337691
2 1.0
4 0.999200639488
5 0.999200639488
1 0.999200639488
3 0.99960175229
4 1.0
3 0.999419785321
5 0.999200639488
5 0.999508357915
2 0.999200639488
2 1.0
5 1.0
5 0.999200639488
2 0.999264164827
1 1.0
1 0.999200639488
3 0.999200639488
1 0.999200639488
3 0.999559082892
5 0.999200639488
5 1.0
2 0.999200639488
4 0.999316939891
5 0.999200639488
1 0.999200639488
5 0.999200639488
5 0.999305555556
5 0.999200639488
5 1.0
1 0.999200639488
5 0.999200639488
4 0.999649491763
3 0.999200639488
4 0.999200639488
3 0.999200639488
4 0.999309868875
3 1.0
3 0.999200639488
1 0.999200639488
3 0.999200639488
5 0.999557326251
3 1.0
5 0.999399399399
2 0.999200639488
4 1.0
4 0.99943019943
3 0.999292285916
5 0.999200639488
4 1.0
5 1.0
1 0.999200639488
5 0.999272595017
1 0.999200639488
3 0.999200639488
5 0.999514798641
2 0.999200639488
4 0.999579124579
4 0.999200639488
5 0.999200639488
3 1.0
5 0.999200639488
1 0.999200639488
2 0.999200639488
5 0.999200639488
1 0.999200639488
5 0.999539912583
4 0.999371069182
5 0.999200639488
3 0.999200639488
3 0.999200639488
2 0.999200639488
1 0.999200639488
3 1.0
5 0.999379267536
3 1.0
3 0.999503968254
1 0.999200639488
3 0.999200639488
4 0.99945799458
4 0.999428734647
5 0.999417249417
5 0.999200639488
5 0.999200639488
5 0.999200639488
4 0.999200639488
5 0.999509443218
3 0.999200639488
2 1.0
1 0.999200639488
3 0.99948796723
2 0.999200639488
5 0.999200639488
3 0.999200639488
3 0.999200639488
1 0.999200639488
3 0.999200639488
1 0.999200639488
3 1.0
3 0.999200639488
3 0.999200639488
2 0.999200639488
3 0.999200639488
4 0.999200639488
89 0.999640998025
1 1.0
14 0.999647266314
74 0.999537518788
7 0.999200639488
1 0.999200639488
137 0.999777777778
20 0.999450333726
1 0.999200639488
1 1.0
1 1.0
34 0.999444280998
1 0.999200639488
1 0.999200639488
7 0.999600319744
10 0.999200639488
12 0.999512670565
22 0.999641577061
2 0.999200639488
11 0.999466666667
1 0.999200639488
1 0.999200639488
1 0.999200639488
1 0.999200639488
1 1.0
1 0.999200639488
10 0.999311701082
1 1.0
1 0.999200639488
1 1.0
2 0.999433106576
7 1.0
4 1.0
1 0.999200639488
1 0.999200639488
1 1.0
87 0.999200639488
10 0.999427262314
2 0.999200639488
1 1.0
8 0.999408983452
1 1.0
24 0.999624878085
1 1.0
1 0.999200639488
1 0.999200639488
2 0.999386126458
1 0.999200639488
1 0.999200639488
1 0.999200639488
2 0.999200639488
2 0.999200639488
2 0.999200639488
119 0.999557130204
11 1.0
62 0.999449126866
5 0.999402628435
96 0.999666333
140 0.999200639488
30 0.999667994688
7 0.999494949495
1 0.999200639488
5 0.999345121153
3 0.999200639488
99 0.999431365859
53 0.999671592775
1 1.0
3 0.999200639488
1 0.999200639488
15 0.999445632375
7 1.0
4 0.999200639488
1 0.999200639488
17 0.999200639488
8 0.999453999454
49 0.999526380601
105 0.999595959596
10 0.999606686332
1 0.999200639488
1 1.0
