4 28 69 10350 0
3 29 68 10200 0
6 28 75 11250 0
6 25 89 13300 0
6 9 21 3150 0
3 25 70 10500 0
4 29 93 13900 0
2 9 18 2700 0
5 15 38 5700 0
1 19 57 8550 0
6 14 44 6600 0
2 12 40 6000 0
2 27 56 8400 0
4 32 67 10050 0
2 11 26 3900 0
6 18 53 7950 0
6 25 78 11650 0
6 24 107 16000 0
6 17 43 6450 0
2 22 59 8850 0
2 15 40 6000 0
3 30 118 17650 0
6 10 27 4050 0
4 13 27 4050 0
6 18 93 13950 0
2 80 134 20000 1
6 80 251 37550 0
2 29 84 12550 0
7 24 90 13450 0
1 28 67 10000 1
3 14 30 4500 0
3 25 56 8400 0
7 33 113 16900 0
3 12 32 4800 0
4 49 132 19750 0
2 19 58 8700 0
1 10 53 7950 0
5 34 96 14350 0
1 4 8 1200 0
2 19 72 10750 0
2 16 36 5400 0
2 23 75 11200 0
1 1 3 450 0
7 56 166 24800 0
3 14 53 7950 0
1 14 51 7650 0
5 52 136 20350 0
1 14 28 4200 0
4 22 61 9150 0
2 16 53 7950 0
3 29 82 12250 0
1 10 22 3300 0
2 27 63 9450 0
7 31 94 14050 0
1 20 67 10000 1
3 15 43 6450 0
2 17 63 9450 0
4 21 62 9300 0
7 41 135 20200 0
4 22 55 8250 0
5 36 87 13050 0
1 46 67 10000 1
3 6 29 4350 0
1 45 67 10000 1
4 30 87 13000 0
4 36 127 19000 0
1 23 55 8250 0
6 8 15 2250 0
3 35 99 14800 0
4 33 92 13750 0
2 18 33 4950 0
2 25 54 8100 0
3 14 52 7800 0
1 15 49 7350 0
4 43 140 20950 0
4 25 70 10500 0
3 0 0 0 0
5 37 106 15850 0
5 46 168 25100 0
2 27 75 11250 0
4 23 73 10950 0
7 30 73 10950 0
1 5 16 2400 0
6 33 68 10200 0
4 18 60 9000 0
4 62 217 32450 0
5 17 50 7500 0
3 18 54 8100 0
3 29 59 8850 0
5 7 21 3150 0
3 29 81 12150 0
6 14 34 5100 0
1 100 67 10000 1
2 30 94 14050 0
6 20 86 12850 0
2 25 63 9450 0
2 19 46 6900 0
4 23 56 8400 0
3 17 62 9300 0
5 17 42 6300 0
4 49 163 24350 0
4 35 163 24350 0
2 12 27 4050 0
1 62 67 10000 1
1 15 50 7500 0
5 11 41 6150 0
