2 0.980392156863
5 0.980392156863
1 0.980392156863
1 0.980392156863
1 0.980392156863
4 0.980392156863
1 0.980392156863
4 0.980392156863
3 0.980392156863
2 0.980392156863
1 0.980392156863
2 0.980392156863
2 0.980392156863
4 0.980392156863
2 0.980392156863
2 0.980392156863
3 0.980392156863
4 0.980392156863
3 0.980392156863
2 0.980392156863
1 0.980392156863
5 0.980392156863
3 0.980392156863
1 0.980392156863
1 0.980392156863
3 0.980392156863
2 0.980392156863
4 0.980392156863
1 0.980392156863
4 0.980392156863
1 0.980392156863
3 0.980392156863
4 0.980392156863
3 0.980392156863
4 0.980392156863
2 0.980392156863
2 0.980392156863
1 0.980392156863
4 0.980392156863
5 0.980392156863
4 0.980392156863
1 0.980392156863
3 0.980392156863
1 0.980392156863
2 0.980392156863
3 0.980392156863
1 0.980392156863
5 0.980392156863
5 0.980392156863
2 0.980392156863
1 0.980392156863
1 0.980392156863
1 0.980392156863
2 0.980392156863
4 0.980392156863
5 0.980392156863
2 0.980392156863
2 0.980392156863
3 0.980392156863
1 0.980392156863
1 0.980392156863
3 0.980392156863
3 0.980392156863
3 0.980392156863
2 0.980392156863
5 0.980392156863
1 0.980392156863
1 0.980392156863
1 0.980392156863
5 0.980392156863
2 0.980392156863
3 0.980392156863
3 0.980392156863
1 0.980392156863
2 0.980392156863
1 0.980392156863
1 0.980392156863
2 0.980392156863
1 0.980392156863
1 0.980392156863
3 0.980392156863
4 0.980392156863
3 0.980392156863
1 0.980392156863
1 0.980392156863
1 0.980392156863
1 0.980392156863
2 0.980392156863
1 0.980392156863
1 0.980392156863
2 0.980392156863
1 0.980392156863
1 0.980392156863
1 0.980392156863
1 0.980392156863
1 0.980392156863
1 0.980392156863
1 0.980392156863
1 0.980392156863
1 0.980392156863
2 0.980392156863
1 0.980392156863
1 0.980392156863
1 0.980392156863
1 0.980392156863
1 0.980392156863
1 0.980392156863
1 0.980392156863
1 0.980392156863
3 0.980392156863
1 0.980392156863
