4 11 76 40000 1
5 14 95 50000 1
5 32 95 50000 1
2 4 27 14320 0
2 27 38 20000 1
2 14 38 20000 1
5 36 95 50000 1
5 19 95 50000 1
3 6 41 21880 0
4 16 76 40000 1
4 32 76 40000 1
5 5 35 18900 0
2 16 38 20000 1
5 20 95 50000 1
4 29 76 40000 1
4 19 76 40000 1
5 23 95 50000 1
4 14 76 40000 1
1 13 19 10000 1
1 3 18 9720 0
1 1 6 3240 0
3 30 57 30000 1
2 22 38 20000 1
4 1 8 4320 0
2 11 38 20000 1
2 31 38 20000 1
3 2 12 6480 0
3 17 57 30000 1
3 6 40 21600 0
1 1 7 3780 0
2 5 30 16200 0
5 28 95 50000 1
3 5 35 18900 0
5 36 95 50000 1
3 7 45 24040 0
2 14 38 20000 1
5 19 95 50000 1
2 3 18 9720 0
5 22 95 50000 1
2 18 38 20000 1
5 12 95 50000 1
2 2 16 8640 0
3 13 57 30000 1
1 7 19 10000 1
1 6 19 10000 1
5 7 60 31880 0
4 16 76 40000 1
2 12 38 20000 1
5 29 95 50000 1
4 21 76 40000 1
3 13 57 30000 1
5 13 95 50000 1
3 4 32 17280 0
4 25 76 40000 1
4 12 76 40000 1
2 1 6 3240 0
5 14 82 43240 0
2 3 29 15400 0
1 1 7 3780 0
5 9 60 31880 0
5 20 95 50000 1
3 8 57 30000 1
5 28 95 50000 1
5 15 95 50000 1
2 8 38 20000 1
2 15 38 20000 1
3 6 57 30000 1
4 20 76 40000 1
3 2 18 9720 0
4 29 76 40000 1
3 10 57 30000 1
4 18 76 40000 1
3 30 57 30000 1
3 14 57 30000 1
2 31 38 20000 1
4 15 76 40000 1
5 12 95 50000 1
5 3 24 12960 0
5 28 95 50000 1
4 15 76 40000 1
4 9 52 27560 0
4 5 30 16200 0
2 8 38 20000 1
2 35 38 20000 1
3 20 57 30000 1
5 11 61 32940 0
3 20 57 30000 1
2 18 38 20000 1
1 15 19 10000 1
1 2 14 7560 0
2 3 38 20000 1
4 2 24 12960 0
4 8 76 40000 1
3 8 56 29720 0
1 15 19 10000 1
4 3 22 11880 0
3 35 57 30000 1
1 9 19 10000 1
1 16 19 10000 1
2 22 38 20000 1
3 1 14 7560 0
3 26 57 30000 1
3 5 28 14860 0
3 2 16 8640 0
4 7 76 40000 1
5 33 95 50000 1
1 4 19 10000 1
4 1 11 5940 0
3 1 7 3780 0
5 6 39 21060 0
2 2 22 11620 0
3 5 55 29180 0
5 30 95 50000 1
4 29 76 40000 1
5 6 48 25920 0
1 10 19 10000 1
4 1 7 3780 0
2 7 38 20000 1
2 19 38 20000 1
2 10 38 20000 1
5 3 43 22960 0
5 10 59 31340 0
2 25 38 20000 1
4 22 76 40000 1
4 13 76 40000 1
2 15 38 20000 1
3 33 57 30000 1
3 31 57 30000 1
5 4 56 29980 0
3 29 57 30000 1
5 1 13 7020 0
4 14 76 40000 1
5 10 87 45940 0
5 17 95 50000 1
2 1 10 5400 0
4 21 76 40000 1
3 10 57 30000 1
5 25 95 50000 1
4 4 36 19180 0
4 19 76 40000 1
3 16 57 30000 1
4 9 54 29160 0
4 8 65 35100 0
3 8 57 30000 1
5 20 95 50000 1
5 6 41 21880 0
4 39 76 40000 1
2 15 38 20000 1
3 22 57 30000 1
4 13 76 40000 1
1 8 19 10000 1
5 15 88 47260 0
2 6 38 20000 1
3 25 57 30000 1
4 5 35 18900 0
4 11 76 40000 1
4 16 76 40000 1
2 22 38 20000 1
4 5 45 24300 0
1 12 19 10000 1
2 4 38 20000 1
4 47 76 40000 1
1 7 19 10000 1
5 8 56 30240 0
5 5 85 44860 0
1 1 6 3240 0
2 16 38 20000 1
5 24 95 50000 1
2 4 38 20000 1
5 7 95 50000 1
4 3 9 4860 0
5 15 95 50000 1
3 10 57 30000 1
4 6 64 33780 0
1 17 19 10000 1
5 7 39 21060 0
4 33 76 40000 1
1 16 19 10000 1
4 12 76 40000 1
3 15 57 30000 1
5 7 63 33500 0
15 54 285 150000 1
1 9 19 10000 1
1 17 19 10000 1
1 15 19 10000 1
1 1 9 4860 0
71 28 278 148560 0
11 27 209 110000 1
1 15 19 10000 1
7 27 133 70000 1
9 39 171 90000 1
17 14 194 103200 0
1 4 19 10000 1
1 4 19 10000 1
51 11 137 73460 0
3 8 48 25920 0
1 7 19 10000 1
1 2 18 9720 0
9 38 171 90000 1
2 8 38 20000 1
1 17 19 10000 1
3 1 6 3240 0
4 1 11 5940 0
15 8 38 20520 0
1 16 19 10000 1
5 27 95 50000 1
1 6 19 10000 1
81 35 256 136940 0
145 24 280 148860 0
74 18 142 75640 0
3 19 57 30000 1
1 1 7 3780 0
28 21 157 83740 0
9 6 60 32140 0
107 1 7 3780 0
6 1 13 7020 0
12 11 78 41860 0
1 3 18 9720 0
1 2 16 8640 0
96 65 1824 960000 1
1 5 19 10000 1
17 42 323 170000 1
43 14 126 68040 0
1 5 19 10000 1
39 30 302 161520 0
1 6 19 10000 1
49 5 48 25920 0
44 98 836 440000 1
153 29 232 123460 0
1 1 10 5400 0
6 8 68 35940 0
15 22 159 84820 0
4 1 9 4860 0
1 3 19 10000 1
10 89 190 100000 1
21 20 130 69420 0
1 17 19 10000 1
150 22 202 107780 0
47 30 343 183400 0
16 21 211 112900 0
1 5 19 10000 1
1 1 10 5400 0
1 3 19 10000 1
6 12 72 38880 0
14 31 266 140000 1
1 9 19 10000 1
37 19 113 60500 0
2 15 38 20000 1
98 24 162 86700 0
98 34 318 169120 0
1 5 19 10000 1
74 8 56 30240 0
1 1 9 4860 0
99 23 144 76980 0
32 28 225 119680 0
1 1 10 5400 0
1 14 19 10000 1
1 8 19 10000 1
1 3 18 9720 0
17 11 145 77260 0
11 19 109 58600 0
