4 0.974658869396
5 0.974658869396
5 0.974658869396
2 0.974658869396
2 0.974658869396
5 0.974658869396
5 0.974658869396
4 0.974658869396
4 0.974658869396
2 0.974658869396
5 0.974658869396
4 0.974658869396
4 0.974658869396
5 0.974658869396
4 0.974658869396
1 0.974658869396
3 0.974658869396
2 0.974658869396
2 0.974658869396
2 0.974658869396
3 0.974658869396
5 0.974658869396
5 0.974658869396
2 0.974658869396
5 0.974658869396
5 0.974658869396
2 0.974658869396
5 0.974658869396
3 0.974658869396
1 0.974658869396
1 0.974658869396
4 0.974658869396
2 0.974658869396
5 0.974658869396
4 0.974658869396
3 0.974658869396
5 0.974658869396
4 0.974658869396
4 0.974658869396
5 0.974658869396
3 0.974658869396
5 0.974658869396
5 0.974658869396
2 0.974658869396
2 0.974658869396
3 0.974658869396
4 0.974658869396
4 0.974658869396
3 0.974658869396
4 0.974658869396
3 0.974658869396
3 0.974658869396
2 0.974658869396
4 0.974658869396
5 0.974658869396
5 0.974658869396
4 0.974658869396
2 0.974658869396
2 0.974658869396
3 0.974658869396
3 0.974658869396
2 0.974658869396
1 0.974658869396
2 0.974658869396
4 0.974658869396
1 0.974658869396
3 0.974658869396
1 0.974658869396
1 0.974658869396
2 0.974658869396
3 0.974658869396
4 0.974658869396
5 0.974658869396
1 0.974658869396
5 0.974658869396
4 0.974658869396
1 0.974658869396
2 0.974658869396
2 0.974658869396
2 0.974658869396
2 0.974658869396
4 0.974658869396
4 0.974658869396
2 0.974658869396
3 0.974658869396
3 0.974658869396
3 0.974658869396
4 0.974658869396
5 0.974658869396
4 0.974658869396
3 0.974658869396
5 0.974658869396
4 0.974658869396
3 0.974658869396
3 0.974658869396
5 0.974658869396
4 0.974658869396
2 0.974658869396
3 0.974658869396
4 0.974658869396
1 0.974658869396
2 0.974658869396
3 0.974658869396
4 0.974658869396
4 0.974658869396
2 0.974658869396
1 0.974658869396
2 0.974658869396
4 0.974658869396
1 0.974658869396
2 0.974658869396
5 0.974658869396
2 0.974658869396
5 0.974658869396
5 0.974658869396
3 0.974658869396
1 0.974658869396
4 0.974658869396
1 0.974658869396
4 0.974658869396
3 0.974658869396
15 0.974658869396
1 0.974658869396
1 0.974658869396
1 0.974658869396
11 0.974658869396
1 0.974658869396
7 0.974658869396
9 0.974658869396
1 0.974658869396
1 0.974658869396
1 0.974658869396
9 0.974658869396
2 0.974658869396
1 0.974658869396
1 0.974658869396
5 0.974658869396
1 0.974658869396
3 0.974658869396
96 0.974658869396
1 0.974658869396
17 0.974658869396
1 0.974658869396
1 0.974658869396
44 0.974658869396
1 0.974658869396
10 0.974658869396
1 0.974658869396
1 0.974658869396
1 0.974658869396
14 0.974658869396
1 0.974658869396
2 0.974658869396
1 0.974658869396
1 0.974658869396
1 0.974658869396
