3 7 42 30000 1
1 3 14 10000 1
1 1 8 6000 0
2 2 28 20000 1
3 15 42 30000 1
4 6 56 40000 1
2 1 13 9750 0
1 1 14 10000 1
1 3 14 10000 1
3 7 42 30000 1
2 3 28 20000 1
3 10 42 30000 1
2 1 11 8250 0
1 1 14 10000 1
4 1 12 9000 0
3 7 42 30000 1
3 1 10 7500 0
1 1 14 10000 1
1 2 14 10000 1
2 5 28 20000 1
2 9 28 20000 1
3 7 42 30000 1
3 1 12 9000 0
1 4 14 10000 1
3 2 24 17500 0
2 5 28 20000 1
4 1 20 14500 0
2 3 28 20000 1
3 3 34 24500 0
2 5 28 20000 1
1 5 14 10000 1
1 1 11 8250 0
3 7 42 30000 1
3 5 42 30000 1
3 2 23 16750 0
3 9 42 30000 1
1 1 14 10000 1
1 1 13 9750 0
2 2 28 20000 1
2 4 28 20000 1
2 1 11 8250 0
1 1 11 8250 0
2 1 11 8250 0
3 2 32 23000 0
1 5 14 10000 1
1 3 14 10000 1
1 1 14 10000 1
1 5 14 10000 1
2 6 28 20000 1
2 1 23 16750 0
3 15 42 30000 1
3 13 42 30000 1
3 1 11 8250 0
3 10 42 30000 1
1 1 12 9000 0
2 2 22 16000 0
1 1 14 10000 1
3 4 42 30000 1
1 3 14 10000 1
1 1 11 8250 0
2 10 28 20000 1
1 1 11 8250 0
2 5 28 20000 1
1 1 14 10000 1
1 1 14 10000 1
2 1 26 19000 0
1 1 14 10000 1
1 2 14 10000 1
2 10 28 20000 1
2 4 28 20000 1
3 1 27 19750 0
3 1 17 12250 0
4 5 56 40000 1
1 3 14 10000 1
1 4 14 10000 1
2 1 13 9750 0
3 1 15 10750 0
2 1 10 7500 0
2 3 28 20000 1
2 9 28 20000 1
4 9 56 40000 1
1 1 12 9000 0
1 3 14 10000 1
1 1 13 9750 0
2 3 28 20000 1
2 5 28 20000 1
2 6 28 20000 1
3 2 26 19000 0
2 4 28 20000 1
3 8 42 30000 1
5 8 70 50000 1
10 1 12 9000 0
6 18 84 60000 1
1 1 11 8250 0
11 31 154 110000 1
16 1 10 7500 0
15 15 210 150000 1
16 12 224 160000 1
