5 0.992063492063
3 0.992063492063
5 0.992063492063
3 0.992063492063
1 0.992063492063
4 0.992063492063
5 0.992063492063
4 0.992063492063
2 0.992063492063
4 0.992063492063
2 0.992063492063
3 0.992063492063
1 0.992063492063
2 0.992063492063
4 0.992063492063
5 0.992063492063
2 0.992063492063
1 0.992063492063
4 0.992063492063
4 0.992063492063
5 0.992063492063
1 0.992063492063
2 0.992063492063
3 0.992063492063
5 0.992063492063
5 0.992063492063
5 0.992063492063
2 0.992063492063
2 0.992063492063
3 0.992063492063
5 0.992063492063
2 0.992063492063
2 0.992063492063
5 0.992063492063
4 0.992063492063
2 0.992063492063
5 0.992063492063
5 0.992063492063
5 0.992063492063
2 0.992063492063
5 0.992063492063
3 0.992063492063
2 0.992063492063
2 0.992063492063
1 0.992063492063
5 0.992063492063
3 0.992063492063
3 0.992063492063
5 0.992063492063
3 0.992063492063
2 0.992063492063
3 0.992063492063
3 0.992063492063
2 0.992063492063
5 0.992063492063
4 0.992063492063
4 0.992063492063
5 0.992063492063
3 0.992063492063
1 0.992063492063
3 0.992063492063
3 0.992063492063
3 0.992063492063
4 0.992063492063
2 0.992063492063
4 0.992063492063
4 0.992063492063
5 0.992063492063
4 0.992063492063
3 0.992063492063
3 0.992063492063
1 0.992063492063
2 0.992063492063
5 0.992063492063
2 0.992063492063
3 0.992063492063
4 0.992063492063
1 0.992063492063
5 0.992063492063
1 0.992063492063
1 0.992063492063
3 0.992063492063
1 0.992063492063
2 0.992063492063
1 0.992063492063
3 0.992063492063
4 0.992063492063
2 0.992063492063
3 0.992063492063
3 0.992063492063
5 0.992063492063
3 0.992063492063
3 0.992063492063
2 0.992063492063
3 0.992063492063
2 0.992063492063
5 0.992063492063
3 0.992063492063
5 0.992063492063
2 0.992063492063
2 0.992063492063
1 0.992063492063
4 0.992063492063
5 0.992063492063
1 0.992063492063
4 0.992063492063
1 0.992063492063
3 0.992063492063
5 0.992063492063
4 0.992063492063
4 0.992063492063
4 0.992063492063
4 0.992063492063
2 0.992063492063
2 0.992063492063
1 0.992063492063
1 0.992063492063
4 0.992063492063
1 0.992063492063
7 0.992063492063
1 0.992063492063
1 0.992063492063
1 0.992063492063
6 0.992063492063
1 0.992063492063
1 0.992063492063
4 0.992063492063
1 0.992063492063
5 0.992063492063
3 0.992063492063
3 0.992063492063
1 0.992063492063
1 0.992063492063
1 0.992063492063
2 0.992063492063
1 0.992063492063
1 0.992063492063
1 0.992063492063
21 0.992063492063
2 0.992063492063
1 0.992063492063
1 0.992063492063
3 0.992063492063
1 0.992063492063
1 0.992063492063
3 0.992063492063
11 0.992063492063
1 0.992063492063
2 0.992063492063
2 0.992063492063
1 0.992063492063
1 0.992063492063
1 0.992063492063
2 0.992063492063
2 0.992063492063
3 0.992063492063
3 0.992063492063
1 0.992063492063
1 0.992063492063
2 0.992063492063
1 0.992063492063
11 0.992063492063
1 0.992063492063
1 0.992063492063
6 0.992063492063
