2 24 43 20000 1
1 1 2 812 0
4 108 76 40000 1
2 9 18 9799 0
3 4 11 6785 0
3 22 43 23085 0
3 21 41 22714 0
2 5 11 5923 0
1 40 25 10000 1
1 15 18 7308 0
1 1 3 1218 0
3 23 44 23650 0
4 32 67 35694 0
5 26 80 46386 0
5 6 20 12238 0
3 21 47 25943 0
5 30 64 35993 0
3 51 62 30000 1
2 25 43 20000 1
3 32 59 30000 1
3 10 16 8452 0
4 6 17 9833 0
5 28 70 40359 0
1 24 25 10000 1
5 46 89 50000 1
2 26 43 20000 1
1 23 25 10000 1
3 3 6 3347 0
3 15 30 17867 0
3 15 29 16341 0
3 5 17 10370 0
1 31 25 10000 1
3 31 58 29941 0
5 18 76 43985 0
1 3 6 2436 0
4 28 74 39634 0
3 2 8 4551 0
2 9 16 8679 0
3 25 55 27956 0
3 37 60 30000 1
2 20 35 16973 0
3 4 12 6594 0
3 31 57 30000 1
2 25 38 17920 0
5 59 90 50000 1
1 2 4 1624 0
4 2 4 2369 0
3 18 50 26584 0
2 23 43 20000 1
5 36 85 47301 0
2 15 30 15807 0
5 9 29 16813 0
5 10 26 15171 0
4 4 10 5738 0
3 14 39 21994 0
5 26 75 42109 0
2 8 24 12715 0
2 32 41 20000 1
2 31 43 20000 1
3 6 18 9911 0
3 27 58 30000 1
2 18 41 19710 0
2 5 8 4357 0
4 8 15 8128 0
5 32 87 48267 0
2 17 34 17096 0
1 21 25 10000 1
5 18 52 31906 0
1 2 5 2030 0
1 44 25 10000 1
5 34 70 39783 0
4 31 71 37586 0
4 52 78 40000 1
1 31 25 10000 1
2 13 27 13893 0
4 22 55 31754 0
1 9 10 4060 0
2 4 10 4826 0
1 22 25 10000 1
1 2 6 2436 0
5 31 88 49511 0
5 10 22 12170 0
4 35 68 37500 0
5 8 22 12956 0
1 48 25 10000 1
5 12 27 15647 0
2 8 15 7756 0
5 56 94 50000 1
5 31 71 40820 0
4 18 39 22770 0
3 56 61 30000 1
5 5 12 6656 0
1 4 10 4060 0
3 22 50 26599 0
2 45 44 20000 1
4 39 74 40000 1
5 20 40 22929 0
4 19 42 24600 0
1 7 14 5684 0
2 1 3 1536 0
2 31 42 20000 1
4 12 37 22031 0
5 38 87 48390 0
5 16 43 24663 0
4 19 45 25524 0
4 35 70 38086 0
3 16 31 17780 0
3 18 47 25607 0
4 15 36 21077 0
5 22 45 25099 0
4 49 77 40000 1
2 31 43 20000 1
2 5 14 7519 0
2 34 42 20000 1
4 24 51 29630 0
3 8 19 11207 0
4 25 50 28541 0
3 20 45 24179 0
1 2 5 2030 0
4 12 28 16229 0
2 7 10 5253 0
1 12 25 10000 1
3 41 57 30000 1
4 9 23 13466 0
1 16 20 8120 0
5 2 5 3008 0
5 2 9 5274 0
5 26 76 44129 0
2 19 32 15923 0
3 28 57 30000 1
3 3 8 4804 0
3 40 60 30000 1
1 30 25 10000 1
2 12 19 10148 0
5 19 47 26414 0
2 28 41 20000 1
2 12 24 12418 0
4 15 33 18925 0
5 15 39 22539 0
2 10 25 13269 0
2 25 43 20000 1
4 12 26 15080 0
4 24 64 35759 0
2 7 24 12935 0
1 19 25 10000 1
1 39 25 10000 1
3 16 33 19292 0
1 3 8 3248 0
4 14 23 12860 0
1 26 25 10000 1
5 11 27 15567 0
5 23 49 27364 0
4 21 51 29725 0
5 113 99 50000 1
1 8 10 4060 0
3 17 44 23965 0
3 39 58 30000 1
3 4 17 9686 0
3 16 33 18760 0
4 41 73 40000 1
3 28 48 24935 0
2 5 8 4059 0
2 11 34 17257 0
4 8 22 13453 0
4 14 37 21499 0
5 2 8 4653 0
1 64 25 10000 1
1 26 25 10000 1
2 24 42 20000 1
1 8 14 5684 0
5 1 3 1941 0
5 28 68 38518 0
3 10 22 13346 0
5 13 29 17418 0
2 28 43 20000 1
2 14 36 18185 0
5 38 90 50000 1
2 49 44 20000 1
4 20 48 27496 0
1 14 23 9338 0
1 26 25 10000 1
50 26 211 143686 0
127 17 76 47486 0
16 39 176 106979 0
24 15 69 42555 0
5 9 24 14677 0
2 10 17 8577 0
22 47 301 182805 0
49 30 177 116698 0
1 28 25 10000 1
3 11 25 13862 0
1 32 25 10000 1
1 6 17 6902 0
45 10 41 27402 0
29 37 231 148703 0
5 25 64 38326 0
23 15 63 39206 0
73 21 181 119909 0
2 23 42 20000 1
5 9 36 21767 0
1 17 24 9744 0
1 7 14 5684 0
77 13 58 36310 0
1 1 3 1218 0
16 12 47 31017 0
6 1 3 1848 0
1 29 25 10000 1
3 35 56 28284 0
1 3 8 3248 0
20 32 129 84988 0
2 16 33 16654 0
3 19 34 18583 0
19 6 27 17361 0
2 26 43 20000 1
1 6 13 5278 0
37 18 150 101450 0
1 24 25 10000 1
127 24 186 122360 0
1 1 2 812 0
1 5 11 4466 0
1 28 25 10000 1
15 27 126 80511 0
1 3 4 1624 0
1 3 8 3248 0
1 29 25 10000 1
29 31 205 131671 0
1 3 7 2842 0
1 33 25 10000 1
7 5 21 12853 0
1 1 2 812 0
43 19 55 33320 0
2 6 10 5205 0
2 76 43 20000 1
1 7 22 8932 0
160 58 298 194438 0
1 31 25 10000 1
1 10 15 6090 0
1 14 25 10000 1
1 66 25 10000 1
3 5 14 8462 0
44 18 85 53181 0
1 16 25 10000 1
87 108 1414 870000 1
14 10 68 45073 0
1 12 19 7714 0
1 14 19 7714 0
45 11 96 64784 0
1 4 5 2030 0
17 12 50 32163 0
3 55 62 30000 1
98 28 180 118290 0
25 34 257 172869 0
39 12 103 67863 0
1 13 15 6090 0
1 5 10 4060 0
1 16 25 10000 1
1 25 25 10000 1
2 9 19 9909 0
21 38 197 130634 0
1 13 22 8932 0
1 21 25 10000 1
