2 1.16279069767
1 1.015
4 1.31578947368
2 1.36097222222
3 1.54204545455
3 1.34215116279
3 1.385
2 1.34613636364
1 1.0
1 1.015
1 1.015
3 1.34375
4 1.33186567164
5 1.4495625
5 1.52975
3 1.37994680851
5 1.4059765625
3 1.20967741935
2 1.16279069767
3 1.27118644068
3 1.320625
4 1.44602941176
5 1.44139285714
1 1.0
5 1.40449438202
2 1.16279069767
1 1.0
3 1.39458333333
3 1.48891666667
3 1.40870689655
3 1.525
1 1.0
3 1.29056034483
5 1.446875
1 1.015
4 1.33898648649
3 1.4221875
2 1.35609375
3 1.27072727273
3 1.25
2 1.21235714286
3 1.37375
3 1.31578947368
2 1.17894736842
5 1.38888888889
1 1.015
4 1.480625
3 1.3292
2 1.16279069767
5 1.39120588235
2 1.31725
5 1.44939655172
5 1.45875
4 1.4345
3 1.40987179487
5 1.40363333333
2 1.32447916667
2 1.21951219512
2 1.16279069767
3 1.37652777778
3 1.29310344828
2 1.20182926829
2 1.3615625
4 1.35466666667
5 1.38698275862
2 1.25705882353
1 1.0
5 1.53394230769
1 1.015
1 1.0
5 1.42082142857
4 1.32345070423
4 1.28205128205
1 1.0
2 1.28638888889
4 1.44336363636
1 1.015
2 1.2065
1 1.0
1 1.015
5 1.4065625
5 1.38295454545
4 1.37867647059
5 1.47227272727
1 1.0
5 1.4487962963
2 1.29266666667
5 1.32978723404
5 1.43732394366
4 1.45961538462
3 1.22950819672
5 1.38666666667
1 1.015
3 1.32995
2 1.13636363636
4 1.35135135135
5 1.4330625
4 1.46428571429
1 1.015
2 1.28
2 1.19047619048
4 1.48858108108
5 1.39051724138
5 1.43389534884
4 1.418
4 1.36021428571
3 1.43387096774
3 1.36207446809
4 1.46368055556
5 1.39438888889
4 1.2987012987
2 1.16279069767
2 1.34267857143
2 1.19047619048
4 1.45245098039
3 1.47460526316
4 1.42705
3 1.34327777778
1 1.015
4 1.44901785714
2 1.31325
1 1.0
3 1.31578947368
4 1.46369565217
1 1.015
5 1.504
5 1.465
5 1.45161184211
2 1.243984375
3 1.31578947368
3 1.50125
3 1.25
1 1.0
2 1.33526315789
5 1.405
2 1.21951219512
2 1.29354166667
4 1.43371212121
5 1.44480769231
2 1.3269
2 1.16279069767
4 1.45
4 1.3968359375
2 1.34739583333
1 1.0
1 1.0
3 1.46151515152
1 1.015
4 1.39782608696
1 1.0
5 1.44138888889
5 1.39612244898
4 1.45710784314
5 1.26262626263
1 1.015
3 1.36164772727
3 1.29310344828
3 1.42441176471
3 1.42121212121
4 1.3698630137
3 1.29869791667
2 1.2684375
2 1.26889705882
4 1.52875
4 1.45263513514
5 1.4540625
1 1.0
1 1.0
2 1.19047619048
1 1.015
5 1.6175
5 1.41610294118
3 1.51659090909
5 1.50155172414
2 1.16279069767
2 1.26284722222
5 1.38888888889
2 1.13636363636
4 1.43208333333
1 1.015
1 1.0
50 1.70244075829
127 1.56203947368
16 1.51958806818
24 1.54184782609
5 1.52885416667
2 1.26132352941
22 1.51831395349
49 1.64827683616
1 1.0
3 1.3862
1 1.0
1 1.015
45 1.67085365854
29 1.60933982684
5 1.497109375
23 1.55579365079
73 1.65620165746
2 1.19047619048
5 1.51159722222
1 1.015
1 1.015
77 1.5650862069
1 1.015
16 1.64984042553
6 1.54
1 1.0
3 1.26267857143
1 1.015
20 1.64705426357
2 1.26166666667
3 1.36639705882
19 1.6075
2 1.16279069767
1 1.015
37 1.69083333333
1 1.0
127 1.64462365591
1 1.015
1 1.015
1 1.0
15 1.59744047619
1 1.015
1 1.015
1 1.0
29 1.60574390244
1 1.015
1 1.0
7 1.53011904762
1 1.015
43 1.51454545455
2 1.30125
2 1.16279069767
1 1.015
160 1.63119127517
1 1.0
1 1.015
1 1.0
1 1.0
3 1.51107142857
44 1.56414705882
1 1.0
87 1.53818953324
14 1.65709558824
1 1.015
1 1.015
45 1.68708333333
1 1.015
17 1.60815
3 1.20967741935
98 1.64291666667
25 1.68160505837
39 1.64716019417
1 1.015
1 1.015
1 1.0
1 1.0
2 1.30381578947
21 1.65779187817
1 1.015
1 1.0
