5 17 49 50000 1
3 21 32 30000 1
5 21 46 50000 1
2 24 24 20000 1
2 2 4 3740 0
4 1 4 4687 0
1 9 13 8944 0
3 28 34 30000 1
1 5 14 9632 0
2 1 3 3140 0
2 27 24 20000 1
3 15 33 30000 1
3 24 32 30000 1
1 7 15 10000 1
3 5 20 23015 0
1 12 15 10000 1
4 16 39 40000 1
4 18 39 40000 1
2 39 26 20000 1
4 5 13 14663 0
2 9 19 17506 0
3 5 20 23727 0
5 8 28 34927 0
4 18 34 35105 0
1 27 15 10000 1
3 53 33 30000 1
5 7 19 21458 0
4 5 17 20303 0
4 1 6 7095 0
2 9 24 20000 1
3 18 32 30000 1
1 1 3 2064 0
5 26 45 50000 1
1 2 5 3440 0
5 2 7 8654 0
2 11 22 20000 1
4 21 38 40000 1
1 4 8 5504 0
2 1 5 5121 0
4 17 33 36131 0
4 5 16 19169 0
2 39 24 20000 1
4 8 15 16006 0
5 15 38 42311 0
1 8 15 10000 1
2 3 6 5997 0
2 20 24 20000 1
5 19 46 50000 1
5 35 47 50000 1
5 34 47 50000 1
1 17 15 10000 1
1 5 12 8256 0
4 25 38 40000 1
4 4 11 13314 0
2 15 22 20000 1
1 36 15 10000 1
1 10 15 10000 1
3 12 30 30000 1
3 32 33 30000 1
4 17 36 36768 0
1 15 15 10000 1
1 13 15 10000 1
3 25 33 30000 1
2 10 22 18701 0
4 16 29 30296 0
5 10 25 30050 0
1 14 15 10000 1
5 11 32 36064 0
4 7 16 17764 0
5 24 47 50000 1
4 2 8 10194 0
4 10 39 40000 1
3 10 31 30000 1
2 9 17 16077 0
3 36 34 30000 1
4 19 40 40000 1
2 22 24 20000 1
3 3 9 10286 0
3 21 32 30000 1
4 7 33 36324 0
3 9 18 20686 0
5 1 5 5896 0
1 25 15 10000 1
3 2 7 8135 0
1 14 15 10000 1
2 19 23 20000 1
5 15 40 46859 0
3 13 30 30000 1
5 9 35 41643 0
2 12 23 20000 1
1 7 14 9632 0
1 7 15 10000 1
3 21 30 30000 1
3 16 32 30000 1
1 29 15 10000 1
5 32 50 50000 1
1 35 15 10000 1
2 10 23 20000 1
2 17 24 20000 1
1 9 15 10000 1
4 29 41 40000 1
3 2 7 8250 0
2 9 22 20000 1
5 5 20 24040 0
1 7 15 10000 1
5 28 48 50000 1
2 15 23 20000 1
2 5 19 17766 0
3 13 27 28139 0
1 14 15 10000 1
1 2 9 6192 0
1 6 15 10000 1
4 6 14 17189 0
4 14 32 33478 0
2 22 24 20000 1
4 10 27 28910 0
4 62 40 40000 1
2 23 24 20000 1
1 17 15 10000 1
2 6 12 11797 0
5 35 45 50000 1
2 22 23 20000 1
2 6 22 19751 0
4 9 35 38483 0
4 13 37 38389 0
1 16 15 10000 1
4 12 30 34247 0
5 2 6 7284 0
1 3 9 6192 0
5 2 9 11418 0
4 41 41 40000 1
2 6 22 20000 1
1 14 15 10000 1
5 1 3 3643 0
2 22 23 20000 1
4 4 17 20479 0
5 5 22 27255 0
5 10 28 33354 0
4 17 38 40000 1
5 2 12 13565 0
2 17 23 20000 1
3 23 32 30000 1
1 8 14 9632 0
2 10 22 20000 1
1 14 15 10000 1
1 15 15 10000 1
3 1 3 3677 0
4 29 40 40000 1
4 14 32 33842 0
4 24 40 40000 1
5 3 14 16909 0
5 11 40 46201 0
4 44 39 40000 1
1 2 9 6192 0
3 29 32 30000 1
3 28 33 30000 1
4 13 27 28932 0
4 1 3 3580 0
1 19 15 10000 1
2 15 23 20000 1
3 5 12 13387 0
5 17 47 50000 1
3 12 28 28226 0
4 21 38 40000 1
3 21 32 30000 1
3 25 33 30000 1
1 25 15 10000 1
1 9 15 10000 1
4 16 38 40000 1
4 11 22 24309 0
2 11 23 20000 1
2 41 25 20000 1
1 20 15 10000 1
4 28 39 40000 1
2 14 23 20000 1
1 23 15 10000 1
5 18 47 50000 1
3 3 9 10107 0
1 4 13 8944 0
5 9 27 32294 0
2 36 25 20000 1
1 4 10 6880 0
3 24 32 30000 1
4 23 39 40000 1
1 3 9 6192 0
2 4 16 15573 0
1 12 15 10000 1
2 11 24 20000 1
15 15 67 92282 0
2 7 16 16084 0
1 7 10 6880 0
1 4 10 6880 0
2 4 14 13988 0
1 21 15 10000 1
4 11 35 38928 0
1 28 15 10000 1
80 19 133 179757 0
127 3 49 69135 0
6 17 57 60000 1
8 10 35 43131 0
163 58 1331 1630000 1
91 23 210 293576 0
8 3 13 17558 0
1 13 15 10000 1
35 12 70 89646 0
1 18 15 10000 1
1 6 14 9632 0
1 1 2 1376 0
18 15 79 110091 0
1 16 15 10000 1
11 17 52 64110 0
4 41 39 40000 1
26 12 98 132473 0
1 4 11 7568 0
2 9 21 18634 0
1 22 15 10000 1
11 26 96 110000 1
1 5 15 10000 1
1 24 15 10000 1
1 4 15 10000 1
6 34 55 60000 1
1 38 15 10000 1
8 29 75 80000 1
1 2 4 2752 0
1 15 15 10000 1
85 15 98 124437 0
1 1 2 1376 0
1 13 15 10000 1
14 22 116 140000 1
2 23 24 20000 1
1 1 3 2064 0
1 9 11 7568 0
24 4 40 58857 0
13 42 109 130000 1
1 4 14 9632 0
84 5 22 31086 0
4 26 40 40000 1
1 15 15 10000 1
82 7 29 35624 0
15 9 39 52122 0
22 20 136 186353 0
2 19 24 20000 1
5 14 45 50000 1
1 1 3 2064 0
1 1 4 2752 0
1 11 15 10000 1
14 27 110 140000 1
1 6 13 8944 0
25 8 43 59446 0
1 24 15 10000 1
23 15 94 115016 0
2 22 23 20000 1
14 41 119 140000 1
66 32 546 660000 1
65 75 533 650000 1
31 13 103 141532 0
134 30 1057 1340000 1
1 5 14 9632 0
2 13 24 20000 1
79 12 70 92392 0
1 7 15 10000 1
