2 1.6339869281
3 1.83823529412
4 1.96078431373
1 1.33689839572
1 1.43088235294
1 1.43088235294
1 1.43088235294
1 1.43088235294
1 1.43088235294
1 1.43088235294
2 1.6339869281
2 1.73010380623
3 1.83823529412
1 1.33689839572
1 1.33689839572
2 1.73010380623
1 1.33689839572
3 1.91815856777
3 2.13639705882
2 1.6339869281
2 1.6339869281
3 2.28529411765
1 1.43088235294
2 1.94352941176
2 1.6339869281
3 1.91815856777
3 2.27426470588
3 1.83823529412
4 2.02839756592
1 1.33689839572
3 1.83823529412
2 1.73010380623
3 1.83823529412
2 1.6339869281
1 1.33689839572
1 1.33689839572
2 1.73010380623
2 1.9068627451
1 1.43088235294
1 1.33689839572
2 1.73010380623
3 1.83823529412
1 1.33689839572
1 1.43088235294
1 1.43088235294
1 1.33689839572
1 1.33689839572
1 1.33689839572
2 1.73010380623
3 2.15588235294
3 1.91815856777
1 1.43088235294
2 1.96176470588
2 1.84317226891
2 1.6339869281
2 1.73010380623
1 1.43088235294
3 1.83823529412
2 1.91441176471
1 1.33689839572
1 1.43088235294
2 1.6339869281
3 1.76470588235
3 2.40794117647
1 1.33689839572
1 1.33689839572
1 1.33689839572
1 1.43088235294
2 1.73010380623
3 1.83823529412
2 1.73010380623
4 1.96078431373
2 1.74522058824
2 1.73010380623
1 1.33689839572
1 1.33689839572
3 1.91815856777
3 1.91815856777
3 1.76470588235
1 1.33689839572
3 1.91815856777
3 1.76470588235
3 1.91815856777
3 1.83823529412
4 2.06437165775
2 1.6339869281
1 1.43088235294
2 1.6339869281
2 1.83823529412
1 1.33689839572
1 1.33689839572
1 1.43088235294
3 1.91062834225
2 1.6339869281
2 1.80821078431
1 1.33689839572
2 1.5479876161
1 1.33689839572
3 1.91815856777
2 1.90176470588
1 1.33689839572
9 2.10084033613
8 2.06398348813
6 2.00534759358
4 2.12160633484
7 2.10084033613
11 1.94897236003
6 2.33958333333
12 2.54826680672
12 2.4512605042
12 2.23380491437
12 2.31185294118
9 2.18765984655
