4 9 18 40000 1
1 1 3 4737 0
2 6 10 20000 1
3 6 15 30000 1
3 3 13 30000 1
3 6 13 30000 1
1 8 7 10000 1
2 4 10 20000 1
4 1 8 22854 0
1 6 7 10000 1
1 1 5 7895 0
3 9 14 30000 1
1 2 7 10000 1
1 7 7 10000 1
1 3 7 10000 1
3 6 14 30000 1
2 1 7 15437 0
3 7 14 30000 1
3 1 5 14381 0
3 2 13 30000 1
3 13 14 30000 1
2 11 10 20000 1
3 9 14 30000 1
1 1 5 7895 0
2 1 7 15750 0
3 6 14 30000 1
4 2 9 25759 0
3 8 15 30000 1
3 11 14 30000 1
1 1 6 9474 0
2 1 5 11384 0
3 6 14 30000 1
2 1 6 14183 0
3 2 11 27918 0
1 8 7 10000 1
2 2 8 15730 0
1 1 3 4737 0
3 3 9 23838 0
2 7 10 20000 1
2 1 6 13570 0
2 4 10 20000 1
1 2 7 10000 1
2 1 6 12830 0
2 8 11 20000 1
1 1 4 6316 0
2 1 3 6940 0
2 7 10 20000 1
1 3 7 10000 1
3 3 12 28004 0
2 4 11 20000 1
3 12 13 30000 1
2 2 10 20000 1
3 1 10 26355 0
3 2 11 26943 0
1 1 6 9474 0
1 1 4 6316 0
3 5 15 30000 1
3 15 15 30000 1
2 3 10 20000 1
3 6 14 30000 1
3 8 13 30000 1
3 5 14 30000 1
1 6 7 10000 1
3 2 8 21704 0
1 3 7 10000 1
1 2 6 9474 0
2 10 11 20000 1
1 1 4 6316 0
2 2 9 17659 0
2 6 10 20000 1
3 1 3 6765 0
3 11 14 30000 1
1 5 7 10000 1
3 4 13 30000 1
2 3 11 20000 1
4 1 5 14632 0
2 1 5 11110 0
3 17 14 30000 1
1 6 7 10000 1
3 12 14 30000 1
2 1 6 14136 0
2 1 6 13332 0
3 10 14 30000 1
4 9 17 40000 1
1 1 3 4737 0
2 3 10 20000 1
3 10 14 30000 1
3 11 14 30000 1
1 5 7 10000 1
3 10 15 30000 1
2 1 4 9126 0
1 1 5 7895 0
4 6 16 40000 1
2 9 11 20000 1
4 3 17 39302 0
3 4 14 30000 1
2 4 11 20000 1
2 1 5 11458 0
2 2 10 20000 1
15 2 9 26596 0
14 19 52 140000 1
2 9 11 20000 1
10 15 38 100000 1
6 17 25 60000 1
11 7 43 110000 1
9 6 38 90000 1
7 1 7 22075 0
8 12 32 80000 1
13 2 16 53040 0
14 4 45 132945 0
15 21 55 150000 1
12 2 15 45286 0
10 6 37 99122 0
11 8 44 110000 1
8 15 34 80000 1
4 4 16 38805 0
6 2 13 39068 0
