1 0.93984962406
4 1.59489633174
2 1.31578947368
3 1.57894736842
3 1.51821862348
5 1.68690958165
4 1.69779286927
4 1.59489633174
4 1.64473684211
3 1.51821862348
5 1.60462130937
1 0.93984962406
3 1.46198830409
3 1.57894736842
3 1.51821862348
2 1.25313283208
3 1.51821862348
3 1.46198830409
5 1.73130193906
3 1.51821862348
4 1.59489633174
3 1.64473684211
3 1.51821862348
5 1.5299877601
3 1.46198830409
1 0.93984962406
3 1.57894736842
2 1.31578947368
5 1.68690958165
3 1.57894736842
2 1.25313283208
3 1.51821862348
1 0.93984962406
4 1.75438596491
2 1.38504155125
5 1.73130193906
4 1.69779286927
1 0.93984962406
2 1.31578947368
3 1.71624713959
3 1.57894736842
5 1.82748538012
4 1.69779286927
3 1.51821862348
3 1.64473684211
1 0.93984962406
3 1.46198830409
3 1.40977443609
4 1.69779286927
5 1.5664160401
4 1.69779286927
1 0.93984962406
2 1.38504155125
1 0.93984962406
3 1.51821862348
3 1.40977443609
5 1.73130193906
3 1.57894736842
3 1.64473684211
3 1.46198830409
5 1.5664160401
1 0.93984962406
1 0.93984962406
1 0.93984962406
1 0.93984962406
2 1.31578947368
3 1.71624713959
4 1.5037593985
3 1.51821862348
2 1.31578947368
2 1.31578947368
4 1.69779286927
3 1.64473684211
4 1.75438596491
5 1.73130193906
5 1.73130193906
5 1.73130193906
4 1.69779286927
4 1.42247510669
1 0.93984962406
5 1.73130193906
2 1.31578947368
3 1.51821862348
4 1.75438596491
5 1.73130193906
1 0.93984962406
3 1.57894736842
5 1.77809388336
1 0.93984962406
4 1.64473684211
3 1.51821862348
5 1.73130193906
3 1.57894736842
2 1.38504155125
2 1.31578947368
2 1.38504155125
4 1.59489633174
5 1.64473684211
2 1.1961722488
2 1.38504155125
4 1.59489633174
3 1.57894736842
3 1.57894736842
5 1.77809388336
5 1.82748538012
1 0.93984962406
5 1.60462130937
3 1.40977443609
2 1.38504155125
2 1.31578947368
4 1.64473684211
1 0.93984962406
4 1.64473684211
1 0.93984962406
2 1.31578947368
1 0.93984962406
1 0.93984962406
3 1.64473684211
1 0.93984962406
1 0.93984962406
1 0.93984962406
1 0.93984962406
2 1.38504155125
10 1.99362041467
1 0.93984962406
5 1.64473684211
1 0.93984962406
1 0.93984962406
1 0.93984962406
32 1.97677291821
36 2.12414444182
1 0.93984962406
3 1.57894736842
1 0.93984962406
3 1.64473684211
1 0.93984962406
1 0.93984962406
1 0.93984962406
1 0.93984962406
1 0.93984962406
88 2.0067499772
13 1.80055401662
1 0.93984962406
16 2.04394481349
1 0.93984962406
1 0.93984962406
1 0.93984962406
1 0.93984962406
1 0.93984962406
26 2.08600770218
1 0.93984962406
7 1.64473684211
3 1.57894736842
1 0.93984962406
1 0.93984962406
2 1.31578947368
1 0.93984962406
2 1.31578947368
8 1.87969924812
1 0.93984962406
71 2.55948089402
1 0.93984962406
1 0.93984962406
1 0.93984962406
23 2.04480796586
