1 7 17 10000 1
4 32 42 40000 1
5 15 41 50000 1
5 16 45 50000 1
4 18 43 40000 1
1 9 17 10000 1
2 2 13 12577 0
1 5 17 10000 1
5 1 6 9833 0
1 1 4 2416 0
5 36 54 50000 1
1 1 4 2416 0
1 1 6 3624 0
2 4 23 19755 0
5 38 51 50000 1
1 3 17 10000 1
1 14 17 10000 1
3 13 33 30000 1
3 18 33 30000 1
1 7 17 10000 1
4 24 43 40000 1
5 8 26 39207 0
5 1 5 8000 0
4 34 46 40000 1
2 27 34 20000 1
1 7 17 10000 1
2 6 24 20000 1
4 1 6 8861 0
4 29 45 40000 1
5 5 18 29295 0
2 24 34 20000 1
3 9 30 30000 1
5 27 45 50000 1
2 10 29 20000 1
2 6 26 20000 1
1 9 17 10000 1
5 14 43 50000 1
2 40 34 20000 1
5 3 12 17394 0
5 4 28 43094 0
4 1 5 7398 0
4 20 40 40000 1
2 26 29 20000 1
4 5 32 38352 0
1 16 17 10000 1
2 19 31 20000 1
4 24 40 40000 1
3 15 33 30000 1
3 1 5 6099 0
1 2 14 8456 0
3 12 33 30000 1
1 6 17 10000 1
5 12 44 50000 1
2 1 8 7687 0
5 7 28 41790 0
4 39 56 40000 1
4 23 43 40000 1
2 1 5 4600 0
1 17 17 10000 1
3 1 7 9433 0
2 14 30 20000 1
4 5 23 33717 0
1 20 17 10000 1
2 13 30 20000 1
1 2 10 6040 0
3 22 38 30000 1
3 3 27 29777 0
4 2 10 14438 0
2 14 27 20000 1
1 16 17 10000 1
1 5 17 10000 1
2 25 32 20000 1
1 5 17 10000 1
4 4 24 34240 0
2 26 34 20000 1
5 22 47 50000 1
4 20 38 40000 1
2 4 16 14657 0
5 4 16 24350 0
4 18 38 40000 1
2 17 31 20000 1
3 6 29 30000 1
4 7 28 35708 0
1 1 5 3020 0
2 25 30 20000 1
5 30 47 50000 1
5 8 38 48176 0
5 26 51 50000 1
3 9 31 30000 1
5 16 43 50000 1
2 10 27 20000 1
1 16 17 10000 1
4 2 10 14406 0
2 12 28 20000 1
4 24 40 40000 1
5 18 52 50000 1
2 15 30 20000 1
3 8 30 30000 1
3 22 38 30000 1
5 2 19 31912 0
2 2 8 7174 0
3 13 35 30000 1
4 9 35 40000 1
4 25 45 40000 1
2 21 34 20000 1
5 19 45 50000 1
5 26 47 50000 1
2 6 26 20000 1
1 16 17 10000 1
3 6 27 30000 1
4 3 25 35814 0
2 2 9 8221 0
5 1 4 6330 0
1 7 17 10000 1
4 17 40 40000 1
3 1 4 4690 0
1 4 16 9664 0
4 23 42 40000 1
1 16 17 10000 1
4 7 34 40000 1
3 14 37 30000 1
1 1 9 5436 0
3 20 32 30000 1
4 15 38 40000 1
3 15 33 30000 1
4 36 56 40000 1
3 14 30 30000 1
3 13 29 30000 1
2 12 26 20000 1
1 22 17 10000 1
1 3 12 7248 0
2 16 28 20000 1
5 32 49 50000 1
2 10 25 20000 1
3 27 41 30000 1
3 7 28 30000 1
1 1 7 4228 0
5 9 42 50000 1
2 7 27 20000 1
2 12 27 20000 1
5 19 50 50000 1
4 34 51 40000 1
1 12 17 10000 1
4 27 44 40000 1
3 18 33 30000 1
5 4 33 46335 0
3 24 44 30000 1
3 1 5 6174 0
4 18 43 40000 1
1 1 4 2416 0
2 20 29 20000 1
3 11 31 30000 1
2 30 34 20000 1
3 27 38 30000 1
2 28 30 20000 1
4 10 37 40000 1
3 5 15 17995 0
3 2 8 10401 0
2 26 34 20000 1
4 1 6 8855 0
3 4 20 24741 0
4 7 35 40000 1
2 19 27 20000 1
3 30 40 30000 1
1 20 17 10000 1
5 11 39 50000 1
4 14 40 40000 1
5 9 39 50000 1
2 23 34 20000 1
3 23 41 30000 1
2 18 30 20000 1
5 4 24 37511 0
3 6 24 27737 0
1 6 17 10000 1
2 9 28 20000 1
5 28 54 50000 1
1 5 17 10000 1
3 13 30 30000 1
3 20 36 30000 1
4 10 36 40000 1
3 28 38 30000 1
1 10 17 10000 1
1 23 17 10000 1
2 8 28 20000 1
6 1 7 11493 0
98 24 91 179050 0
13 20 96 130000 1
1 17 17 10000 1
2 1 5 5037 0
51 18 101 179354 0
1 8 17 10000 1
1 1 4 2416 0
1 6 17 10000 1
1 1 4 2416 0
13 36 99 130000 1
3 35 47 30000 1
4 1 6 9048 0
8 1 4 6289 0
1 1 4 2416 0
1 23 17 10000 1
1 7 17 10000 1
2 25 33 20000 1
1 1 8 4832 0
90 18 100 192543 0
59 10 50 105080 0
1 13 17 10000 1
14 12 72 140000 1
3 8 31 30000 1
15 31 107 150000 1
24 29 138 240000 1
1 1 6 3624 0
67 31 331 670000 1
122 27 151 274251 0
1 13 17 10000 1
1 4 17 10000 1
1 21 17 10000 1
57 20 77 134858 0
3 21 34 30000 1
1 1 4 2416 0
112 25 115 195150 0
1 9 17 10000 1
66 23 121 237937 0
17 9 72 141239 0
2 12 29 20000 1
129 23 137 240480 0
1 3 15 9060 0
1 1 4 2416 0
75 13 56 91353 0
11 121 184 110000 1
1 22 17 10000 1
1 17 17 10000 1
1 19 17 10000 1
1 3 12 7248 0
30 27 178 300000 1
10 26 73 100000 1
1 21 17 10000 1
11 33 83 110000 1
13 25 98 130000 1
54 24 112 177312 0
1 20 17 10000 1
14 36 106 140000 1
6 20 51 60000 1
1 3 15 9060 0
23 12 55 111140 0
1 16 17 10000 1
1 13 17 10000 1
1 18 17 10000 1
1 1 9 5436 0
44 25 93 159481 0
1 13 17 10000 1
5 2 7 11324 0
1 20 17 10000 1
1 1 4 2416 0
1 1 10 6040 0
1 5 17 10000 1
3 10 29 30000 1
1 1 5 3020 0
1 19 17 10000 1
1 2 10 6040 0
5 24 49 50000 1
