1 0.980392156863
4 1.5873015873
5 2.0325203252
5 1.85185185185
4 1.5503875969
1 0.980392156863
2 1.61243589744
1 0.980392156863
5 2.73138888889
1 1.00666666667
5 1.54320987654
1 1.00666666667
1 1.00666666667
2 1.43152173913
5 1.6339869281
1 0.980392156863
1 0.980392156863
3 1.51515151515
3 1.51515151515
1 0.980392156863
4 1.5503875969
5 2.51326923077
5 2.66666666667
4 1.44927536232
2 0.980392156863
1 0.980392156863
2 1.38888888889
4 2.46138888889
4 1.48148148148
5 2.7125
2 0.980392156863
3 1.66666666667
5 1.85185185185
2 1.14942528736
2 1.28205128205
1 0.980392156863
5 1.93798449612
2 0.980392156863
5 2.41583333333
5 2.56511904762
4 2.466
4 1.66666666667
2 1.14942528736
4 1.9975
1 0.980392156863
2 1.0752688172
4 1.66666666667
3 1.51515151515
3 2.033
1 1.00666666667
3 1.51515151515
1 0.980392156863
5 1.89393939394
2 1.60145833333
5 2.4875
4 1.19047619048
4 1.5503875969
2 1.53333333333
1 0.980392156863
3 2.24595238095
2 1.11111111111
4 2.44326086957
1 0.980392156863
2 1.11111111111
1 1.00666666667
3 1.31578947368
3 1.83808641975
4 2.40633333333
2 1.23456790123
1 0.980392156863
1 0.980392156863
2 1.04166666667
1 0.980392156863
4 2.37777777778
2 0.980392156863
5 1.77304964539
4 1.75438596491
2 1.52677083333
5 2.53645833333
4 1.75438596491
2 1.0752688172
3 1.72413793103
4 2.12547619048
1 1.00666666667
2 1.11111111111
5 1.77304964539
5 2.11298245614
5 1.6339869281
3 1.61290322581
5 1.93798449612
2 1.23456790123
1 0.980392156863
4 2.401
2 1.19047619048
4 1.66666666667
5 1.60256410256
2 1.11111111111
3 1.66666666667
3 1.31578947368
5 2.79929824561
2 1.49458333333
3 1.42857142857
4 1.90476190476
4 1.48148148148
2 0.980392156863
5 1.85185185185
5 1.77304964539
2 1.28205128205
1 0.980392156863
3 1.85185185185
4 2.3876
2 1.52240740741
5 2.6375
1 0.980392156863
4 1.66666666667
3 1.95416666667
1 1.00666666667
4 1.5873015873
1 0.980392156863
4 1.96078431373
3 1.35135135135
1 1.00666666667
3 1.5625
4 1.75438596491
3 1.51515151515
4 1.19047619048
3 1.66666666667
3 1.72413793103
2 1.28205128205
1 0.980392156863
1 1.00666666667
2 1.19047619048
5 1.70068027211
2 1.33333333333
3 1.21951219512
3 1.78571428571
1 1.00666666667
5 1.98412698413
2 1.23456790123
2 1.23456790123
5 1.66666666667
4 1.30718954248
1 0.980392156863
4 1.51515151515
3 1.51515151515
5 2.34015151515
3 1.13636363636
3 2.058
4 1.5503875969
1 1.00666666667
2 1.14942528736
3 1.61290322581
2 0.980392156863
3 1.31578947368
2 1.11111111111
4 1.8018018018
3 1.99944444444
3 2.166875
2 0.980392156863
4 2.45972222222
3 2.06175
4 1.90476190476
2 1.23456790123
3 1.25
1 0.980392156863
5 2.13675213675
4 1.66666666667
5 2.13675213675
2 0.980392156863
3 1.21951219512
2 1.11111111111
5 2.60493055556
3 1.92618055556
1 0.980392156863
2 1.19047619048
5 1.54320987654
1 0.980392156863
3 1.66666666667
3 1.38888888889
4 1.85185185185
3 1.31578947368
1 0.980392156863
1 0.980392156863
2 1.19047619048
6 2.73642857143
98 3.2793040293
13 2.25694444444
1 0.980392156863
2 1.679
51 2.9596369637
1 0.980392156863
1 1.00666666667
1 0.980392156863
1 1.00666666667
13 2.18855218855
3 1.06382978723
4 2.51333333333
8 2.62041666667
1 1.00666666667
1 0.980392156863
1 0.980392156863
2 1.0101010101
1 1.00666666667
90 3.20905
59 3.50266666667
1 0.980392156863
14 3.24074074074
3 1.61290322581
15 2.33644859813
24 2.89855072464
1 1.00666666667
67 3.37361530715
122 3.02705298013
1 0.980392156863
1 0.980392156863
1 0.980392156863
57 2.919004329
3 1.47058823529
1 1.00666666667
112 2.82826086957
1 0.980392156863
66 3.27736914601
17 3.2694212963
2 1.14942528736
129 2.92554744526
1 1.00666666667
1 1.00666666667
75 2.71883928571
11 0.996376811594
1 0.980392156863
1 0.980392156863
1 0.980392156863
1 1.00666666667
30 2.80898876404
10 2.28310502283
1 0.980392156863
11 2.20883534137
13 2.21088435374
54 2.63857142857
1 0.980392156863
14 2.20125786164
6 1.96078431373
1 1.00666666667
23 3.36787878788
1 0.980392156863
1 0.980392156863
1 0.980392156863
1 1.00666666667
44 2.85808243728
1 0.980392156863
5 2.69619047619
1 0.980392156863
1 1.00666666667
1 1.00666666667
1 0.980392156863
3 1.72413793103
1 1.00666666667
1 0.980392156863
1 1.00666666667
5 1.70068027211
