3 3 17 30000 1
3 1 5 9151 0
2 1 5 6739 0
3 4 19 30000 1
4 1 5 10781 0
4 12 29 40000 1
2 1 4 5230 0
5 24 34 50000 1
3 3 18 30000 1
3 4 18 30000 1
5 41 55 50000 1
1 5 12 10000 1
5 29 32 50000 1
2 1 6 8628 0
2 1 4 5159 0
4 23 28 40000 1
4 10 25 40000 1
3 3 18 29957 0
3 4 19 30000 1
1 1 4 3380 0
2 6 20 20000 1
3 4 20 30000 1
3 2 17 30000 1
5 18 37 50000 1
2 6 19 20000 1
5 1 4 9509 0
5 25 32 50000 1
3 29 32 30000 1
2 1 11 15245 0
5 18 30 50000 1
1 2 8 6760 0
5 36 52 50000 1
4 2 14 31026 0
3 24 36 30000 1
3 16 28 30000 1
5 9 27 50000 1
5 12 31 50000 1
3 7 20 30000 1
1 2 8 6760 0
1 7 12 10000 1
5 29 33 50000 1
5 42 45 50000 1
3 3 18 30000 1
2 8 18 20000 1
3 14 24 30000 1
4 6 24 40000 1
3 5 20 30000 1
5 1 7 17691 0
4 16 32 40000 1
1 4 12 10000 1
5 10 29 50000 1
3 12 22 30000 1
3 19 33 30000 1
5 7 26 50000 1
5 1 5 12466 0
4 24 39 40000 1
5 14 29 50000 1
5 9 26 50000 1
2 5 19 20000 1
2 19 24 20000 1
4 6 24 40000 1
5 4 24 50000 1
5 19 32 50000 1
5 12 30 50000 1
4 31 38 40000 1
1 1 8 6760 0
4 6 22 40000 1
2 13 24 20000 1
2 3 15 18923 0
4 13 24 40000 1
5 4 24 49723 0
1 5 12 10000 1
1 1 5 4225 0
5 8 29 50000 1
5 40 41 50000 1
3 2 10 18726 0
4 16 28 40000 1
1 2 8 6760 0
4 8 24 40000 1
3 7 22 30000 1
5 12 32 50000 1
4 27 32 40000 1
1 1 4 3380 0
2 8 19 20000 1
2 8 20 20000 1
3 3 19 30000 1
1 3 12 10000 1
4 13 25 40000 1
1 1 5 4225 0
4 16 28 40000 1
5 11 31 50000 1
5 22 35 50000 1
4 24 35 40000 1
4 27 32 40000 1
5 19 30 50000 1
4 12 26 40000 1
3 3 18 30000 1
1 3 12 10000 1
2 5 19 20000 1
2 17 21 20000 1
3 5 18 30000 1
5 1 4 9571 0
2 20 24 20000 1
5 22 36 50000 1
3 2 10 20140 0
3 15 28 30000 1
4 16 32 40000 1
1 2 12 10000 1
3 7 21 30000 1
3 10 25 30000 1
4 9 26 40000 1
1 1 4 3380 0
2 9 22 20000 1
3 5 20 30000 1
4 16 27 40000 1
1 1 4 3380 0
3 22 35 30000 1
2 1 9 12484 0
4 27 37 40000 1
4 10 27 40000 1
2 1 4 5304 0
1 3 12 10000 1
4 20 26 40000 1
2 19 22 20000 1
5 28 43 50000 1
5 21 37 50000 1
1 7 12 10000 1
2 10 23 20000 1
4 14 25 40000 1
1 1 5 4225 0
1 5 12 10000 1
3 8 23 30000 1
2 4 18 20000 1
1 9 12 10000 1
4 10 26 40000 1
2 1 11 15417 0
4 12 27 40000 1
2 5 19 20000 1
5 10 29 50000 1
3 13 25 30000 1
1 9 12 10000 1
4 30 40 40000 1
5 24 39 50000 1
5 1 5 12699 0
4 17 26 40000 1
1 8 12 10000 1
1 2 8 6760 0
1 2 10 8450 0
3 1 6 11239 0
1 5 12 10000 1
2 20 24 20000 1
4 4 16 33884 0
3 8 22 30000 1
1 2 12 10000 1
5 29 45 50000 1
4 19 29 40000 1
3 4 19 30000 1
5 12 31 50000 1
4 10 26 40000 1
5 19 35 50000 1
5 6 26 50000 1
3 29 36 30000 1
5 19 34 50000 1
1 1 6 5070 0
3 1 8 15308 0
5 18 34 50000 1
3 6 20 30000 1
5 1 5 12846 0
1 10 12 10000 1
2 13 23 20000 1
3 10 25 30000 1
5 5 26 50000 1
4 13 30 40000 1
2 5 17 20000 1
2 1 6 8106 0
5 15 34 50000 1
2 6 19 20000 1
5 21 37 50000 1
3 2 10 18066 0
5 15 33 50000 1
2 13 24 20000 1
5 23 33 50000 1
121 15 114 334867 0
12 32 83 120000 1
1 3 12 10000 1
1 2 12 10000 1
6 37 54 60000 1
7 12 46 70000 1
1 1 7 5915 0
51 47 424 510000 1
1 8 12 10000 1
3 10 26 30000 1
1 10 12 10000 1
17 21 80 170000 1
1 1 4 3380 0
1 1 4 3380 0
56 12 143 538611 0
1 4 12 10000 1
1 2 10 8450 0
7 27 42 70000 1
107 29 438 1070000 1
9 21 47 90000 1
39 14 94 298805 0
16 23 81 160000 1
65 11 62 235514 0
1 6 12 10000 1
104 20 360 1040000 1
1 6 12 10000 1
1 4 12 10000 1
6 11 37 60000 1
1 1 5 4225 0
1 10 12 10000 1
1 4 12 10000 1
1 8 12 10000 1
78 22 312 780000 1
1 3 12 10000 1
125 24 435 1250000 1
73 1 5 16801 0
1 8 12 10000 1
1 1 9 7605 0
1 4 12 10000 1
42 16 109 310559 0
105 16 323 1050000 1
1 4 12 10000 1
1 7 12 10000 1
1 10 12 10000 1
44 16 148 440000 1
1 1 5 4225 0
6 28 38 60000 1
43 18 125 362736 0
7 3 12 32418 0
1 4 12 10000 1
1 6 12 10000 1
1 2 12 10000 1
116 16 160 495585 0
26 4 40 191433 0
111 29 563 1110000 1
51 22 206 510000 1
128 37 819 1280000 1
1 1 6 5070 0
1 1 6 5070 0
1 6 12 10000 1
28 28 141 280000 1
1 6 12 10000 1
4 8 26 40000 1
4 10 27 40000 1
1 5 12 10000 1
45 4 18 54336 0
1 6 12 10000 1
37 23 154 370000 1
1 1 5 4225 0
85 25 337 850000 1
1 9 12 10000 1
1 7 12 10000 1
45 25 188 450000 1
2 11 23 20000 1
24 31 145 240000 1
1 1 10 8450 0
27 29 158 270000 1
1 1 4 3380 0
