3 2.10084033613
3 1.87969924812
4 1.64203612479
5 1.75070028011
3 1.98412698413
3 1.98412698413
5 1.08225108225
1 0.992063492063
5 1.86011904762
4 1.70068027211
4 1.90476190476
3 1.87969924812
2 1.19047619048
3 1.78571428571
3 2.10084033613
5 1.60875160875
2 1.25313283208
5 1.86011904762
3 1.11607142857
5 1.98412698413
5 1.14468864469
3 0.992063492063
3 1.27551020408
5 2.20458553792
5 1.92012288786
3 1.78571428571
1 0.992063492063
5 1.80375180375
5 1.32275132275
3 1.98412698413
2 1.32275132275
3 1.4880952381
4 1.98412698413
3 1.78571428571
4 1.4880952381
1 0.992063492063
5 2.05254515599
3 1.62337662338
3 1.08225108225
5 2.28937728938
4 1.221001221
5 2.05254515599
5 2.28937728938
2 1.25313283208
2 0.992063492063
4 1.98412698413
5 2.48015873016
5 1.86011904762
5 1.98412698413
4 1.25313283208
4 2.1645021645
2 0.992063492063
4 1.98412698413
1 0.992063492063
5 2.05254515599
5 1.45180023229
4 1.70068027211
4 1.98412698413
3 1.62337662338
5 1.86011904762
4 1.4880952381
2 1.25313283208
2 1.19047619048
3 1.87969924812
1 0.992063492063
4 1.90476190476
4 1.70068027211
5 1.92012288786
5 1.70068027211
4 1.36054421769
4 1.4880952381
5 1.98412698413
4 1.8315018315
3 1.98412698413
1 0.992063492063
2 1.25313283208
2 1.13378684807
3 1.98412698413
2 0.992063492063
5 1.65343915344
3 1.27551020408
4 1.4880952381
1 0.992063492063
3 1.70068027211
3 1.42857142857
4 1.8315018315
2 1.08225108225
3 1.78571428571
4 1.76366843034
3 1.02040816327
4 1.287001287
4 1.76366843034
1 0.992063492063
4 1.8315018315
2 1.08225108225
5 1.38427464009
5 1.60875160875
1 0.992063492063
2 1.03519668737
4 1.90476190476
1 0.992063492063
3 1.55279503106
2 1.32275132275
1 0.992063492063
4 1.8315018315
4 1.76366843034
2 1.25313283208
5 2.05254515599
3 1.42857142857
1 0.992063492063
4 1.19047619048
5 1.52625152625
4 1.8315018315
1 0.992063492063
1 0.992063492063
2 0.992063492063
3 1.62337662338
1 0.992063492063
5 1.32275132275
4 1.64203612479
3 1.87969924812
5 1.92012288786
4 1.8315018315
5 1.70068027211
5 2.28937728938
3 0.992063492063
5 1.75070028011
5 1.75070028011
3 1.78571428571
1 0.992063492063
2 1.03519668737
3 1.42857142857
5 2.28937728938
4 1.5873015873
2 1.40056022409
5 1.75070028011
2 1.25313283208
5 1.60875160875
5 1.80375180375
2 0.992063492063
5 1.80375180375
12 1.72117039587
1 0.992063492063
1 0.992063492063
6 1.32275132275
7 1.8115942029
51 1.43194070081
1 0.992063492063
3 1.37362637363
1 0.992063492063
17 2.52976190476
1 0.992063492063
7 1.98412698413
107 2.90824092194
9 2.27963525836
16 2.35155790711
1 0.992063492063
104 3.43915343915
1 0.992063492063
1 0.992063492063
6 1.9305019305
1 0.992063492063
1 0.992063492063
1 0.992063492063
78 2.97619047619
1 0.992063492063
125 3.42090859332
1 0.992063492063
1 0.992063492063
105 3.86996904025
1 0.992063492063
1 0.992063492063
1 0.992063492063
44 3.53925353925
6 1.87969924812
1 0.992063492063
1 0.992063492063
1 0.992063492063
111 2.3471200203
51 2.94729542302
128 1.86057328914
1 0.992063492063
28 2.36406619385
1 0.992063492063
4 1.8315018315
4 1.76366843034
1 0.992063492063
1 0.992063492063
37 2.86023500309
85 3.00268475343
1 0.992063492063
1 0.992063492063
45 2.84954407295
2 1.03519668737
24 1.97044334975
27 2.03435804702
