4 1 3 40000 1
3 1 3 30000 1
3 1 3 30000 1
2 1 3 20000 1
2 1 3 20000 1
1 1 2 10000 1
2 1 2 20000 1
2 1 3 20000 1
1 1 2 10000 1
3 1 3 30000 1
2 1 2 20000 1
2 1 2 20000 1
3 1 3 30000 1
2 1 3 20000 1
1 1 2 10000 1
2 1 3 20000 1
2 1 3 20000 1
1 1 2 10000 1
1 1 2 10000 1
3 1 3 30000 1
2 1 3 20000 1
2 1 3 20000 1
2 1 2 20000 1
4 1 3 40000 1
1 1 2 10000 1
2 1 3 20000 1
4 1 3 40000 1
4 1 3 40000 1
4 1 3 40000 1
1 1 2 10000 1
2 1 3 20000 1
4 1 3 40000 1
3 1 3 30000 1
2 1 3 20000 1
2 1 3 20000 1
1 1 2 10000 1
1 1 2 10000 1
2 1 3 20000 1
1 1 2 10000 1
3 1 3 30000 1
2 1 3 20000 1
1 1 2 10000 1
3 1 3 30000 1
2 1 3 20000 1
2 1 3 20000 1
3 1 3 30000 1
3 1 3 30000 1
3 1 3 30000 1
1 1 2 10000 1
2 1 3 20000 1
3 1 3 30000 1
1 1 2 10000 1
2 1 3 20000 1
4 1 3 40000 1
1 1 2 10000 1
2 1 3 20000 1
1 1 2 10000 1
1 1 2 10000 1
3 1 3 30000 1
1 1 2 10000 1
3 1 3 30000 1
2 1 3 20000 1
3 1 3 30000 1
2 1 3 20000 1
4 1 3 40000 1
3 1 3 30000 1
1 1 2 10000 1
3 1 3 30000 1
3 1 3 30000 1
4 1 3 40000 1
3 1 3 30000 1
1 1 2 10000 1
2 1 3 20000 1
2 1 3 20000 1
2 1 3 20000 1
2 1 3 20000 1
2 1 3 20000 1
4 1 3 40000 1
2 1 3 20000 1
3 1 3 30000 1
3 1 3 30000 1
3 1 3 30000 1
1 1 2 10000 1
1 1 2 10000 1
2 1 3 20000 1
2 1 3 20000 1
3 1 3 30000 1
1 1 2 10000 1
2 1 3 20000 1
2 1 2 20000 1
2 1 3 20000 1
2 1 3 20000 1
2 1 3 20000 1
1 1 2 10000 1
3 1 3 30000 1
3 1 3 30000 1
1 1 2 10000 1
1 1 2 10000 1
3 1 3 30000 1
3 1 3 30000 1
1 1 2 10000 1
2 1 3 20000 1
3 1 3 30000 1
3 1 3 30000 1
1 1 2 10000 1
3 1 3 30000 1
3 1 3 30000 1
2 1 3 20000 1
3 1 3 30000 1
1 1 2 10000 1
2 1 3 20000 1
3 1 3 30000 1
2 1 3 20000 1
15 4 20 150000 1
3 1 3 30000 1
5 1 3 50000 1
5 1 3 50000 1
12 1 6 120000 1
14 3 14 140000 1
5 1 5 50000 1
15 2 12 150000 1
14 1 10 140000 1
7 2 6 70000 1
