3 1.32275132275
5 1.18708452042
4 2.17864923747
3 1.32275132275
2 1.23456790123
2 1.23456790123
3 1.32275132275
2 1.23456790123
3 1.06837606838
1 0.925925925926
4 2.31481481481
4 1.61030595813
5 1.44675925926
2 1.4245014245
2 1.32275132275
2 1.23456790123
4 1.6835016835
3 1.38888888889
4 1.37174211248
3 1.54320987654
3 1.54320987654
4 1.76366843034
1 0.925925925926
5 2.10437710438
4 1.4245014245
3 1.32275132275
3 1.02880658436
5 1.36165577342
2 1.23456790123
4 1.48148148148
2 1.08932461874
4 1.61030595813
5 2.43664717349
2 1.32275132275
2 1.32275132275
5 2.57201646091
4 2.31481481481
2 1.08932461874
4 1.76366843034
4 1.85185185185
1 0.925925925926
2 1.32275132275
3 1.2077294686
1 0.925925925926
4 1.61030595813
2 1.15740740741
5 2.31481481481
3 1.2077294686
5 2.31481481481
5 1.92901234568
2 1.08932461874
3 1.02880658436
3 1.73611111111
5 1.28600823045
4 1.37174211248
1 0.925925925926
1 0.925925925926
3 1.54320987654
4 1.6835016835
2 1.32275132275
2 1.32275132275
5 1.49342891278
4 1.4245014245
5 1.78062678063
5 1.92901234568
5 1.59642401022
5 2.01288244767
3 1.54320987654
5 1.7146776406
2 1.32275132275
2 1.08932461874
3 1.46198830409
4 1.4245014245
2 1.4245014245
1 0.925925925926
1 0.925925925926
1 0.925925925926
5 2.20458553792
2 1.4245014245
2 1.23456790123
4 1.85185185185
3 1.54320987654
2 1.32275132275
4 1.6835016835
2 1.32275132275
5 2.20458553792
2 1.23456790123
5 1.32275132275
3 1.73611111111
4 1.54320987654
3 1.73611111111
1 0.925925925926
4 1.94931773879
2 0.974658869396
1 0.925925925926
2 1.32275132275
4 1.54320987654
2 1.32275132275
4 1.19474313023
4 2.17864923747
2 1.08932461874
4 2.17864923747
5 1.44675925926
4 1.15740740741
5 2.10437710438
2 1.15740740741
2 1.23456790123
2 1.32275132275
3 1.85185185185
3 1.54320987654
4 1.76366843034
3 1.54320987654
3 1.85185185185
2 1.15740740741
2 0.974658869396
2 0.925925925926
2 1.23456790123
3 1.06837606838
3 1.98412698413
4 1.61030595813
1 0.925925925926
4 1.6835016835
3 1.32275132275
4 1.85185185185
5 2.10437710438
1 0.925925925926
3 1.2077294686
4 2.17864923747
2 1.32275132275
3 1.85185185185
2 1.23456790123
2 1.4245014245
1 0.925925925926
3 1.2077294686
3 2.13675213675
1 0.925925925926
4 1.85185185185
1 0.925925925926
29 1.66781688521
1 0.925925925926
18 0.952380952381
121 3.25689061154
1 0.925925925926
1 0.925925925926
12 2.4154589372
1 0.925925925926
7 1.47306397306
1 0.925925925926
5 2.31481481481
2 1.02880658436
1 0.925925925926
1 0.925925925926
1 0.925925925926
1 0.925925925926
1 0.925925925926
5 1.44675925926
1 0.925925925926
1 0.925925925926
1 0.925925925926
1 0.925925925926
41 3.38955026455
1 0.925925925926
1 0.925925925926
1 0.925925925926
7 2.0908004779
23 3.22671156004
89 2.31481481481
60 3.26797385621
1 0.925925925926
4 1.19474313023
25 1.94522253346
1 0.925925925926
2 1.15740740741
12 1.98412698413
1 0.925925925926
5 2.72331154684
12 3.08641975309
106 2.07501370292
39 2.73569023569
1 0.925925925926
6 2.4154589372
79 0.925925925926
1 0.925925925926
4 1.76366843034
1 0.925925925926
1 0.925925925926
9 1.89393939394
1 0.925925925926
1 0.925925925926
26 3.82128159906
9 1.51515151515
34 0.925925925926
1 0.925925925926
6 1.91570881226
1 0.925925925926
13 2.61674718196
1 0.925925925926
1 0.925925925926
