1 0 0 0 0
4 2 12 24200 0
6 5 22 44200 0
5 29 25 50000 1
2 2 10 20000 1
6 6 30 60000 1
1 5 5 10000 1
2 0 0 0 0
4 11 20 40000 1
3 3 10 21000 0
5 24 25 50000 1
2 6 10 20000 1
5 20 25 50000 1
5 23 25 50000 1
3 8 15 30000 1
2 4 10 20000 1
5 3 12 25200 0
6 5 30 60000 1
6 2 8 16800 0
5 16 25 50000 1
6 0 0 0 0
6 7 30 60000 1
4 5 19 38400 0
6 14 30 60000 1
2 11 10 20000 1
2 4 10 20000 1
6 6 23 47800 0
1 1 4 8400 0
3 6 15 30000 1
7 7 27 55700 0
6 14 30 60000 1
4 10 20 40000 1
5 12 25 50000 1
5 1 7 14200 0
1 2 5 10000 1
5 12 25 50000 1
1 0 0 0 0
6 8 30 60000 1
3 15 15 30000 1
6 10 30 60000 1
6 1 3 6300 0
6 4 19 39400 0
4 24 20 40000 1
2 4 9 18400 0
2 5 10 20000 1
2 1 5 10500 0
2 2 9 18400 0
6 25 30 60000 1
6 0 0 0 0
4 29 20 40000 1
3 6 15 30000 1
1 6 5 10000 1
4 3 15 30500 0
2 0 0 0 0
3 13 15 30000 1
3 0 0 0 0
5 34 25 50000 1
6 14 30 60000 1
5 0 0 0 0
1 2 5 10000 1
1 3 5 10000 1
5 0 0 0 0
6 25 30 60000 1
6 9 26 53100 0
1 6 5 10000 1
6 7 23 47800 0
3 5 15 30000 1
4 9 20 40000 1
3 16 15 30000 1
3 4 15 30000 1
5 7 21 43600 0
6 1 4 8400 0
4 6 20 40000 1
5 18 25 50000 1
6 16 30 60000 1
6 18 30 60000 1
2 2 6 12100 0
7 6 26 52600 0
2 13 10 20000 1
4 16 20 40000 1
5 33 25 50000 1
7 30 35 70000 1
2 8 10 20000 1
1 0 0 0 0
4 12 20 40000 1
1 1 5 10000 1
6 27 30 60000 1
3 13 15 30000 1
3 7 15 30000 1
3 1 3 6300 0
1 3 5 10000 1
6 6 24 49900 0
4 0 0 0 0
