3 0.980392156863
5 0.980392156863
5 0.980392156863
2 0.980392156863
3 0.980392156863
4 0.980392156863
3 0.980392156863
5 0.980392156863
1 0.980392156863
2 0.980392156863
2 0.980392156863
2 0.980392156863
1 0.980392156863
1 0.980392156863
5 0.980392156863
3 0.980392156863
1 0.980392156863
4 0.980392156863
5 0.980392156863
2 0.980392156863
2 0.980392156863
4 0.980392156863
5 0.980392156863
5 0.980392156863
3 0.980392156863
2 0.980392156863
5 0.980392156863
3 0.980392156863
5 0.980392156863
1 0.980392156863
3 0.980392156863
3 0.980392156863
3 0.980392156863
3 0.980392156863
1 0.980392156863
1 0.980392156863
4 0.980392156863
3 0.980392156863
4 0.980392156863
2 0.980392156863
4 0.980392156863
5 0.980392156863
5 0.980392156863
1 0.980392156863
3 0.980392156863
2 0.980392156863
2 0.980392156863
2 0.980392156863
1 0.980392156863
3 0.980392156863
5 0.980392156863
3 0.980392156863
2 0.980392156863
1 0.980392156863
1 0.980392156863
4 0.980392156863
3 0.980392156863
4 0.980392156863
5 0.980392156863
3 0.980392156863
4 0.980392156863
4 0.980392156863
1 0.980392156863
2 0.980392156863
3 0.980392156863
3 0.980392156863
2 0.980392156863
5 0.980392156863
1 0.980392156863
4 0.980392156863
4 0.980392156863
1 0.980392156863
5 0.980392156863
2 0.980392156863
5 0.980392156863
1 0.980392156863
3 0.980392156863
1 0.980392156863
3 0.980392156863
5 0.980392156863
1 0.980392156863
4 0.980392156863
5 0.980392156863
2 0.980392156863
5 0.980392156863
4 0.980392156863
4 0.980392156863
1 0.980392156863
1 0.980392156863
5 0.980392156863
2 0.980392156863
3 0.980392156863
5 0.980392156863
5 0.980392156863
2 0.980392156863
5 0.980392156863
5 0.980392156863
4 0.980392156863
5 0.980392156863
1 0.980392156863
13 0.980392156863
3 0.980392156863
2 0.980392156863
1 0.980392156863
2 0.980392156863
1 0.980392156863
1 0.980392156863
3 0.980392156863
1 0.980392156863
1 0.980392156863
7 0.980392156863
1 0.980392156863
24 0.980392156863
1 0.980392156863
1 0.980392156863
1 0.980392156863
1 0.980392156863
1 0.980392156863
1 0.980392156863
1 0.980392156863
2 0.980392156863
28 0.980392156863
1 0.980392156863
1 0.980392156863
1 0.980392156863
1 0.980392156863
2 0.980392156863
1 0.980392156863
3 0.980392156863
1 0.980392156863
1 0.980392156863
1 0.980392156863
1 0.980392156863
6 0.980392156863
1 0.980392156863
5 0.980392156863
4 0.980392156863
1 0.980392156863
