7 0 0 0 0
2 8 8 20000 1
7 18 28 70000 1
4 16 16 40000 1
2 1 6 16240 0
4 2 8 24960 0
2 7 8 20000 1
1 0 0 0 0
2 2 8 20000 1
2 8 8 20000 1
1 3 4 10000 1
5 10 20 50000 1
6 13 24 60000 1
7 9 28 70000 1
3 2 8 24960 0
4 8 16 40000 1
2 7 8 20000 1
6 0 0 0 0
1 2 4 10000 1
2 4 8 20000 1
2 6 8 20000 1
1 2 4 10000 1
4 3 16 40000 1
6 17 24 60000 1
5 12 20 50000 1
6 5 18 53680 0
2 4 8 20000 1
1 3 4 10000 1
6 6 24 60000 1
5 10 20 50000 1
5 12 20 50000 1
3 5 12 30000 1
6 0 0 0 0
3 6 12 30000 1
3 4 12 30000 1
4 6 16 40000 1
1 2 4 10000 1
1 1 4 10000 1
3 2 10 28720 0
1 0 0 0 0
1 3 4 10000 1
5 1 5 15600 0
7 2 9 28080 0
5 0 0 0 0
6 2 6 18720 0
2 1 6 16240 0
4 3 16 40000 1
4 11 16 40000 1
3 1 4 10000 0
2 1 3 9360 0
5 5 20 50000 1
3 2 12 30000 1
1 4 4 10000 1
4 3 15 39360 0
4 1 7 21840 0
4 11 16 40000 1
1 1 4 10000 1
6 2 11 34320 0
3 12 12 30000 1
4 0 0 0 0
6 12 24 60000 1
6 1 5 15600 0
5 1 6 18720 0
3 1 4 12480 0
6 2 6 18720 0
1 2 4 10000 1
3 2 12 30000 1
1 0 0 0 0
5 5 20 50000 1
3 0 0 0 0
7 15 28 70000 1
4 3 12 37440 0
6 5 24 60000 1
3 6 12 30000 1
3 11 12 30000 1
4 15 16 40000 1
1 3 4 10000 1
3 6 12 30000 1
1 0 0 0 0
4 5 16 40000 1
1 1 3 9360 0
4 3 12 37440 0
1 0 0 0 0
1 4 4 10000 1
2 3 8 20000 1
6 14 24 60000 1
3 6 12 30000 1
3 11 12 30000 1
6 4 24 60000 1
4 8 16 40000 1
2 4 8 20000 1
2 0 0 0 0
2 0 0 0 0
3 4 12 30000 1
1 0 0 0 0
6 16 24 60000 1
3 4 12 30000 1
3 2 12 30000 1
2 7 8 20000 1
4 10 16 40000 1
