5 0.925925925926
4 0.925925925926
4 0.925925925926
1 0.925925925926
5 0.925925925926
3 0.925925925926
1 0.925925925926
3 0.925925925926
4 0.925925925926
4 0.925925925926
3 0.925925925926
3 0.925925925926
5 0.925925925926
3 0.925925925926
5 0.925925925926
2 0.925925925926
4 0.925925925926
5 0.925925925926
1 0.925925925926
1 0.925925925926
5 0.925925925926
2 0.925925925926
4 0.925925925926
5 0.925925925926
3 0.925925925926
4 0.925925925926
3 0.925925925926
4 0.925925925926
5 0.925925925926
2 0.925925925926
2 0.925925925926
4 0.925925925926
4 0.925925925926
5 0.925925925926
3 0.925925925926
3 0.925925925926
4 0.925925925926
1 0.925925925926
4 0.925925925926
1 0.925925925926
3 0.925925925926
3 0.925925925926
5 0.925925925926
4 0.925925925926
5 0.925925925926
4 0.925925925926
4 0.925925925926
3 0.925925925926
1 0.925925925926
4 0.925925925926
2 0.925925925926
3 0.925925925926
3 0.925925925926
5 0.925925925926
4 0.925925925926
1 0.925925925926
1 0.925925925926
4 0.925925925926
3 0.925925925926
4 0.925925925926
5 0.925925925926
1 0.925925925926
1 0.925925925926
2 0.925925925926
5 0.925925925926
4 0.925925925926
5 0.925925925926
1 0.925925925926
3 0.925925925926
1 0.925925925926
4 0.925925925926
2 0.925925925926
1 0.925925925926
5 0.925925925926
2 0.925925925926
4 0.925925925926
1 0.925925925926
2 0.925925925926
2 0.925925925926
2 0.925925925926
4 0.925925925926
4 0.925925925926
2 0.925925925926
2 0.925925925926
3 0.925925925926
3 0.925925925926
2 0.925925925926
2 0.925925925926
2 0.925925925926
1 0.925925925926
3 0.925925925926
3 0.925925925926
2 0.925925925926
1 0.925925925926
2 0.925925925926
3 0.925925925926
2 0.925925925926
4 0.925925925926
5 0.925925925926
4 0.925925925926
2 0.925925925926
1 0.925925925926
4 0.925925925926
1 0.925925925926
4 0.925925925926
2 0.925925925926
4 0.925925925926
4 0.925925925926
4 0.925925925926
1 0.925925925926
4 0.925925925926
2 0.925925925926
3 0.925925925926
1 0.925925925926
1 0.925925925926
2 0.925925925926
1 0.925925925926
2 0.925925925926
3 0.925925925926
3 0.925925925926
4 0.925925925926
4 0.925925925926
1 0.925925925926
5 0.925925925926
1 0.925925925926
3 0.925925925926
3 0.925925925926
4 0.925925925926
3 0.925925925926
4 0.925925925926
9 0.925925925926
1 0.925925925926
5 0.925925925926
1 0.925925925926
29 0.925925925926
1 0.925925925926
3 0.925925925926
1 0.925925925926
1 0.925925925926
1 0.925925925926
1 0.925925925926
1 0.925925925926
7 0.925925925926
1 0.925925925926
3 0.925925925926
1 0.925925925926
5 0.925925925926
1 0.925925925926
24 0.925925925926
1 0.925925925926
1 0.925925925926
8 0.925925925926
1 0.925925925926
1 0.925925925926
1 0.925925925926
1 0.925925925926
2 0.925925925926
1 0.925925925926
22 0.925925925926
1 0.925925925926
1 0.925925925926
1 0.925925925926
2 0.925925925926
1 0.925925925926
4 0.925925925926
6 0.925925925926
7 0.925925925926
1 0.925925925926
2 0.925925925926
6 0.925925925926
