3 1 6 30000 1
1 1 2 10000 1
3 1 6 30000 1
4 1 8 40000 1
1 1 2 10000 1
1 1 2 10000 1
2 1 4 20000 1
1 1 2 10000 1
1 1 2 10000 1
4 1 8 40000 1
2 1 4 20000 1
3 1 6 30000 1
1 1 2 10000 1
4 1 8 40000 1
1 1 2 10000 1
1 1 2 10000 1
1 1 2 10000 1
4 1 8 40000 1
2 1 4 20000 1
2 1 4 20000 1
1 1 2 10000 1
3 1 6 30000 1
3 1 6 30000 1
1 1 2 10000 1
2 1 4 20000 1
1 1 2 10000 1
2 1 4 20000 1
1 1 2 10000 1
3 1 6 30000 1
1 1 2 10000 1
1 1 2 10000 1
2 1 4 20000 1
2 1 4 20000 1
3 1 6 30000 1
1 1 2 10000 1
2 1 4 20000 1
1 1 2 10000 1
3 1 6 30000 1
2 1 4 20000 1
1 1 2 10000 1
2 1 4 20000 1
3 1 6 30000 1
1 1 2 10000 1
3 1 6 30000 1
1 1 2 10000 1
2 1 4 20000 1
1 1 2 10000 1
2 1 4 20000 1
3 1 6 30000 1
2 1 4 20000 1
3 1 6 30000 1
3 1 6 30000 1
2 1 4 20000 1
3 1 6 30000 1
2 1 4 20000 1
1 1 2 10000 1
2 1 4 20000 1
2 1 4 20000 1
2 1 4 20000 1
2 1 4 20000 1
3 1 6 30000 1
1 1 2 10000 1
1 1 2 10000 1
1 1 2 10000 1
2 1 4 20000 1
1 1 2 10000 1
2 1 4 20000 1
3 1 6 30000 1
2 1 4 20000 1
2 1 4 20000 1
3 1 6 30000 1
2 1 4 20000 1
2 1 4 20000 1
3 1 6 30000 1
1 1 2 10000 1
3 1 6 30000 1
2 1 4 20000 1
2 1 4 20000 1
2 1 4 20000 1
3 1 6 30000 1
1 1 2 10000 1
2 1 4 20000 1
3 1 6 30000 1
1 1 2 10000 1
3 1 6 30000 1
3 1 6 30000 1
2 1 4 20000 1
3 1 6 30000 1
2 1 4 20000 1
1 1 2 10000 1
1 1 2 10000 1
2 1 4 20000 1
2 1 4 20000 1
2 1 4 20000 1
2 1 4 20000 1
1 1 2 10000 1
4 1 8 40000 1
2 1 4 20000 1
3 1 6 30000 1
2 1 4 20000 1
2 1 4 20000 1
3 1 6 30000 1
3 1 6 30000 1
1 1 2 10000 1
3 1 6 30000 1
2 1 4 20000 1
1 1 2 10000 1
1 1 2 10000 1
1 1 2 10000 1
6 1 12 60000 1
2 1 4 20000 1
15 1 15 101167 0
11 1 15 96491 0
15 1 16 108045 0
6 1 12 60000 1
6 1 12 60000 1
11 1 22 110000 1
