3 4.5045045045
1 4.5045045045
3 4.5045045045
4 4.5045045045
1 4.5045045045
1 4.5045045045
2 4.5045045045
1 4.5045045045
1 4.5045045045
4 4.5045045045
2 4.5045045045
3 4.5045045045
1 4.5045045045
4 4.5045045045
1 4.5045045045
1 4.5045045045
1 4.5045045045
4 4.5045045045
2 4.5045045045
2 4.5045045045
1 4.5045045045
3 4.5045045045
3 4.5045045045
1 4.5045045045
2 4.5045045045
1 4.5045045045
2 4.5045045045
1 4.5045045045
3 4.5045045045
1 4.5045045045
1 4.5045045045
2 4.5045045045
2 4.5045045045
3 4.5045045045
1 4.5045045045
2 4.5045045045
1 4.5045045045
3 4.5045045045
2 4.5045045045
1 4.5045045045
2 4.5045045045
3 4.5045045045
1 4.5045045045
3 4.5045045045
1 4.5045045045
2 4.5045045045
1 4.5045045045
2 4.5045045045
3 4.5045045045
2 4.5045045045
3 4.5045045045
3 4.5045045045
2 4.5045045045
3 4.5045045045
2 4.5045045045
1 4.5045045045
2 4.5045045045
2 4.5045045045
2 4.5045045045
2 4.5045045045
3 4.5045045045
1 4.5045045045
1 4.5045045045
1 4.5045045045
2 4.5045045045
1 4.5045045045
2 4.5045045045
3 4.5045045045
2 4.5045045045
2 4.5045045045
3 4.5045045045
2 4.5045045045
2 4.5045045045
3 4.5045045045
1 4.5045045045
3 4.5045045045
2 4.5045045045
2 4.5045045045
2 4.5045045045
3 4.5045045045
1 4.5045045045
2 4.5045045045
3 4.5045045045
1 4.5045045045
3 4.5045045045
3 4.5045045045
2 4.5045045045
3 4.5045045045
2 4.5045045045
1 4.5045045045
1 4.5045045045
2 4.5045045045
2 4.5045045045
2 4.5045045045
2 4.5045045045
1 4.5045045045
4 4.5045045045
2 4.5045045045
3 4.5045045045
2 4.5045045045
2 4.5045045045
3 4.5045045045
3 4.5045045045
1 4.5045045045
3 4.5045045045
2 4.5045045045
1 4.5045045045
1 4.5045045045
1 4.5045045045
6 4.5045045045
2 4.5045045045
15 6.0760960961
11 5.79525525526
15 6.08361486486
6 4.5045045045
6 4.5045045045
11 4.5045045045
