2 28 397 4097 0
1 28 397 2741 0
3 10 255 4231 0
2 18 194 1771 0
1 30 372 2275 0
4 21 266 4515 0
3 24 400 4960 0
3 177 2199 30000 1
1 21 254 1725 0
6 34 917 18170 0
5 7 132 2369 0
5 22 387 7470 0
3 16 277 3610 0
4 23 351 5233 0
2 32 356 3414 0
6 25 476 10480 0
1 3 42 233 0
6 13 234 3845 0
3 32 567 7220 0
6 20 450 8407 0
7 18 333 6881 0
3 41 750 10005 0
3 23 318 3912 0
2 22 285 2822 0
3 34 740 10467 0
1 40 463 2589 0
1 69 884 6283 0
2 37 491 4558 0
2 28 437 4100 0
1 24 298 1632 0
4 14 187 2430 0
7 17 441 8756 0
5 4 128 2701 0
3 35 488 6008 0
3 15 256 3490 0
1 34 345 2215 0
4 12 177 2602 0
4 32 601 8939 0
4 113 2024 29371 0
7 3 121 3494 0
2 4 58 639 0
1 30 311 1622 0
4 9 173 2757 0
2 42 714 8272 0
2 53 846 8412 0
2 18 256 2867 0
2 10 158 1631 0
3 4 118 1776 0
3 10 216 2388 0
2 28 406 4408 0
3 21 415 5829 0
7 11 360 7034 0
6 20 399 8429 0
4 54 1016 14480 0
6 47 1112 24256 0
1 31 444 2688 0
5 18 294 5280 0
2 27 421 3625 0
6 0 0 0 0
1 29 482 3124 0
1 21 192 1097 0
2 33 566 6291 0
3 20 372 4907 0
6 28 762 16238 0
5 23 440 7730 0
5 25 480 7135 0
6 19 340 6915 0
4 20 324 5282 0
2 110 1306 12802 0
1 22 198 1182 0
4 19 301 5895 0
1 11 148 957 0
3 38 600 7990 0
6 17 378 8908 0
6 102 2694 60000 1
7 12 283 5256 0
6 11 260 4914 0
5 23 403 10003 0
6 22 606 12195 0
4 17 235 3328 0
2 28 395 4321 0
5 9 170 2236 0
7 27 564 11392 0
6 25 458 8297 0
2 68 737 7478 0
2 29 409 3915 0
1 17 206 1273 0
5 23 407 6267 0
