1 0.0650294695481
1 0.060170575693
1 0.0698532494759
4 0.152335526316
2 0.0944367176634
1 0.0573099415205
1 0.0624761904762
3 0.117515243902
2 0.123888888889
3 0.119621621622
3 0.116100628931
3 0.159378531073
2 0.128842105263
3 0.1275
1 0.0662896979086
1 0.0541350906096
2 0.114789272031
1 0.0641428571429
3 0.141878612717
2 0.0991637630662
1 0.0572535211268
3 0.128994413408
3 0.111491712707
1 0.0556794425087
2 0.101138686131
3 0.12170575693
2 0.0820202020202
2 0.0966743648961
2 0.103137254902
2 0.1005907173
3 0.124232804233
1 0.0575135135135
4 0.149791666667
3 0.0986229508197
1 0.0555778894472
3 0.106066763425
2 0.107025316456
4 0.185150501672
2 0.108942807626
1 0.0770984455959
1 0.0525203252033
3 0.128794326241
2 0.0998646820027
1 0.0848484848485
3 0.153565891473
3 0.115404814004
3 0.130563380282
1 0.0610526315789
3 0.147936507937
1 0.0642990654206
1 0.0661538461538
2 0.102750491159
3 0.116340049683
2 0.141290322581
1 0.0589699570815
1 0.0586170212766
2 0.101191222571
4 0.136827048114
1 0.059727427598
3 0.109972677596
2 0.0913031161473
2 0.0874380165289
4 0.196857142857
4 0.179669530734
1 0.052389380531
1 0.0641025641026
2 0.115
2 0.0914728682171
3 0.116176470588
1 0.0534545454545
2 0.109069493522
4 0.163111111111
2 0.113457556936
3 0.134132231405
2 0.0997590361446
3 0.127793783169
3 0.11696969697
4 0.163614814815
4 0.128753462604
3 0.115159817352
1 0.0503669724771
1 0.0563285024155
3 0.136138211382
2 0.0967981438515
3 0.106442894507
1 0.0526766595289
3 0.110581395349
1 0.0635922330097
1 0.0517171717172
1 0.0713071895425
1 0.0608547008547
1 0.0669938650307
4 0.157016129032
4 0.19306010929
2 0.121286549708
2 0.103364485981
1 0.0544890510949
1 0.0469918699187
3 0.144645030426
2 0.0876323119777
1 0.0568060836502
1 0.0549494949495
1 0.054328358209
2 0.0900305810398
1 0.0541414141414
2 0.0830136986301
4 0.180337837838
3 0.128550724638
1 0.0684697508897
1 0.0609187279152
3 0.0979079497908
1 0.0585876993166
3 0.167102803738
2 0.0976411960133
3 0.105497382199
16 0.211221719457
14 0.314496644295
14 0.352752043597
11 0.201614906832
12 0.312487309645
16 0.316168611216
16 0.26492481203
15 0.391954022989
11 0.240991735537
