2 13 206 2321 0
7 106 2240 70000 1
3 20 353 6052 0
2 14 245 3438 0
7 35 933 27988 0
2 25 320 4260 0
2 67 1115 14087 0
2 28 585 7797 0
6 1 30 1319 0
3 21 354 5793 0
7 17 474 14761 0
4 32 734 14215 0
3 25 356 5661 0
4 36 935 23552 0
5 15 348 8291 0
2 32 417 5220 0
1 26 461 3606 0
5 22 707 16205 0
5 36 1041 24305 0
5 29 705 20501 0
1 11 149 1120 0
2 2 41 661 0
1 24 418 3463 0
5 6 210 5463 0
7 33 803 26834 0
4 30 754 15769 0
2 17 185 2324 0
1 14 270 2525 0
3 14 339 6895 0
4 26 565 11461 0
1 15 281 2255 0
6 20 397 14016 0
1 38 608 5095 0
1 27 399 2932 0
4 21 376 6138 0
1 105 1212 10000 1
7 1 22 1151 0
2 44 700 9543 0
3 43 725 13301 0
7 39 808 18844 0
2 33 717 9572 0
2 16 248 4116 0
2 34 545 8472 0
3 18 322 6928 0
3 9 189 2975 0
4 82 1425 28795 0
6 3 65 1759 0
5 14 295 7057 0
1 13 205 1612 0
1 1 28 202 0
7 44 1568 52212 0
6 7 165 6273 0
2 21 336 5541 0
7 39 983 25028 0
2 24 357 6215 0
4 20 635 15011 0
4 5 103 1889 0
3 15 264 5169 0
4 32 781 19199 0
4 20 403 8892 0
3 20 391 5985 0
3 27 475 7637 0
6 24 591 15005 0
5 23 452 10979 0
3 19 455 9039 0
1 1 41 333 0
2 28 394 5262 0
3 19 302 4670 0
6 29 573 16832 0
4 26 454 11504 0
4 4 136 3200 0
3 27 531 8942 0
2 27 518 6664 0
4 5 77 2296 0
3 11 269 4384 0
1 32 456 3981 0
5 30 589 17564 0
1 17 460 4012 0
3 35 662 13397 0
3 26 402 7524 0
2 29 404 5087 0
1 42 555 5001 0
6 21 521 14610 0
1 22 378 3214 0
4 1 42 1151 0
1 35 459 4448 0
3 24 630 12851 0
3 21 269 4956 0
2 73 1413 20000 1
6 15 298 7914 0
1 26 431 3840 0
4 13 306 7249 0
4 35 734 18374 0
4 13 199 4443 0
5 14 305 7021 0
1 23 412 2811 0
1 25 324 2324 0
4 17 301 5099 0
1 20 405 3495 0
6 31 802 26138 0
5 25 601 14566 0
4 12 222 6430 0
3 9 171 3465 0
