3 0.141331168831
2 0.114912570109
4 0.224082499242
3 0.133370104799
3 0.132413652156
1 0.0626431060229
3 0.15750111957
1 0.0739867468023
2 0.127485187623
1 0.0660617760618
2 0.112206823028
1 0.0677248677249
2 0.109451758695
4 0.19250965251
3 0.137848642191
2 0.116353741497
1 0.0769841269841
3 0.148340040241
3 0.14261575598
3 0.146932234432
1 0.0630750605327
3 0.144347063979
4 0.178636959371
3 0.168358208955
3 0.160539460539
1 0.0696767826302
1 0.0661256840913
2 0.0887394957983
2 0.103157349896
3 0.166944959802
3 0.185277858598
2 0.0834109286939
3 0.106672124437
3 0.12324929972
3 0.156645344705
2 0.107773279352
3 0.135674822415
1 0.0722438851471
1 0.0595337095337
1 0.0587662337662
1 0.0664355062413
2 0.119157340355
2 0.0808284652151
2 0.104797843666
3 0.145994832041
4 0.211184939092
4 0.158611196084
4 0.227012987013
3 0.138839285714
2 0.102179176755
1 0.0792320039511
2 0.13043409629
2 0.0978200371058
2 0.115488119095
4 0.221020593187
3 0.181853785901
1 0.0540250626566
3 0.158333333333
3 0.170466898955
4 0.189066666667
1 0.0580552220888
3 0.131996487119
1 0.0578525641026
1 0.0605238095238
3 0.139105553201
2 0.104959451029
2 0.137167070218
4 0.173132017034
4 0.171738232865
2 0.107637562923
1 0.0621930127983
1 0.0708791208791
2 0.107072484166
3 0.145375597047
1 0.0600414078675
1 0.0747195213164
2 0.102675736961
4 0.203682342502
3 0.16478978979
4 0.171842872487
1 0.075641025641
1 0.0506658595642
2 0.126240882405
4 0.1734732311
3 0.134637056679
3 0.151861631899
3 0.1246277666
3 0.139327082184
4 0.182359307359
2 0.141739295188
2 0.137540372671
1 0.0615979381443
3 0.167751600163
3 0.116421052632
4 0.271347402597
3 0.152459847844
2 0.105853722705
3 0.155558350101
1 0.0654
2 0.110306524184
7 0.247954144621
12 0.263520033564
11 0.325631603124
13 0.310871518419
5 0.224154589372
14 0.371349132795
9 0.319000471476
15 0.362653061224
15 0.412058823529
6 0.197786720322
15 0.313532182104
