2 29 1324 9069 0
2 24 773 6075 0
4 17 443 7769 0
2 36 1145 9963 0
2 17 344 2875 0
2 26 644 6253 0
3 22 531 6245 0
2 116 2550 20000 1
1 23 635 2726 0
1 30 736 3405 0
4 38 1075 13935 0
2 30 669 5692 0
2 59 2222 16606 0
1 23 479 2321 0
1 20 679 3247 0
3 36 1036 10476 0
3 25 988 12804 0
3 22 573 6449 0
1 54 1773 9443 0
2 23 903 7368 0
3 8 343 4594 0
2 35 1437 11923 0
2 9 203 1759 0
2 30 830 8060 0
2 22 592 4378 0
1 23 677 3602 0
3 4 101 1561 0
3 17 522 6264 0
1 30 802 4274 0
2 35 1306 13956 0
2 25 769 5610 0
2 10 220 1900 0
2 56 1702 14976 0
3 34 806 8413 0
2 17 597 4906 0
3 27 741 6582 0
1 16 301 1497 0
1 34 1440 6738 0
3 20 681 9300 0
4 21 604 8074 0
1 20 638 2906 0
1 24 457 1935 0
3 39 2355 27304 0
3 15 345 3333 0
3 12 287 3043 0
2 26 774 5640 0
1 26 583 2903 0
1 34 1361 6578 0
2 17 387 4226 0
2 20 482 4850 0
3 7 278 4451 0
1 90 1973 10000 1
2 25 729 6053 0
3 14 344 3694 0
3 66 1792 23694 0
1 30 1008 4336 0
2 31 629 5361 0
3 30 746 7300 0
2 38 1649 13877 0
3 15 362 4189 0
2 23 762 6504 0
3 102 2540 30000 1
2 26 846 6843 0
1 34 728 3136 0
3 15 617 8090 0
3 26 840 8059 0
1 33 855 3630 0
4 16 601 7992 0
2 10 200 1462 0
4 45 1767 23769 0
3 147 2961 30000 1
2 37 1541 12167 0
4 20 609 8221 0
3 19 431 4591 0
2 37 799 6439 0
3 8 274 3474 0
2 44 1245 13093 0
3 37 1233 13248 0
1 20 409 1888 0
3 47 1581 16006 0
2 22 834 5740 0
3 35 1510 15948 0
2 22 673 6291 0
2 24 572 3705 0
3 46 1232 14664 0
3 21 671 7436 0
2 24 1051 8457 0
2 24 768 7227 0
4 168 3680 40000 1
1 98 2321 10000 1
3 22 557 8215 0
1 41 1229 6427 0
2 28 880 8181 0
4 33 1048 13335 0
3 57 2336 25286 0
3 18 488 6226 0
3 23 570 7600 0
3 30 1267 12330 0
4 27 1243 17231 0
3 28 697 7823 0
3 23 692 7509 0
1 15 316 1289 0
3 33 968 12371 0
2 14 391 3123 0
2 19 418 3674 0
1 12 407 1895 0
3 38 854 8769 0
3 12 425 5766 0
2 9 294 2673 0
3 38 1269 14189 0
2 28 627 4958 0
3 8 450 5180 0
1 13 277 1400 0
3 21 536 5085 0
1 22 594 3245 0
1 74 1697 7875 0
3 16 428 4298 0
4 28 1338 16475 0
3 62 2021 27424 0
1 14 430 1795 0
2 17 597 5867 0
3 28 565 6249 0
8 33 1451 37140 0
10 8 344 9323 0
11 20 820 24719 0
9 57 3089 69392 0
14 43 3281 85690 0
7 36 1481 32953 0
8 43 1592 29764 0
15 25 1371 34999 0
14 12 837 26506 0
11 9 406 8772 0
12 73 4074 120000 1
