2 0.085621223565
2 0.0982373868047
4 0.219215575621
2 0.108766375546
2 0.104469476744
2 0.121370341615
3 0.147010357815
2 0.0980392156863
1 0.0536614173228
1 0.0578294836957
4 0.162034883721
2 0.106352765321
2 0.0934180918092
1 0.0605688935282
1 0.0597754050074
3 0.1263996139
3 0.161993927126
3 0.140684991274
1 0.0665750141004
2 0.101993355482
3 0.167419825073
2 0.103714335421
2 0.108312807882
2 0.121385542169
2 0.0924408783784
1 0.0665066469719
3 0.193193069307
3 0.15
1 0.066614713217
2 0.133575803982
2 0.0911898569571
2 0.107954545455
2 0.109988249119
3 0.130474565757
2 0.102721943049
3 0.111032388664
1 0.0621677740864
1 0.0584895833333
3 0.170704845815
4 0.167094370861
1 0.0569357366771
1 0.0529266958425
3 0.144925690021
3 0.120760869565
3 0.132534843206
2 0.0910852713178
1 0.0622427101201
1 0.0604151359295
2 0.13649870801
2 0.125778008299
3 0.200134892086
1 0.0633552965028
2 0.103789437586
3 0.134229651163
3 0.165276227679
1 0.0537698412698
2 0.106538155803
3 0.122319034853
2 0.105192540934
3 0.144647790055
2 0.106692913386
3 0.147637795276
2 0.101108156028
1 0.0538461538462
3 0.163897893031
3 0.119925595238
1 0.0530701754386
4 0.16622296173
2 0.091375
4 0.16814516129
3 0.126646403242
2 0.0986940298507
4 0.168739737274
3 0.133149651972
2 0.100735294118
3 0.15848540146
2 0.131455823293
3 0.134306569343
1 0.0577017114914
3 0.126549652119
2 0.08603117506
3 0.13201986755
2 0.116846210996
2 0.0809659090909
3 0.148782467532
3 0.138524590164
2 0.100582778306
2 0.117626953125
4 0.135869565217
1 0.0538560965101
3 0.184358168761
1 0.0653681855167
2 0.116207386364
4 0.159052958015
3 0.135306078767
3 0.159477459016
3 0.166666666667
3 0.121645619574
4 0.173280370072
3 0.140297704448
3 0.135639450867
1 0.0509889240506
3 0.159749483471
2 0.0998401534527
2 0.109868421053
1 0.0582002457002
3 0.128351873536
3 0.169588235294
2 0.113647959184
3 0.139765563436
2 0.0988437001595
3 0.143888888889
1 0.0631768953069
3 0.118586753731
1 0.068287037037
1 0.0580067766647
3 0.125525700935
4 0.153914424514
3 0.169619000495
1 0.0521802325581
2 0.122843383585
3 0.138252212389
8 0.319951757409
10 0.338771802326
11 0.37681402439
9 0.280802848818
14 0.326462968607
7 0.278131330182
8 0.233699748744
15 0.319101021152
14 0.395848267622
11 0.270073891626
12 0.368188512518
