2 22 711 1777.5 0
2 40 1275 3187.5 0
1 23 364 910.0 0
2 22 636 1590.0 0
1 25 473 1182.5 0
1 31 614 1535.0 0
2 45 1504 3760.0 0
1 13 251 627.5 0
1 21 284 710.0 0
1 24 495 1237.5 0
1 84 1510 3775.0 0
1 29 366 915.0 0
2 15 366 915.0 0
2 24 532 1330.0 0
1 18 299 747.5 0
1 26 421 1052.5 0
1 15 205 512.5 0
1 23 323 807.5 0
1 22 358 895.0 0
1 24 370 925.0 0
2 17 476 1190.0 0
2 38 639 1597.5 0
2 17 548 1370.0 0
1 26 420 1050.0 0
2 166 3678 9195.0 0
3 32 883 2207.5 0
1 8 218 545.0 0
2 16 567 1417.5 0
1 16 351 877.5 0
1 11 212 530.0 0
1 30 496 1240.0 0
2 103 2233 5582.5 0
1 25 370 925.0 0
3 113 4420 11050.0 0
1 18 369 922.5 0
2 13 258 645.0 0
2 24 741 1852.5 0
3 13 517 1292.5 0
2 14 474 1185.0 0
1 17 278 695.0 0
1 26 499 1247.5 0
2 24 854 2135.0 0
2 21 424 1060.0 0
1 20 302 755.0 0
2 10 234 585.0 0
2 19 501 1252.5 0
2 25 671 1677.5 0
3 37 1151 2877.5 0
2 22 503 1257.5 0
2 10 216 540.0 0
2 30 738 1845.0 0
2 1 46 115.0 0
2 14 324 810.0 0
3 12 405 1012.5 0
2 19 380 950.0 0
2 15 275 687.5 0
1 24 454 1135.0 0
1 38 587 1467.5 0
2 12 220 550.0 0
2 20 566 1415.0 0
2 12 300 750.0 0
3 18 525 1312.5 0
1 22 404 1010.0 0
1 68 1021 2552.5 0
1 66 1292 3230.0 0
1 30 401 1002.5 0
2 10 219 547.5 0
2 37 952 2380.0 0
2 12 359 897.5 0
2 22 501 1252.5 0
1 22 384 960.0 0
2 27 679 1697.5 0
1 65 1357 3392.5 0
1 51 1013 2532.5 0
3 28 949 2372.5 0
2 36 987 2467.5 0
1 25 514 1285.0 0
2 24 520 1300.0 0
2 144 4529 11322.5 0
2 22 734 1835.0 0
1 27 369 922.5 0
1 37 589 1472.5 0
2 36 767 1917.5 0
1 15 281 702.5 0
1 20 271 677.5 0
2 28 806 2015.0 0
1 105 1861 4652.5 0
1 5 157 392.5 0
2 40 1163 2907.5 0
2 5 167 417.5 0
2 23 617 1542.5 0
2 20 453 1132.5 0
1 4 46 115.0 0
2 114 3097 7742.5 0
3 8 202 505.0 0
2 25 473 1182.5 0
2 21 424 1060.0 0
3 13 419 1047.5 0
2 35 962 2405.0 0
1 28 634 1585.0 0
2 27 530 1325.0 0
2 77 1990 4975.0 0
1 43 739 1847.5 0
1 15 352 880.0 0
3 30 991 2477.5 0
1 27 400 1000.0 0
2 28 641 1602.5 0
1 25 342 855.0 0
1 24 484 1210.0 0
2 42 935 2337.5 0
1 10 122 305.0 0
3 18 541 1352.5 0
2 34 829 2072.5 0
1 21 404 1010.0 0
3 15 392 980.0 0
1 19 243 607.5 0
2 12 304 760.0 0
2 24 738 1845.0 0
1 23 315 787.5 0
2 20 415 1037.5 0
2 22 625 1562.5 0
2 13 320 800.0 0
1 23 453 1132.5 0
2 52 1222 3055.0 0
3 7 250 625.0 0
1 30 579 1447.5 0
1 4 63 157.5 0
2 26 983 2457.5 0
2 20 587 1467.5 0
1 27 587 1467.5 0
2 34 841 2102.5 0
1 26 438 1095.0 0
1 22 346 865.0 0
2 36 1070 2675.0 0
3 11 292 730.0 0
2 6 125 312.5 0
1 11 153 382.5 0
3 25 522 1305.0 0
3 8 351 877.5 0
2 28 796 1990.0 0
2 24 520 1300.0 0
1 55 807 2017.5 0
3 27 793 1982.5 0
1 22 353 882.5 0
1 17 311 777.5 0
2 23 327 817.5 0
2 30 798 1995.0 0
2 18 440 1100.0 0
1 29 384 960.0 0
1 13 216 540.0 0
3 37 865 2162.5 0
1 35 514 1285.0 0
1 30 532 1330.0 0
1 34 728 1820.0 0
2 10 196 490.0 0
1 21 382 955.0 0
2 19 616 1540.0 0
1 17 320 800.0 0
2 22 486 1215.0 0
2 27 660 1650.0 0
2 129 2843 7107.5 0
1 12 231 577.5 0
1 14 307 767.5 0
1 22 505 1262.5 0
2 27 646 1615.0 0
2 4 84 210.0 0
1 54 830 2075.0 0
2 5 76 190.0 0
3 16 446 1115.0 0
3 22 877 2192.5 0
3 65 2610 6525.0 0
2 51 1038 2595.0 0
1 27 438 1095.0 0
2 22 592 1480.0 0
2 34 802 2005.0 0
1 6 71 177.5 0
2 20 414 1035.0 0
2 18 475 1187.5 0
2 20 268 670.0 0
1 158 2576 6440.0 0
1 25 485 1212.5 0
1 17 250 625.0 0
1 57 1145 2862.5 0
1 12 176 440.0 0
20 14 637 1592.5 0
2 26 627 1567.5 0
1 16 271 677.5 0
2 20 460 1150.0 0
1 27 294 735.0 0
1 119 3120 7800.0 0
1 31 639 1597.5 0
1 21 292 730.0 0
1 13 306 765.0 0
1 37 815 2037.5 0
1 17 225 562.5 0
1 11 123 307.5 0
5 22 1254 3135.0 0
1 32 521 1302.5 0
54 25 1208 3020.0 0
4 32 882 2205.0 0
1 14 362 905.0 0
1 25 413 1032.5 0
1 26 515 1287.5 0
69 21 1012 2530.0 0
1 32 599 1497.5 0
1 21 452 1130.0 0
8 26 994 2485.0 0
1 23 350 875.0 0
1 18 289 722.5 0
60 64 3527 8817.5 0
1 135 2587 6467.5 0
1 103 1355 3387.5 0
1 28 422 1055.0 0
15 20 1315 3287.5 0
2 27 676 1690.0 0
52 6 333 832.5 0
1 35 588 1470.0 0
61 18 559 1397.5 0
1 23 445 1112.5 0
1 25 540 1350.0 0
1 39 585 1462.5 0
3 40 1494 3735.0 0
1 98 1699 4247.5 0
1 21 316 790.0 0
1 13 198 495.0 0
4 30 766 1915.0 0
1 22 416 1040.0 0
4 23 1115 2787.5 0
10 28 2328 5820.0 0
58 29 1328 3320.0 0
2 16 573 1432.5 0
73 50 2377 5942.5 0
2 28 849 2122.5 0
1 16 238 595.0 0
1 24 455 1137.5 0
1 14 284 710.0 0
5 27 1042 2605.0 0
35 24 856 2140.0 0
1 22 381 952.5 0
1 29 356 890.0 0
29 23 1320 3300.0 0
1 29 514 1285.0 0
1 25 503 1257.5 0
10 17 828 2070.0 0
51 33 1504 3760.0 0
1 25 461 1152.5 0
1 38 570 1425.0 0
3 35 1168 2920.0 0
75 18 1612 4030.0 0
43 20 714 1785.0 0
12 21 1726 4315.0 0
27 26 1022 2555.0 0
13 27 1598 3995.0 0
53 35 906 2265.0 0
1 34 627 1567.5 0
3 17 445 1112.5 0
2 12 293 732.5 0
1 25 653 1632.5 0
9 15 851 2127.5 0
11 31 1409 3522.5 0
