2 0.8
2 0.8
1 0.8
1 0.8
1 0.8
2 0.8
2 0.8
3 0.8
1 0.8
2 0.8
3 0.8
1 0.8
2 0.8
2 0.8
1 0.8
1 0.8
1 0.8
2 0.8
1 0.8
2 0.8
2 0.8
1 0.8
1 0.8
1 0.8
1 0.8
2 0.8
3 0.8
2 0.8
3 0.8
2 0.8
1 0.8
2 0.8
3 0.8
3 0.8
1 0.8
1 0.8
1 0.8
1 0.8
2 0.8
1 0.8
1 0.8
1 0.8
1 0.8
2 0.8
3 0.8
1 0.8
2 0.8
3 0.8
1 0.8
2 0.8
1 0.8
2 0.8
2 0.8
3 0.8
2 0.8
2 0.8
1 0.8
1 0.8
2 0.8
1 0.8
1 0.8
2 0.8
1 0.8
1 0.8
2 0.8
3 0.8
2 0.8
2 0.8
2 0.8
1 0.8
1 0.8
2 0.8
2 0.8
1 0.8
1 0.8
1 0.8
1 0.8
2 0.8
1 0.8
1 0.8
1 0.8
2 0.8
2 0.8
2 0.8
2 0.8
2 0.8
3 0.8
1 0.8
3 0.8
1 0.8
1 0.8
1 0.8
1 0.8
2 0.8
1 0.8
2 0.8
2 0.8
3 0.8
3 0.8
2 0.8
1 0.8
1 0.8
1 0.8
1 0.8
2 0.8
4 0.8
8 0.8
3 0.8
3 0.8
4 0.8
9 0.8
3 0.8
3 0.8
12 0.8
