1 31 2045 5153.4 0
1 34 1017 2562.84 0
1 50 1949 4911.48 0
1 91 3290 8290.8 0
2 12 555 1398.6 0
2 34 2050 5166.0 0
1 22 1043 2628.36 0
1 103 3969 10000.0 1
1 27 1296 3265.92 0
2 39 2712 6834.24 0
1 32 1263 3182.76 0
3 21 1224 3084.48 0
3 34 2388 6017.76 0
3 19 1052 2651.04 0
1 24 740 1864.8 0
2 27 2452 6179.04 0
1 11 377 950.04 0
2 10 740 1864.8 0
2 1 86 216.72 0
2 46 1930 4863.6 0
2 35 1665 4195.8 0
1 27 1235 3112.2 0
3 19 1017 2562.84 0
2 22 1056 2661.12 0
1 18 849 2139.48 0
2 18 997 2512.44 0
1 111 3969 10000.0 1
2 27 852 2147.04 0
2 26 2031 5118.12 0
1 43 1334 3361.68 0
1 22 976 2459.52 0
2 37 1889 4760.28 0
2 107 7138 17985.88 0
1 21 766 1930.32 0
2 5 296 745.92 0
2 56 4079 10279.08 0
2 28 1947 4906.44 0
2 10 464 1169.28 0
1 38 1490 3754.8 0
2 32 1470 3704.4 0
2 29 1796 4525.92 0
1 30 1381 3480.12 0
1 21 665 1675.8 0
2 6 326 821.52 0
3 32 2425 6111.0 0
1 6 268 675.36 0
1 22 1002 2525.04 0
3 25 2114 5327.28 0
2 17 770 1940.4 0
2 23 1295 3263.4 0
2 128 7938 20000.0 1
1 12 438 1103.76 0
3 31 1523 3837.96 0
2 10 657 1655.64 0
2 24 1148 2892.96 0
1 34 1402 3533.04 0
1 29 900 2268.0 0
2 34 2323 5853.96 0
2 64 4392 11067.84 0
2 14 1373 3459.96 0
1 27 1236 3114.72 0
1 19 709 1786.68 0
1 6 209 526.68 0
3 19 1662 4188.24 0
3 26 1609 4054.68 0
2 22 906 2283.12 0
1 25 1116 2812.32 0
2 21 1101 2774.52 0
1 26 770 1940.4 0
1 11 370 932.4 0
2 22 868 2187.36 0
2 18 842 2121.84 0
1 26 885 2230.2 0
1 25 666 1678.32 0
1 19 801 2018.52 0
1 16 552 1391.04 0
2 30 1704 4294.08 0
2 95 6573 16562.08 0
2 18 707 1781.64 0
2 24 1899 4785.48 0
1 37 1597 4024.44 0
1 19 1032 2600.64 0
3 59 4498 11334.96 0
2 17 922 2323.44 0
1 27 870 2192.4 0
2 34 1431 3606.12 0
2 63 4104 10342.08 0
1 3 53 133.56 0
2 17 1069 2693.88 0
1 26 1052 2651.04 0
2 14 797 2008.44 0
1 6 370 932.4 0
3 23 1966 4954.32 0
1 24 980 2469.6 0
2 28 1778 4480.56 0
2 47 3429 8641.08 0
1 19 775 1953.0 0
1 22 1186 2988.72 0
2 42 1677 4226.04 0
3 35 2266 5710.32 0
1 19 648 1632.96 0
3 96 8963 22584.88 0
1 22 1346 3391.92 0
1 27 1201 3026.52 0
3 10 866 2182.32 0
3 23 1196 3013.92 0
1 1 59 148.68 0
5 50 7695 19391.4 0
11 31 2282 5750.64 0
10 9 1342 3381.84 0
12 11 929 2341.08 0
11 22 1582 3986.64 0
6 15 1188 2993.76 0
5 37 2400 6048.0 0
9 24 3347 8434.44 0
4 209 15876 40000.0 1
5 32 2689 6776.28 0
8 24 1945 4901.4 0
5 70 4691 11821.32 0
10 108 13343 33622.48 0
4 22 1693 4266.36 0
4 25 1316 3316.32 0
