1 0.56
1 0.56
1 0.56
1 0.56
2 0.56
2 0.56
1 0.56
1 0.559894739789
1 0.56
2 0.56
1 0.56
3 0.56
3 0.56
3 0.56
1 0.56
2 0.56
1 0.56
2 0.56
2 0.56
2 0.56
2 0.56
1 0.56
3 0.56
2 0.56
1 0.56
2 0.56
1 0.559894739789
2 0.56
2 0.56
1 0.56
1 0.56
2 0.56
2 0.559941471312
1 0.56
2 0.56
2 0.56
2 0.56
2 0.56
1 0.56
2 0.56
2 0.56
1 0.56
1 0.56
2 0.56
3 0.56
1 0.56
1 0.56
3 0.56
2 0.56
2 0.56
2 0.559894739789
1 0.56
3 0.56
2 0.56
2 0.56
1 0.56
1 0.56
2 0.56
2 0.56
2 0.56
1 0.56
1 0.56
1 0.56
3 0.56
3 0.56
2 0.56
1 0.56
2 0.56
1 0.56
1 0.56
2 0.56
2 0.56
1 0.56
1 0.56
1 0.56
1 0.56
2 0.56
2 0.55993644032
2 0.56
2 0.56
1 0.56
1 0.56
3 0.56
2 0.56
1 0.56
2 0.56
2 0.56
1 0.56
2 0.56
1 0.56
2 0.56
1 0.56
3 0.56
1 0.56
2 0.56
2 0.56
1 0.56
1 0.56
2 0.56
3 0.56
1 0.56
3 0.559953388622
1 0.56
1 0.56
3 0.56
3 0.56
1 0.56
5 0.56
11 0.56
10 0.56
12 0.56
11 0.56
6 0.56
5 0.56
9 0.56
4 0.559894739789
5 0.56
8 0.56
5 0.56
10 0.559968689367
4 0.56
4 0.56
