1 14 1739 2608.5 0
4 81 20065 30096.5 0
4 13 2269 3403.5 0
2 29 3095 4642.5 0
2 28 3165 4747.5 0
1 30 2129 3193.5 0
3 11 2077 3115.5 0
3 24 2672 4008.0 0
4 118 26668 40000.0 1
4 43 5983 8974.5 0
2 21 1875 2812.5 0
1 24 3305 4957.5 0
3 8 2014 3021.0 0
4 25 4327 6490.5 0
2 7 1216 1824.0 0
3 25 3446 5169.0 0
1 22 2362 3543.0 0
1 36 4394 6591.0 0
3 22 3305 4957.5 0
3 39 5139 7708.5 0
3 38 4894 7341.0 0
1 4 570 855.0 0
1 21 2210 3315.0 0
1 74 6317 9475.5 0
1 24 3069 4603.5 0
1 15 1194 1791.0 0
4 22 2862 4293.0 0
1 26 2815 4222.5 0
4 4 841 1261.5 0
4 48 5021 7531.5 0
4 32 4524 6786.0 0
2 12 990 1485.0 0
3 36 4867 7300.5 0
4 19 2181 3271.5 0
1 28 2770 4155.0 0
1 27 2119 3178.5 0
4 9 1192 1788.0 0
4 23 2807 4210.5 0
2 6 636 954.0 0
3 15 2094 3141.0 0
2 25 2603 3904.5 0
3 14 2515 3772.5 0
3 17 2676 4014.0 0
4 23 4751 7126.5 0
3 24 2569 3853.5 0
1 9 874 1311.0 0
1 26 2728 4092.0 0
3 37 5434 8151.0 0
4 13 3731 5596.5 0
4 16 2849 4273.5 0
2 8 721 1081.5 0
4 40 7597 11395.5 0
2 17 3487 5230.5 0
3 23 3189 4783.5 0
2 16 2090 3135.0 0
2 21 2161 3241.5 0
3 19 2669 4003.5 0
4 27 3359 5038.5 0
2 13 1274 1911.0 0
1 17 2149 3223.5 0
2 33 3996 5994.0 0
1 30 2377 3565.5 0
3 29 4246 6369.0 0
1 21 2979 4468.5 0
1 36 2838 4257.0 0
2 25 2586 3879.0 0
3 24 2151 3226.5 0
1 16 842 1263.0 0
1 20 1530 2295.0 0
3 15 2113 3169.5 0
1 53 4044 6066.0 0
4 16 1958 2937.0 0
1 10 1568 2352.0 0
2 22 2084 3126.0 0
3 14 3387 5080.5 0
2 33 4419 6628.5 0
3 13 2980 4470.0 0
3 48 5231 7846.5 0
4 52 7529 11293.5 0
3 5 1261 1891.5 0
3 18 2214 3321.0 0
4 59 10957 16435.5 0
2 23 2020 3030.0 0
1 28 3055 4582.5 0
3 39 6505 9757.5 0
3 33 5637 8455.5 0
1 10 2058 3087.0 0
4 67 8080 12120.0 0
3 13 1359 2038.5 0
3 3 692 1038.0 0
3 28 4070 6105.0 0
3 11 2338 3507.0 0
2 8 913 1369.5 0
1 21 2028 3042.0 0
4 29 3282 4923.0 0
2 25 2300 3450.0 0
