1 0.75
1 0.749737591843
2 0.75
1 0.75
3 0.749854928293
2 0.75
1 0.75
2 0.75
3 0.75
1 0.75
1 0.75
2 0.75
3 0.75
3 0.75
1 0.749737591843
1 0.75
1 0.75
1 0.75
1 0.75
3 0.75
3 0.75
3 0.749846612324
2 0.75
3 0.749844981841
1 0.749737591843
1 0.749737591843
3 0.75
1 0.75
2 0.749737591843
2 0.75
1 0.75
3 0.749877347911
1 0.75
1 0.75
2 0.75
1 0.75
3 0.75
3 0.75
1 0.749737591843
2 0.749839478995
2 0.75
2 0.75
2 0.75
2 0.75
2 0.75
1 0.75
3 0.75
3 0.75
3 0.75
1 0.75
2 0.75
2 0.749737591843
2 0.75
1 0.75
2 0.75
1 0.75
1 0.75
2 0.75
1 0.75
2 0.749840270172
2 0.75
1 0.75
1 0.75
3 0.75
3 0.75
3 0.749892214831
2 0.75
1 0.75
2 0.75
1 0.75
1 0.75
2 0.75
2 0.75
3 0.74987745098
2 0.75
2 0.75
2 0.75
1 0.749737591843
2 0.749737591843
3 0.75
2 0.75
1 0.749737591843
3 0.75
2 0.749737591843
3 0.749851114514
1 0.75
1 0.75
1 0.75
1 0.75
2 0.75
3 0.75
1 0.749737591843
2 0.75
2 0.749851531348
1 0.75
2 0.75
1 0.75
1 0.749737591843
1 0.75
1 0.749737591843
1 0.75
1 0.749737591843
2 0.75
2 0.75
6 0.75
4 0.749888421321
9 0.749927319545
9 0.75
10 0.75
7 0.75
7 0.75
7 0.749869617047
12 0.75
