2 32 292 7300 0
1 14 122 3050 0
2 32 485 12125 0
2 16 135 3375 0
2 27 253 6325 0
2 29 266 6650 0
2 33 298 7450 0
3 15 219 5475 0
1 33 350 8750 0
2 28 201 5025 0
1 24 235 5875 0
1 12 108 2700 0
2 33 342 8550 0
2 16 225 5625 0
2 8 40 1000 0
2 15 104 2600 0
1 23 135 3375 0
2 49 328 8200 0
1 28 162 4050 0
2 20 186 4650 0
1 31 266 6650 0
2 35 366 9150 0
1 20 177 4425 0
1 57 400 10000 1
2 21 153 3825 0
1 22 196 4900 0
2 12 95 2375 0
2 20 207 5175 0
1 17 132 3300 0
2 58 546 13650 0
2 29 348 8700 0
2 25 240 6000 0
2 26 171 4275 0
1 9 107 2675 0
2 64 536 13400 0
2 29 377 9425 0
1 59 351 8775 0
2 60 657 16425 0
3 23 292 7300 0
3 50 576 14400 0
1 24 274 6850 0
1 15 146 3650 0
3 18 305 7625 0
2 18 181 4525 0
2 53 466 11650 0
2 16 139 3475 0
3 30 508 12700 0
2 15 243 6075 0
2 19 277 6925 0
2 142 800 20000 1
1 36 256 6400 0
1 33 305 7625 0
1 10 87 2175 0
3 34 421 10525 0
2 61 436 10900 0
1 6 103 2575 0
1 4 47 1175 0
2 16 161 4025 0
1 31 320 8000 0
1 24 171 4275 0
1 36 399 9975 0
1 27 238 5950 0
1 28 254 6350 0
1 15 150 3750 0
3 17 201 5025 0
2 23 280 7000 0
2 19 296 7400 0
1 31 296 7400 0
3 24 203 5075 0
1 22 196 4900 0
2 132 800 20000 1
2 19 163 4075 0
1 31 220 5500 0
1 24 228 5700 0
2 27 209 5225 0
1 1 11 275 0
2 15 125 3125 0
3 50 629 15725 0
2 12 130 3250 0
2 25 283 7075 0
2 17 148 3700 0
2 17 157 3925 0
2 11 69 1725 0
2 27 246 6150 0
2 31 208 5200 0
2 39 378 9450 0
2 14 179 4475 0
2 15 146 3650 0
3 39 304 7600 0
2 14 150 3750 0
2 21 270 6750 0
1 1 10 250 0
2 5 46 1150 0
1 49 400 10000 1
3 5 104 2600 0
2 26 245 6125 0
1 41 367 9175 0
2 23 194 4850 0
2 24 307 7675 0
2 26 184 4600 0
2 23 263 6575 0
1 16 119 2975 0
1 22 231 5775 0
2 20 201 5025 0
1 19 179 4475 0
2 15 213 5325 0
2 7 66 1650 0
2 28 273 6825 0
3 33 257 6425 0
1 29 202 5050 0
3 22 199 4975 0
1 25 161 4025 0
2 42 371 9275 0
2 31 281 7025 0
2 21 137 3425 0
1 28 338 8450 0
2 15 109 2725 0
2 63 722 18050 0
2 11 123 3075 0
1 25 166 4150 0
2 29 251 6275 0
2 15 134 3350 0
2 21 184 4600 0
2 1 12 300 0
2 18 208 5200 0
2 38 394 9850 0
2 17 270 6750 0
1 4 57 1425 0
2 15 133 3325 0
3 33 530 13250 0
1 24 174 4350 0
1 8 79 1975 0
2 14 131 3275 0
1 12 125 3125 0
2 21 147 3675 0
1 8 64 1600 0
2 35 235 5875 0
3 23 263 6575 0
2 26 291 7275 0
1 18 117 2925 0
2 28 457 11425 0
1 12 76 1900 0
3 23 229 5725 0
2 33 243 6075 0
2 35 447 11175 0
3 26 248 6200 0
1 18 203 5075 0
3 75 843 21075 0
2 18 312 7800 0
1 3 34 850 0
3 29 198 4950 0
1 30 212 5300 0
2 24 150 3750 0
1 22 261 6525 0
1 26 400 10000 1
1 28 156 3900 0
2 22 200 5000 0
1 23 211 5275 0
2 25 171 4275 0
1 15 143 3575 0
2 47 532 13300 0
2 31 211 5275 0
3 28 413 10325 0
1 4 42 1050 0
2 19 190 4750 0
1 35 255 6375 0
1 24 211 5275 0
1 19 163 4075 0
2 26 246 6150 0
1 27 290 7250 0
1 79 400 10000 1
2 32 342 8550 0
2 4 32 800 0
1 10 73 1825 0
2 17 116 2900 0
2 28 218 5450 0
1 21 121 3025 0
2 26 334 8350 0
3 67 751 18775 0
3 57 655 16375 0
1 25 273 6825 0
59 25 404 10100 0
1 23 314 7850 0
1 25 197 4925 0
4 22 403 10075 0
1 31 313 7825 0
15 23 295 7375 0
1 15 106 2650 0
42 15 168 4200 0
5 16 222 5550 0
1 26 182 4550 0
1 23 154 3850 0
1 21 153 3825 0
1 20 198 4950 0
1 1 13 325 0
1 25 266 6650 0
2 14 154 3850 0
1 12 89 2225 0
1 27 252 6300 0
1 53 331 8275 0
5 1 16 400 0
16 34 351 8775 0
7 63 701 17525 0
1 16 139 3475 0
15 19 393 9825 0
53 37 288 7200 0
3 13 184 4600 0
4 22 245 6125 0
1 15 111 2775 0
7 20 406 10150 0
2 26 238 5950 0
4 19 365 9125 0
1 10 79 1975 0
7 16 212 5300 0
8 9 134 3350 0
11 36 386 9650 0
1 32 282 7050 0
7 14 158 3950 0
5 19 215 5375 0
9 15 160 4000 0
1 23 153 3825 0
22 37 857 21425 0
1 18 109 2725 0
1 17 163 4075 0
1 19 222 5550 0
8 19 262 6550 0
1 19 315 7875 0
1 17 160 4000 0
14 73 754 18850 0
1 17 115 2875 0
1 43 257 6425 0
7 22 227 5675 0
2 25 180 4500 0
1 22 142 3550 0
2 27 177 4425 0
1 24 167 4175 0
4 11 169 4225 0
1 26 181 4525 0
1 25 180 4500 0
11 28 445 11125 0
2 21 157 3925 0
2 24 241 6025 0
1 67 400 10000 1
1 37 270 6750 0
2 19 209 5225 0
1 33 334 8350 0
1 20 186 4650 0
1 24 135 3375 0
1 18 184 4600 0
9 42 528 13200 0
2 8 79 1975 0
1 92 400 10000 1
1 19 199 4975 0
70 22 251 6275 0
1 5 55 1375 0
58 21 285 7125 0
20 24 269 6725 0
1 44 338 8450 0
1 17 244 6100 0
1 24 144 3600 0
