3 25 299 17920 0
1 8 106 6360 0
2 28 284 17020 0
3 30 256 15360 0
1 19 167 10000 1
2 5 37 2220 0
1 16 88 5280 0
4 7 53 3180 0
4 29 146 8760 0
2 32 181 10860 0
1 11 71 4260 0
2 75 334 20000 1
1 27 155 9300 0
1 8 66 3960 0
1 3 24 1440 0
4 40 374 22420 0
3 30 355 21280 0
4 8 52 3120 0
1 41 167 10000 1
2 2 24 1440 0
1 26 167 10000 1
1 25 156 9360 0
4 16 84 5040 0
3 0 0 0 0
3 61 487 29180 0
1 7 37 2220 0
3 35 321 19240 0
1 12 139 8340 0
2 9 94 5640 0
2 11 78 4680 0
3 15 100 6000 0
1 15 140 8400 0
2 32 168 10080 0
4 7 95 5700 0
3 15 90 5400 0
1 28 167 10000 1
3 21 152 9120 0
4 14 84 5040 0
1 27 167 10000 1
1 15 64 3840 0
4 20 104 6240 0
1 5 47 2820 0
4 18 96 5760 0
1 25 167 10000 1
1 30 143 8580 0
3 9 63 3780 0
2 44 334 20000 1
2 14 120 7200 0
2 33 235 14080 0
3 17 95 5700 0
2 20 101 6060 0
1 19 113 6780 0
1 32 167 10000 1
1 8 66 3960 0
3 20 137 8220 0
2 34 321 19240 0
1 24 120 7200 0
2 16 73 4380 0
3 20 99 5940 0
3 12 90 5400 0
3 16 83 4980 0
4 26 218 13080 0
2 10 80 4800 0
4 30 229 13720 0
2 44 334 20000 1
2 44 242 14500 0
3 37 316 18940 0
2 16 110 6600 0
4 38 240 14400 0
1 22 167 10000 1
2 25 155 9300 0
3 18 102 6120 0
2 16 192 11500 0
1 28 167 10000 1
2 27 145 8700 0
2 13 111 6660 0
2 15 168 10080 0
1 31 167 10000 1
2 26 214 12820 0
3 22 202 12120 0
1 28 167 10000 1
2 33 334 20000 1
1 20 124 7440 0
3 19 158 9480 0
3 15 112 6720 0
2 33 200 12000 0
3 20 105 6300 0
1 12 70 4200 0
4 16 133 7980 0
4 11 105 6300 0
2 10 51 3060 0
2 64 334 20000 1
1 26 167 10000 1
4 0 0 0 0
4 40 365 21880 0
2 34 334 20000 1
2 20 183 10980 0
2 26 289 17320 0
3 27 151 9060 0
1 65 167 10000 1
2 25 264 15820 0
3 26 180 10800 0
3 5 40 2400 0
3 28 162 9720 0
1 92 167 10000 1
3 28 292 17500 0
4 9 117 7020 0
1 21 167 10000 1
1 33 167 10000 1
3 22 220 13180 0
4 39 372 22300 0
3 12 105 6300 0
2 26 305 18280 0
1 23 125 7500 0
