1 0.996512207275
2 0.996512207275
1 0.996512207275
2 0.996512207275
1 0.996512207275
2 0.996512207275
2 0.996512207275
1 0.996512207275
1 0.996512207275
1 0.996512207275
1 0.996512207275
1 0.996512207275
2 0.996512207275
1 0.996512207275
2 0.996512207275
1 0.996512207275
3 0.996512207275
1 0.996512207275
1 0.996512207275
3 0.996512207275
1 0.996512207275
1 0.996512207275
1 0.996512207275
2 0.996512207275
1 0.996512207275
2 0.996512207275
2 0.996512207275
1 0.996512207275
1 0.996512207275
1 0.996512207275
2 0.996512207275
1 0.996512207275
1 0.996512207275
1 0.996512207275
1 0.996512207275
1 0.996512207275
2 0.996512207275
3 0.996512207275
1 0.996512207275
2 0.996512207275
1 0.996512207275
1 0.996512207275
1 0.996512207275
2 0.996512207275
2 0.996512207275
2 0.996512207275
1 0.996512207275
2 0.996512207275
1 0.996512207275
1 0.996512207275
1 0.996512207275
1 0.996512207275
2 0.996512207275
2 0.996512207275
1 0.996512207275
1 0.996512207275
1 0.996512207275
1 0.996512207275
1 0.996512207275
1 0.996512207275
2 0.996512207275
1 0.996512207275
1 0.996512207275
1 0.996512207275
1 0.996512207275
1 0.996512207275
1 0.996512207275
1 0.996512207275
1 0.996512207275
1 0.996512207275
1 0.996512207275
1 0.996512207275
1 0.996512207275
4 0.996512207275
2 0.996512207275
