2 18 224 20000 1
3 8 77 6930 0
4 24 264 23760 0
3 21 284 25400 0
2 25 224 20000 1
1 16 112 10000 1
1 32 112 10000 1
2 31 224 20000 1
1 12 97 8730 0
3 47 336 30000 1
2 7 69 6210 0
1 22 112 10000 1
2 21 182 16300 0
2 30 224 20000 1
1 17 112 10000 1
2 26 224 20000 1
3 26 336 30000 1
2 3 39 3510 0
3 28 274 24660 0
1 15 112 10000 1
1 22 112 10000 1
1 16 112 10000 1
2 1 11 990 0
3 17 149 13410 0
3 19 247 22230 0
3 1 13 1170 0
1 4 48 4320 0
2 25 224 20000 1
1 6 86 7740 0
1 20 112 10000 1
3 66 336 30000 1
1 22 112 10000 1
2 3 32 2880 0
1 18 112 10000 1
4 41 448 40000 1
2 30 224 20000 1
1 1 13 1170 0
3 30 336 30000 1
1 15 112 10000 1
2 5 60 5400 0
4 21 216 19360 0
1 12 112 10000 1
1 24 112 10000 1
1 33 112 10000 1
3 15 269 24050 0
1 22 112 10000 1
1 24 112 10000 1
1 44 112 10000 1
3 31 336 30000 1
3 39 336 30000 1
2 4 46 4140 0
3 3 47 4230 0
1 44 112 10000 1
4 21 227 20430 0
3 31 336 30000 1
1 11 73 6570 0
4 25 448 40000 1
4 33 448 40000 1
3 25 336 30000 1
1 8 70 6300 0
1 23 112 10000 1
4 22 197 17730 0
4 19 274 24580 0
1 19 112 10000 1
1 25 112 10000 1
1 15 112 10000 1
2 42 224 20000 1
1 5 40 3600 0
2 24 224 20000 1
2 12 152 13600 0
2 23 207 18630 0
1 0 0 0 0
2 49 224 20000 1
3 24 336 30000 1
4 7 65 5850 0
2 17 224 20000 1
1 9 73 6570 0
1 11 112 10000 1
2 10 135 12070 0
4 10 138 12420 0
3 30 308 27560 0
3 32 251 22590 0
3 18 138 12420 0
1 0 0 0 0
1 13 112 10000 1
3 43 336 30000 1
3 20 206 18460 0
1 4 47 4230 0
4 30 315 28270 0
3 7 64 5760 0
1 22 112 10000 1
3 16 288 25760 0
3 17 315 28190 0
2 5 110 9900 0
1 29 112 10000 1
4 51 448 40000 1
2 28 224 20000 1
2 20 204 18280 0
3 13 95 8550 0
4 10 72 6480 0
2 25 224 20000 1
3 6 88 7920 0
4 13 166 14860 0
1 3 24 2160 0
4 23 400 35760 0
3 15 113 10170 0
2 21 210 18820 0
4 11 143 12870 0
4 6 57 5130 0
3 14 115 10350 0
2 4 39 3510 0
4 11 160 14400 0
1 28 112 10000 1
3 22 311 27830 0
4 10 95 8550 0
4 9 97 8730 0
