1 2.08333333333
1 2.08333333333
2 2.08333333333
3 2.08333333333
2 2.08333333333
2 2.08333333333
1 2.08333333333
1 2.08333333333
1 2.08333333333
3 2.08333333333
1 2.08333333333
1 2.08333333333
2 2.08333333333
1 2.08333333333
2 2.08333333333
2 2.08333333333
1 2.08333333333
1 2.08333333333
3 2.08333333333
2 2.08333333333
1 2.08333333333
1 2.08333333333
1 2.08333333333
2 2.08333333333
3 2.08333333333
1 2.08333333333
1 2.08333333333
2 2.08333333333
2 2.08333333333
2 2.08333333333
2 2.08333333333
1 2.08333333333
2 2.08333333333
1 2.08333333333
1 2.08333333333
1 2.08333333333
1 2.08333333333
2 2.08333333333
2 2.08333333333
2 2.08333333333
2 2.08333333333
1 2.08333333333
3 2.08333333333
1 2.08333333333
3 2.08333333333
2 2.08333333333
3 2.08333333333
2 2.08333333333
1 2.08333333333
2 2.08333333333
3 2.08333333333
2 2.08333333333
2 2.08333333333
2 2.08333333333
3 2.08333333333
1 2.08333333333
3 2.08333333333
2 2.08333333333
2 2.08333333333
2 2.08333333333
3 2.08333333333
2 2.08333333333
2 2.08333333333
2 2.08333333333
2 2.08333333333
3 2.08333333333
2 2.08333333333
2 2.08333333333
2 2.08333333333
1 2.08333333333
3 2.08333333333
3 2.08333333333
1 2.08333333333
3 2.08333333333
1 2.08333333333
3 2.08333333333
1 2.08333333333
2 2.08333333333
2 2.08333333333
3 2.08333333333
1 2.08333333333
1 2.08333333333
1 2.08333333333
1 2.08333333333
1 2.08333333333
2 2.08333333333
1 2.08333333333
2 2.08333333333
2 2.08333333333
3 2.08333333333
1 2.08333333333
3 2.08333333333
2 2.08333333333
3 2.08333333333
1 2.08333333333
1 2.08333333333
2 2.08333333333
1 2.08333333333
2 2.08333333333
1 2.08333333333
2 2.08333333333
2 2.08333333333
2 2.08333333333
3 2.08333333333
2 2.08333333333
1 2.08333333333
3 2.08333333333
2 2.08333333333
1 2.08333333333
1 2.08333333333
2 2.08333333333
1 2.08333333333
1 2.08333333333
1 2.08333333333
2 2.08333333333
1 2.08333333333
2 2.08333333333
1 2.08333333333
1 2.08333333333
2 2.08333333333
1 2.08333333333
1 2.08333333333
1 2.08333333333
2 2.08333333333
1 2.08333333333
2 2.08333333333
1 2.08333333333
1 2.08333333333
1 2.08333333333
5 2.08333333333
8 2.08333333333
1 2.08333333333
10 2.08333333333
7 2.08333333333
10 2.08333333333
7 2.08333333333
5 2.08333333333
4 2.08333333333
5 2.08333333333
9 2.08333333333
5 2.08333333333
9 2.08333333333
