3 40 295 29595 0
3 16 83 8383 0
1 14 34 3434 0
1 28 65 6565 0
1 8 27 2727 0
2 41 169 17069 0
1 20 72 7272 0
3 40 262 26362 0
2 14 46 4646 0
1 8 35 3535 0
3 8 48 4848 0
2 10 57 5757 0
1 3 6 606 0
2 5 17 1717 0
1 5 20 2020 0
1 23 54 5454 0
3 9 47 4747 0
1 48 100 10000 1
1 30 75 7575 0
2 20 69 6969 0
2 27 92 9292 0
2 69 200 20000 1
1 12 26 2626 0
1 33 69 6969 0
2 21 97 9797 0
1 45 100 10000 1
1 28 85 8585 0
1 30 85 8585 0
2 21 74 7474 0
2 17 58 5858 0
1 3 15 1515 0
2 5 24 2424 0
1 5 25 2525 0
3 30 149 15049 0
1 29 69 6969 0
3 24 95 9595 0
1 23 52 5252 0
2 22 113 11413 0
3 20 105 10605 0
1 30 78 7878 0
1 32 74 7474 0
1 27 66 6666 0
1 11 28 2828 0
2 4 21 2121 0
3 22 140 14140 0
1 12 28 2828 0
1 32 79 7979 0
2 6 23 2323 0
1 21 39 3939 0
1 29 78 7878 0
1 5 28 2828 0
2 18 102 10302 0
1 14 29 2929 0
2 20 83 8383 0
2 25 123 12423 0
3 102 300 30000 1
2 23 76 7676 0
2 40 200 20000 1
3 23 111 11211 0
2 1 5 505 0
2 10 57 5757 0
1 1 4 404 0
3 31 139 14039 0
2 26 84 8484 0
3 9 47 4747 0
1 1 5 505 0
3 29 186 18786 0
1 20 50 5050 0
3 61 300 30000 1
2 8 50 5050 0
1 18 47 4747 0
3 4 25 2525 0
2 16 64 6464 0
1 28 92 9292 0
2 26 113 11413 0
3 13 75 7575 0
2 10 37 3737 0
2 8 31 3131 0
2 38 160 16160 0
2 27 140 14140 0
1 11 35 3535 0
2 21 74 7474 0
1 23 43 4343 0
2 30 130 13130 0
2 28 90 9090 0
3 32 230 23130 0
1 23 46 4646 0
2 24 119 12019 0
2 22 92 9292 0
1 2 6 606 0
2 3 16 1616 0
2 10 39 3939 0
2 74 200 20000 1
2 23 94 9494 0
1 21 66 6666 0
3 22 111 11211 0
3 16 137 13837 0
1 10 38 3838 0
1 32 100 10000 1
1 15 35 3535 0
2 2 10 1010 0
2 8 49 4949 0
1 15 54 5454 0
2 11 35 3535 0
3 13 82 8282 0
2 17 65 6565 0
2 5 18 1818 0
11 31 177 17877 0
8 29 394 39794 0
11 62 1084 108584 0
4 20 177 17877 0
12 13 97 9797 0
4 30 215 21715 0
5 16 129 13029 0
