3 2.67525423729
3 2.69333333333
1 2.69333333333
1 2.69333333333
1 2.69333333333
2 2.69333333333
1 2.69333333333
3 2.68315521628
2 2.69333333333
1 2.69333333333
3 2.69333333333
2 2.69333333333
1 2.69333333333
2 2.69333333333
1 2.69333333333
1 2.69333333333
3 2.69333333333
1 2.66666666667
1 2.69333333333
2 2.69333333333
2 2.69333333333
2 2.66666666667
1 2.69333333333
1 2.69333333333
2 2.69333333333
1 2.66666666667
1 2.69333333333
1 2.69333333333
2 2.69333333333
2 2.69333333333
1 2.69333333333
2 2.69333333333
1 2.69333333333
3 2.69333333333
1 2.69333333333
3 2.69333333333
1 2.69333333333
2 2.69333333333
3 2.69333333333
1 2.69333333333
1 2.69333333333
1 2.69333333333
1 2.69333333333
2 2.69333333333
3 2.69333333333
1 2.69333333333
1 2.69333333333
2 2.69333333333
1 2.69333333333
1 2.69333333333
1 2.69333333333
2 2.69333333333
1 2.69333333333
2 2.69333333333
2 2.69333333333
3 2.66666666667
2 2.69333333333
2 2.66666666667
3 2.69333333333
2 2.69333333333
2 2.69333333333
1 2.69333333333
3 2.69333333333
2 2.69333333333
3 2.69333333333
1 2.69333333333
3 2.69333333333
1 2.69333333333
3 2.66666666667
2 2.69333333333
1 2.69333333333
3 2.69333333333
2 2.69333333333
1 2.69333333333
2 2.69333333333
3 2.69333333333
2 2.69333333333
2 2.69333333333
2 2.69333333333
2 2.69333333333
1 2.69333333333
2 2.69333333333
1 2.69333333333
2 2.69333333333
2 2.69333333333
3 2.68173913043
1 2.69333333333
2 2.69333333333
2 2.69333333333
1 2.69333333333
2 2.69333333333
2 2.69333333333
2 2.66666666667
2 2.69333333333
1 2.69333333333
3 2.69333333333
3 2.69333333333
1 2.69333333333
1 2.66666666667
1 2.69333333333
2 2.69333333333
2 2.69333333333
1 2.69333333333
2 2.69333333333
3 2.69333333333
2 2.69333333333
2 2.69333333333
11 2.69333333333
8 2.69333333333
11 2.67119311193
4 2.69333333333
12 2.69333333333
4 2.69333333333
5 2.69333333333
