1 2 10 1620 0
1 10 34 5508 0
2 50 124 20000 1
2 3 32 5199 0
1 18 56 9072 0
2 19 87 14094 0
1 11 32 5184 0
2 4 24 3899 0
2 17 79 12798 0
3 1 10 1620 0
1 12 51 8262 0
1 5 32 5184 0
2 13 102 16561 0
2 19 79 12818 0
3 1 11 1782 0
2 28 124 20000 1
2 26 124 20000 1
2 18 119 19245 0
1 19 56 9072 0
1 35 62 10000 1
3 3 27 4414 0
3 12 102 16550 0
1 23 62 10000 1
1 2 12 1944 0
1 21 62 10000 1
2 9 61 9882 0
1 45 62 10000 1
2 25 124 20000 1
1 14 62 10000 1
3 41 186 30000 1
2 25 107 17334 0
2 15 76 12312 0
2 8 63 10217 0
2 4 25 4050 0
3 1 11 1782 0
3 2 24 3900 0
2 16 71 11502 0
1 14 62 10000 1
1 9 39 6318 0
3 1 14 2268 0
2 19 88 14256 0
2 26 109 17614 0
3 14 126 20425 0
1 4 18 2916 0
1 10 51 8262 0
3 4 48 7776 0
2 32 124 20000 1
2 5 51 8277 0
1 50 62 10000 1
1 31 62 10000 1
2 14 76 12312 0
2 27 124 20000 1
3 4 50 8115 0
2 10 42 6804 0
2 34 124 20000 1
1 12 31 5022 0
2 32 124 20000 1
1 6 15 2430 0
3 5 42 6804 0
2 13 83 13446 0
2 33 124 20000 1
1 21 62 10000 1
2 30 124 20000 1
3 20 123 19926 0
1 35 62 10000 1
1 7 30 4860 0
2 1 11 1782 0
2 1 10 1620 0
2 15 102 16524 0
1 13 39 6318 0
1 6 30 4860 0
1 24 62 10000 1
3 24 185 29897 0
1 18 62 10000 1
1 37 62 10000 1
2 16 77 12474 0
3 15 128 20766 0
3 11 91 14757 0
2 1 11 1782 0
3 5 45 7290 0
3 5 47 7690 0
3 4 43 6966 0
1 1 6 972 0
1 3 18 2916 0
3 19 114 18468 0
2 27 124 20000 1
2 6 23 3726 0
2 20 118 19072 0
3 20 168 27292 0
1 2 11 1782 0
1 58 62 10000 1
1 5 21 3402 0
2 31 124 20000 1
1 16 62 10000 1
2 5 31 5022 0
1 31 62 10000 1
2 17 101 16362 0
2 8 38 6158 0
1 28 62 10000 1
3 32 186 30000 1
1 6 27 4374 0
2 35 124 20000 1
2 18 110 17800 0
2 32 124 20000 1
1 23 62 10000 1
3 13 75 12150 0
1 8 58 9396 0
8 21 240 38927 0
3 10 78 12656 0
11 27 682 110000 1
12 35 744 120000 1
11 18 383 62396 0
6 15 152 24637 0
5 6 60 9720 0
12 8 73 11826 0
