1 2.54117647059
1 2.54117647059
2 2.53004427577
2 2.54852941176
1 2.54117647059
2 2.54117647059
1 2.54117647059
2 2.54836601307
2 2.54117647059
3 2.54117647059
1 2.54117647059
1 2.54117647059
2 2.54686658977
2 2.54514767932
3 2.54117647059
2 2.53004427577
2 2.53004427577
2 2.5368264953
1 2.54117647059
1 2.53004427577
3 2.56441539579
3 2.54517493272
1 2.53004427577
1 2.54117647059
1 2.53004427577
2 2.54117647059
1 2.53004427577
2 2.53004427577
1 2.53004427577
3 2.53004427577
2 2.54117647059
2 2.54117647059
2 2.54391534392
2 2.54117647059
3 2.54117647059
3 2.54901960784
2 2.54117647059
1 2.53004427577
1 2.54117647059
3 2.54117647059
2 2.54117647059
2 2.53484439647
3 2.54279489574
1 2.54117647059
1 2.54117647059
3 2.54117647059
2 2.53004427577
2 2.54579008074
1 2.53004427577
1 2.53004427577
2 2.54117647059
2 2.53004427577
3 2.54588235294
2 2.54117647059
2 2.53004427577
1 2.54117647059
2 2.53004427577
1 2.54117647059
3 2.54117647059
2 2.54117647059
2 2.53004427577
1 2.53004427577
2 2.53004427577
3 2.54117647059
1 2.53004427577
1 2.54117647059
2 2.54117647059
2 2.54117647059
2 2.54117647059
1 2.54117647059
1 2.54117647059
1 2.53004427577
3 2.53498675146
1 2.53004427577
1 2.53004427577
2 2.54117647059
3 2.54485294118
3 2.54376212023
2 2.54117647059
3 2.54117647059
3 2.56654151022
3 2.54117647059
1 2.54117647059
1 2.54117647059
3 2.54117647059
2 2.53004427577
2 2.54117647059
2 2.53532735128
3 2.54827264239
1 2.54117647059
1 2.53004427577
1 2.54117647059
2 2.53004427577
1 2.53004427577
2 2.54117647059
1 2.53004427577
2 2.54117647059
2 2.54200206398
1 2.53004427577
3 2.53004427577
1 2.54117647059
2 2.53004427577
2 2.53832442068
2 2.53004427577
1 2.53004427577
3 2.54117647059
1 2.54117647059
8 2.54424836601
3 2.54519859226
11 2.53004427577
12 2.53004427577
11 2.5555111862
6 2.54251805986
5 2.54117647059
12 2.54117647059
