2 24 145 10295 0
2 13 86 6106 0
1 47 141 10000 1
1 76 141 10000 1
1 19 83 5893 0
1 28 114 8094 0
3 10 76 5396 0
2 2 23 1633 0
2 22 149 10678 0
2 17 108 7668 0
3 85 423 30000 1
3 6 58 4118 0
1 26 109 7739 0
3 1 13 923 0
3 17 188 13473 0
1 36 129 9159 0
2 5 38 2731 0
1 27 100 7100 0
1 14 37 2627 0
2 22 118 8378 0
2 19 136 9910 0
1 6 22 1562 0
1 15 51 3621 0
1 6 30 2130 0
1 19 69 4899 0
2 23 106 7562 0
1 24 52 3692 0
3 19 189 13419 0
1 15 65 4615 0
1 20 71 5041 0
1 35 141 10000 1
1 7 18 1278 0
2 20 122 8812 0
2 10 43 3053 0
2 23 99 7066 0
2 28 190 13521 0
3 37 228 16188 0
1 65 141 10000 1
1 11 52 3692 0
2 23 105 7509 0
3 26 219 15585 0
2 17 88 6248 0
1 20 50 3550 0
3 54 419 30000 1
2 1 7 497 0
2 65 280 20000 1
2 8 39 2854 0
2 2 19 1349 0
3 14 73 5217 0
2 18 111 8104 0
1 19 86 6106 0
3 59 423 30000 1
2 11 81 5903 0
2 2 19 1392 0
2 17 75 5325 0
2 9 95 6859 0
2 16 118 8410 0
3 61 423 30000 1
1 19 81 5751 0
1 16 42 2982 0
2 22 235 16831 0
3 55 420 30000 1
1 12 35 2485 0
1 4 19 1349 0
1 51 136 9656 0
1 4 17 1207 0
3 45 352 24981 0
1 17 79 5609 0
1 20 40 2840 0
1 32 139 9869 0
2 7 37 2627 0
3 3 21 1491 0
2 26 180 12928 0
2 1 11 781 0
1 18 59 4189 0
2 6 52 3692 0
2 28 137 9903 0
3 7 56 4114 0
3 16 113 8040 0
1 7 31 2201 0
1 67 141 10000 1
2 17 74 5281 0
2 10 85 6035 0
1 14 56 3976 0
1 5 25 1775 0
2 13 67 4791 0
1 11 31 2201 0
2 25 185 13410 0
3 26 292 21006 0
2 20 157 11186 0
3 21 146 10366 0
2 29 282 20000 1
1 28 140 9940 0
2 33 228 16268 0
1 14 37 2627 0
2 1 8 568 0
2 16 100 7271 0
2 26 119 8449 0
2 15 103 7350 0
2 20 147 10573 0
1 16 116 8236 0
1 27 88 6248 0
2 47 281 20000 1
3 46 392 27926 0
3 35 333 23739 0
1 12 45 3195 0
2 29 174 12354 0
1 20 86 6106 0
1 23 89 6319 0
2 24 101 7171 0
1 18 72 5112 0
2 1 7 497 0
2 19 165 11803 0
1 16 45 3195 0
2 17 97 6941 0
1 18 55 3905 0
1 26 115 8165 0
3 48 423 30000 1
1 20 70 4970 0
2 16 117 8416 0
2 11 89 6363 0
2 47 282 20000 1
2 2 11 781 0
2 20 166 11829 0
1 40 115 8165 0
2 2 19 1349 0
1 41 141 10000 1
2 29 169 11999 0
3 13 90 6390 0
2 7 33 2360 0
2 28 153 10928 0
1 14 66 4686 0
2 19 142 10144 0
1 11 36 2556 0
1 34 123 8733 0
1 19 66 4686 0
2 8 46 3283 0
1 1 6 426 0
2 5 16 1136 0
2 17 99 7029 0
2 9 79 5652 0
2 11 45 3240 0
3 22 217 15644 0
2 25 142 10108 0
2 9 61 4331 0
2 8 45 3210 0
3 16 119 8891 0
2 5 38 2722 0
1 22 83 5893 0
1 40 141 10000 1
2 16 117 8307 0
1 24 100 7100 0
1 21 84 5964 0
3 8 123 8898 0
1 16 56 3976 0
2 30 176 12717 0
3 26 207 14697 0
2 53 282 20000 1
2 15 73 5183 0
1 1 7 497 0
1 8 35 2485 0
1 2 8 568 0
2 24 138 9908 0
1 32 100 7100 0
3 21 143 10618 0
2 15 91 6461 0
3 8 81 5987 0
2 31 177 12567 0
2 29 153 10863 0
2 18 120 8520 0
2 19 81 5751 0
2 35 159 11289 0
1 20 65 4615 0
3 21 174 12577 0
2 3 13 923 0
2 47 224 15945 0
2 1 11 781 0
1 10 52 3692 0
1 23 111 7881 0
2 3 28 1988 0
2 7 40 2840 0
1 31 83 5893 0
1 6 41 2911 0
19 29 263 19582 0
1 48 141 10000 1
1 11 33 2343 0
1 12 47 3337 0
1 24 82 5822 0
1 26 102 7242 0
1 1 6 426 0
1 39 141 10000 1
2 16 80 5680 0
35 7 83 5893 0
11 1 20 1515 0
30 56 1551 110044 0
74 21 416 30490 0
2 1 11 781 0
3 84 410 30000 1
2 19 80 5680 0
12 6 90 6815 0
1 28 120 8520 0
1 29 109 7739 0
16 39 376 27071 0
1 35 141 10000 1
1 31 118 8378 0
2 17 103 7386 0
26 16 168 12129 0
22 31 281 20841 0
6 27 276 21115 0
53 49 1080 80867 0
26 1 11 789 0
1 17 65 4615 0
1 31 110 7810 0
1 8 42 2982 0
6 17 272 19666 0
1 18 63 4473 0
69 2 25 1775 0
1 11 85 6035 0
1 19 65 4615 0
1 21 62 4402 0
1 24 116 8236 0
54 13 261 19155 0
53 27 350 24940 0
15 41 575 40825 0
1 27 109 7739 0
1 28 107 7597 0
3 45 418 30000 1
8 3 63 4620 0
62 25 325 23247 0
1 24 94 6674 0
4 24 240 17040 0
1 30 88 6248 0
1 15 94 6674 0
1 21 68 4828 0
66 23 572 41188 0
1 5 15 1065 0
2 25 159 11346 0
6 17 241 17758 0
8 5 109 7957 0
1 49 141 10000 1
1 19 79 5609 0
10 11 155 11461 0
1 16 54 3834 0
17 29 589 41819 0
22 9 71 5041 0
1 9 55 3905 0
1 19 50 3550 0
67 22 263 18755 0
1 15 48 3408 0
2 23 134 9706 0
5 1 19 1416 0
4 23 237 17518 0
1 26 90 6390 0
1 26 72 5112 0
1 40 113 8023 0
42 33 271 19485 0
8 22 266 18928 0
1 3 15 1065 0
14 21 373 26831 0
2 17 170 12093 0
