2 3.59874044085
2 3.59874044085
1 3.69122807018
2 3.69122807018
2 3.73192982456
1 3.59874044085
1 3.69122807018
2 3.69122807018
1 3.59874044085
2 3.64932621409
2 3.70561403509
2 3.72675438596
2 3.59874044085
1 3.59874044085
1 3.69122807018
2 3.69122807018
1 3.59874044085
2 3.69122807018
2 3.59874044085
2 3.59874044085
1 3.59874044085
1 3.59874044085
2 3.69344413666
3 3.69122807018
3 3.7167251462
1 3.59874044085
1 3.59874044085
3 3.71713900135
3 3.69122807018
1 3.59874044085
2 3.64547732969
2 3.59874044085
2 3.59874044085
1 3.59874044085
1 3.59874044085
2 3.71679197995
1 3.59874044085
2 3.69122807018
1 3.69122807018
2 3.64547732969
1 3.69122807018
1 3.59874044085
1 3.59874044085
1 3.59874044085
3 3.62976406534
1 3.69122807018
3 3.69122807018
1 3.69122807018
2 3.69122807018
3 3.69122807018
3 3.69344413666
1 3.59874044085
1 3.59874044085
3 3.69684210526
2 3.69122807018
1 3.69122807018
2 3.69882082255
1 3.59874044085
2 3.69122807018
3 3.69344413666
3 3.70641672675
3 3.59874044085
2 3.71160158461
2 3.71929824561
1 3.59874044085
2 3.59874044085
2 3.59874044085
2 3.59874044085
3 3.59874044085
2 3.59874044085
2 3.59874044085
1 3.69122807018
2 3.59874044085
1 3.69122807018
1 3.69122807018
3 3.59874044085
1 3.69122807018
3 3.69344413666
2 3.72681704261
2 3.69344413666
1 3.59874044085
1 3.59874044085
2 3.69122807018
2 3.69122807018
1 3.69122807018
2 3.72950558214
2 3.69122807018
1 3.69122807018
2 3.64313450292
2 3.74098883573
2 3.64547732969
1 3.59874044085
1 3.59874044085
2 3.70664365833
3 3.66132723112
2 3.74844804318
2 3.59874044085
1 3.59874044085
3 3.66132723112
1 3.69122807018
1 3.59874044085
2 3.64547732969
1 3.59874044085
1 3.59874044085
2 3.59874044085
3 3.69122807018
1 3.59874044085
2 3.59874044085
2 3.64547732969
3 3.59874044085
7 3.59874044085
10 3.68375005756
6 3.59874044085
3 3.69122807018
12 3.71938104849
11 3.84748538012
6 3.73088782562
8 3.59874044085
5 3.77787948131
7 3.82399241347
