1 13 94 4700 0
2 24 159 8326 0
1 18 200 10000 1
2 26 161 8503 0
2 29 275 14291 0
2 19 132 6866 0
2 40 393 20000 1
1 8 104 5200 0
2 9 63 3174 0
2 43 291 14604 0
1 24 200 10000 1
1 6 54 2700 0
1 16 115 5750 0
2 67 391 20000 1
2 35 270 14470 0
3 22 174 9352 0
1 14 97 4850 0
1 16 139 6950 0
2 24 217 11290 0
2 49 321 16050 0
1 7 113 5650 0
1 47 200 10000 1
2 8 124 6485 0
2 39 376 19627 0
2 63 392 20000 1
3 17 123 6938 0
1 13 88 4400 0
1 32 200 10000 1
1 30 200 10000 1
1 14 70 3500 0
1 13 137 6850 0
1 17 182 9100 0
3 8 63 3614 0
1 21 173 8650 0
2 35 327 17135 0
2 41 378 20000 1
1 9 78 3900 0
2 28 251 12978 0
2 20 184 9755 0
2 33 396 20000 1
3 30 293 15415 0
2 5 43 2273 0
2 24 209 10795 0
2 25 274 14625 0
1 20 189 9450 0
1 1 7 350 0
2 21 354 18475 0
2 20 284 15044 0
1 23 200 10000 1
2 13 89 4634 0
1 39 200 10000 1
1 27 200 10000 1
1 20 132 6600 0
2 23 180 9154 0
2 27 295 15656 0
2 31 372 18912 0
1 22 200 10000 1
3 23 177 10227 0
2 7 81 4360 0
1 38 200 10000 1
2 19 249 12811 0
2 18 271 14198 0
1 11 155 7750 0
3 30 227 12658 0
2 1 10 520 0
2 15 112 5700 0
2 13 102 5504 0
2 25 200 10380 0
3 31 222 12407 0
2 16 126 6906 0
1 22 200 10000 1
1 19 200 10000 1
2 28 189 9813 0
1 8 75 3750 0
1 9 81 4050 0
2 31 321 16450 0
3 33 403 21774 0
2 20 135 7051 0
2 6 94 4988 0
2 11 116 5999 0
2 34 269 14034 0
1 20 117 5850 0
2 18 149 7779 0
1 19 99 4950 0
1 11 174 8700 0
2 49 363 18171 0
2 31 192 9930 0
1 24 200 10000 1
2 17 154 7941 0
2 28 175 9030 0
1 25 200 10000 1
1 13 91 4550 0
2 1 13 707 0
2 26 201 10643 0
2 11 82 4276 0
2 69 396 20000 1
1 14 109 5450 0
1 18 200 10000 1
3 32 224 13293 0
1 5 67 3350 0
3 4 56 2928 0
1 79 200 10000 1
1 5 48 2400 0
1 20 200 10000 1
3 30 260 14180 0
2 18 118 6330 0
2 3 45 2388 0
2 15 127 6770 0
1 32 200 10000 1
3 17 193 10619 0
2 26 252 13062 0
1 6 42 2100 0
1 11 83 4150 0
2 41 297 14990 0
2 32 367 19129 0
2 6 108 5594 0
1 13 89 4450 0
1 13 175 8750 0
2 9 91 4780 0
2 18 178 9417 0
1 28 200 10000 1
2 18 110 5605 0
3 40 309 16490 0
1 23 187 9350 0
1 39 200 10000 1
2 22 174 9041 0
2 28 387 20000 1
2 54 394 20000 1
2 7 50 2552 0
2 21 123 6210 0
3 30 474 25604 0
1 1 12 600 0
2 5 40 2170 0
2 24 255 13269 0
1 29 200 10000 1
2 7 51 2659 0
2 43 379 19246 0
2 36 276 14707 0
1 49 200 10000 1
2 28 373 18933 0
2 11 81 4103 0
2 12 113 6140 0
1 19 163 8150 0
1 33 200 10000 1
1 15 137 6850 0
3 30 281 15202 0
2 46 394 20000 1
2 17 270 13885 0
1 31 200 10000 1
2 31 330 17039 0
3 12 84 4524 0
1 17 157 7850 0
1 28 189 9450 0
1 20 200 10000 1
1 70 200 10000 1
1 10 70 3500 0
2 8 49 2470 0
1 31 200 10000 1
2 27 165 8605 0
1 20 174 8700 0
1 3 39 1950 0
2 23 154 8080 0
1 38 200 10000 1
1 24 140 7000 0
2 9 63 3456 0
1 20 200 10000 1
2 43 395 20000 1
1 27 200 10000 1
3 27 178 10018 0
3 17 165 8676 0
1 13 124 6200 0
2 29 194 9894 0
1 27 200 10000 1
1 126 200 10000 1
1 20 186 9300 0
1 20 160 8000 0
1 19 141 7050 0
2 8 60 3075 0
1 28 188 9400 0
2 11 140 7263 0
1 14 200 10000 1
1 25 200 10000 1
1 18 134 6700 0
1 8 96 4800 0
1 12 135 6750 0
10 34 262 16147 0
1 20 144 7200 0
50 20 147 8401 0
1 22 200 10000 1
40 35 234 13057 0
38 37 390 25570 0
74 7 45 2357 0
1 2 20 1000 0
1 1 12 600 0
1 29 200 10000 1
1 31 200 10000 1
1 11 75 3750 0
1 11 83 4150 0
1 12 116 5800 0
1 27 200 10000 1
73 17 253 14093 0
5 15 134 8200 0
1 21 200 10000 1
60 5 80 5260 0
2 7 62 3113 0
1 27 168 8400 0
9 60 405 22264 0
1 16 117 5850 0
36 21 336 23930 0
1 25 200 10000 1
2 18 193 10367 0
1 22 200 10000 1
3 21 203 11070 0
1 42 200 10000 1
1 19 188 9400 0
2 10 108 5767 0
1 2 23 1150 0
16 26 268 17405 0
15 39 432 27959 0
5 20 217 13234 0
7 41 681 42492 0
1 6 55 2750 0
1 14 159 7950 0
1 51 200 10000 1
1 11 65 3250 0
1 21 183 9150 0
60 33 286 18346 0
2 112 395 20000 1
1 21 148 7400 0
53 26 334 22411 0
1 1 15 750 0
1 22 120 6000 0
1 12 118 5900 0
1 8 48 2400 0
1 19 102 5100 0
1 5 44 2200 0
1 21 135 6750 0
1 21 200 10000 1
1 19 149 7450 0
1 5 40 2000 0
1 23 175 8750 0
1 31 200 10000 1
1 13 107 5350 0
1 24 200 10000 1
1 22 200 10000 1
1 22 153 7650 0
3 13 147 8067 0
3 25 370 19936 0
1 34 200 10000 1
1 26 200 10000 1
1 30 200 10000 1
2 33 392 19857 0
1 14 95 4750 0
1 1 8 400 0
2 21 168 8883 0
1 5 79 3950 0
3 19 147 8113 0
1 10 66 3300 0
1 5 46 2300 0
3 35 274 15020 0
