2 8.0
2 8.0
3 8.0
1 8.08
1 8.0
2 8.0
2 8.14761904762
2 8.08
2 8.0
2 8.08
2 8.2175
3 8.0
2 8.0
1 8.0
2 8.0
1 8.08
2 8.16326530612
1 8.0
1 8.0
1 8.0
1 8.0
1 8.08
2 8.0
1 8.0
1 8.0
2 8.16326530612
1 8.0
1 8.08
2 8.0
2 8.0
1 8.0
1 8.08
2 8.0
3 8.0
2 8.0
3 8.08771929825
1 8.0
3 8.0
3 8.33555555556
3 8.0
1 8.0
1 8.08
1 8.0
3 8.0
3 8.10810810811
1 8.0
1 8.0
3 8.0
2 8.0
2 8.0
3 8.0
1 8.0
1 8.08
2 8.18
2 8.23041666667
2 8.0
2 8.235
2 8.0
1 8.0
2 8.0
2 8.09259259259
1 8.0
1 8.08
2 8.0
2 8.0
1 8.0
2 8.0
2 8.0
2 8.0
2 8.08
2 8.16326530612
1 8.0
1 8.0
2 8.30545454545
2 8.0
3 8.428
3 8.08
1 8.0
1 8.0
1 8.0
1 8.08
3 8.0
1 8.0
1 8.08
2 8.16326530612
1 8.0
2 8.0
2 8.185
1 8.08
2 8.0
1 8.0
2 8.0
2 8.28666666667
1 8.0
1 8.08
2 8.0
2 8.08
1 8.0
1 8.0
1 8.0
2 8.16326530612
1 8.0
2 8.08
1 8.0
1 8.0
2 8.15047619048
2 8.08
12 8.06388571429
5 8.0
9 9.06711111111
11 8.0
10 9.09627118644
10 8.65791666667
