1 33 143 10000 1
2 21 228 17695 0
2 33 270 20000 1
2 1 11 824 0
2 42 283 20000 1
1 20 143 10000 1
2 28 273 20000 1
2 4 32 2477 0
2 25 222 16995 0
2 18 180 14969 0
3 40 377 30000 1
2 9 90 6762 0
1 48 143 10000 1
2 30 268 20000 1
3 24 204 20020 0
2 26 267 19592 0
3 25 208 17294 0
1 28 143 10000 1
1 12 129 9030 0
2 26 274 20000 1
2 17 190 14521 0
2 24 264 20000 1
2 21 197 14710 0
2 18 144 11435 0
2 21 187 14966 0
2 13 123 9525 0
3 21 179 15775 0
1 1 10 700 0
1 21 141 9870 0
1 14 93 6510 0
1 1 9 630 0
2 11 117 9189 0
2 21 204 16291 0
3 2 20 1970 0
2 1 19 1539 0
2 8 81 6710 0
2 28 275 20000 1
2 18 247 18492 0
2 30 250 18878 0
1 7 78 5460 0
1 19 143 10000 1
2 30 272 20000 1
1 27 143 10000 1
2 2 30 2432 0
2 34 276 20000 1
1 18 143 10000 1
3 11 113 10374 0
1 27 143 10000 1
1 3 52 3640 0
1 7 70 4900 0
1 32 143 10000 1
2 57 285 20000 1
1 10 137 9590 0
2 17 198 14955 0
2 8 56 4525 0
3 15 142 11354 0
2 42 270 20000 1
3 21 186 16256 0
2 4 74 5960 0
1 19 143 10000 1
2 20 144 11302 0
3 23 154 13340 0
2 20 187 14403 0
1 17 143 10000 1
2 14 141 11210 0
3 4 32 2694 0
2 18 187 14825 0
1 11 143 10000 1
2 16 146 12116 0
1 2 16 1120 0
2 56 272 20000 1
2 22 182 14211 0
2 22 267 20000 1
1 73 143 10000 1
2 16 121 9694 0
2 18 179 13854 0
1 26 143 10000 1
3 20 196 17364 0
2 16 169 13562 0
2 23 196 15930 0
1 3 30 2100 0
2 7 63 5156 0
2 27 266 20000 1
1 16 143 10000 1
3 12 89 6991 0
1 11 143 10000 1
1 22 143 10000 1
2 13 115 9466 0
3 12 152 12544 0
1 20 143 10000 1
2 1 18 1418 0
1 11 108 7560 0
2 23 259 20000 1
2 35 270 20000 1
2 3 23 1804 0
2 27 180 13607 0
1 32 143 10000 1
1 21 143 10000 1
1 33 143 10000 1
1 19 143 10000 1
2 24 270 20000 1
2 9 90 7277 0
2 138 286 20000 1
2 57 274 20000 1
3 25 185 14840 0
2 23 262 20000 1
1 5 81 5670 0
1 14 109 7630 0
2 2 44 3496 0
3 43 379 30000 1
1 10 143 10000 1
2 86 286 20000 1
3 28 350 30000 1
2 17 239 18181 0
2 8 87 7117 0
2 17 165 13244 0
1 23 143 10000 1
3 23 180 16551 0
1 49 143 10000 1
1 10 83 5810 0
1 23 143 10000 1
2 22 176 13620 0
1 67 143 10000 1
1 11 132 9240 0
1 21 143 10000 1
3 17 132 13495 0
1 31 143 10000 1
2 16 176 14066 0
1 15 112 7840 0
1 1 10 700 0
1 21 143 10000 1
3 20 164 14635 0
2 16 141 10849 0
2 35 268 20000 1
1 23 143 10000 1
1 26 143 10000 1
2 16 206 15401 0
2 8 117 9459 0
1 4 59 4130 0
2 62 280 20000 1
1 22 143 10000 1
1 2 16 1120 0
1 48 143 10000 1
2 25 263 20000 1
1 48 143 10000 1
1 36 143 10000 1
3 9 78 7940 0
1 35 143 10000 1
2 49 270 20000 1
2 15 146 11398 0
2 26 234 17916 0
3 18 365 30000 1
2 38 268 20000 1
1 17 143 10000 1
2 1 8 612 0
2 19 241 18489 0
2 21 269 20000 1
3 21 342 30000 1
2 13 113 9238 0
2 22 223 17764 0
2 6 64 5307 0
2 8 111 8900 0
2 26 201 14710 0
2 28 265 20000 1
1 57 143 10000 1
1 22 143 10000 1
3 14 126 10478 0
2 1 8 629 0
3 19 152 14887 0
2 11 137 10837 0
2 8 88 7056 0
1 32 143 10000 1
2 18 143 10919 0
1 11 88 6160 0
1 12 130 9100 0
2 17 174 13240 0
2 22 239 18212 0
1 7 133 9310 0
1 40 143 10000 1
1 75 143 10000 1
3 9 90 8351 0
1 26 143 10000 1
23 24 212 17371 0
1 23 143 10000 1
1 31 143 10000 1
2 3 24 1965 0
11 12 104 11446 0
1 26 143 10000 1
1 4 47 3290 0
6 6 44 4214 0
17 18 165 18833 0
6 37 413 34493 0
21 22 428 50964 0
1 8 60 4200 0
12 19 265 30990 0
1 1 18 1260 0
3 50 398 30000 1
15 37 477 51752 0
1 10 143 10000 1
33 89 3705 330000 1
7 88 841 70000 1
5 11 99 9432 0
6 4 44 4509 0
6 5 68 7038 0
24 26 260 28522 0
1 26 143 10000 1
1 23 143 10000 1
1 28 143 10000 1
1 17 134 9380 0
1 25 143 10000 1
1 29 143 10000 1
1 11 82 5740 0
1 17 143 10000 1
3 13 236 22353 0
1 13 116 8120 0
1 14 143 10000 1
11 12 228 28784 0
1 2 23 1610 0
22 17 250 25501 0
1 4 52 3640 0
1 14 143 10000 1
66 54 1168 126336 0
7 32 251 27668 0
1 21 143 10000 1
3 22 365 30000 1
2 13 128 10894 0
1 23 143 10000 1
1 17 143 10000 1
1 1 9 630 0
1 25 143 10000 1
1 8 104 7280 0
5 19 261 24636 0
11 8 72 7178 0
1 27 143 10000 1
1 14 143 10000 1
1 16 124 8680 0
1 13 133 9310 0
1 14 132 9240 0
42 4 71 7794 0
1 18 143 10000 1
1 9 143 10000 1
1 15 143 10000 1
1 9 137 9590 0
7 34 333 30796 0
1 62 143 10000 1
5 1 16 1802 0
6 1 14 1489 0
4 8 64 5570 0
1 4 44 3080 0
1 1 22 1540 0
24 30 266 26422 0
1 25 143 10000 1
34 20 247 26665 0
16 25 274 32908 0
1 14 112 7840 0
76 76 7453 760000 1
1 9 136 9520 0
3 26 389 30000 1
13 35 617 83701 0
9 17 236 28639 0
