1 0.999000999001
2 1.0582010582
2 1.0095911156
1 0.999000999001
2 1.04657247514
3 1.13679424024
1 0.999000999001
2 1.06609808102
1 0.999000999001
2 1.04275286757
2 1.08225108225
2 1.03896103896
1 0.999000999001
2 1.05042016807
1 0.999000999001
2 1.03519668737
1 0.999000999001
1 0.999000999001
1 0.999000999001
2 1.00250626566
2 1.0582010582
1 0.999000999001
1 0.999000999001
1 0.999000999001
2 1.05042016807
2 1.07009095773
1 0.999000999001
1 0.999000999001
2 1.07411385607
1 0.999000999001
1 0.999000999001
1 0.999000999001
1 0.999000999001
2 1.10314396029
2 1.0582010582
1 0.999000999001
1 0.999000999001
1 0.999000999001
1 0.999000999001
2 1.0582010582
2 0.999000999001
2 1.04275286757
2 1.09051254089
3 1.13079532605
1 0.999000999001
2 0.999000999001
3 1.22448979592
1 0.999000999001
1 0.999000999001
1 0.999000999001
1 0.999000999001
1 0.999000999001
1 0.999000999001
1 0.999000999001
2 1.06609808102
1 0.999000999001
1 0.999000999001
2 1.02040816327
1 0.999000999001
1 0.999000999001
2 1.08636610538
1 0.999000999001
1 0.999000999001
1 0.999000999001
2 1.0582010582
3 1.17416829746
2 1.06609808102
1 0.999000999001
2 1.06213489113
3 1.25313283208
2 1.0781671159
1 0.999000999001
1 0.999000999001
1 0.999000999001
1 0.999000999001
1 0.999000999001
1 0.999000999001
1 0.999000999001
1 0.999000999001
1 0.999000999001
3 1.0768126346
1 0.999000999001
33 1.27241179873
7 1.18906064209
1 0.999000999001
1 0.999000999001
1 0.999000999001
1 0.999000999001
1 0.999000999001
1 0.999000999001
1 0.999000999001
1 0.999000999001
1 0.999000999001
3 1.17416829746
1 0.999000999001
1 0.999000999001
1 0.999000999001
1 0.999000999001
1 0.999000999001
1 0.999000999001
1 0.999000999001
1 0.999000999001
1 0.999000999001
1 0.999000999001
76 1.45674800176
3 1.10172603746
