1 1 10 10000 1
1 1 10 10000 1
2 1 18 20000 1
2 3 20 20000 1
2 3 19 20000 1
1 2 10 10000 1
1 1 10 10000 1
2 1 16 17623 0
2 2 19 20000 1
1 1 10 10000 1
1 1 10 10000 1
2 1 15 16096 0
1 1 10 10000 1
1 1 10 10000 1
1 1 10 10000 1
1 1 10 10000 1
2 3 20 20000 1
1 2 10 10000 1
1 2 10 10000 1
2 2 19 20000 1
2 1 18 20000 1
2 3 19 20000 1
2 1 19 20000 1
3 3 30 30000 1
1 1 10 10000 1
1 2 10 10000 1
3 1 28 30000 1
1 1 10 10000 1
1 2 10 10000 1
1 1 10 10000 1
1 1 10 10000 1
2 2 19 20000 1
1 1 10 10000 1
1 1 10 10000 1
1 2 10 10000 1
1 1 10 10000 1
3 1 16 19671 0
1 1 10 10000 1
2 2 19 20000 1
2 1 19 20000 1
3 1 25 30000 1
2 4 20 20000 1
1 2 10 10000 1
1 1 10 10000 1
3 1 15 17911 0
2 1 17 19133 0
3 1 23 28294 0
1 1 10 10000 1
3 1 27 30000 1
2 1 19 20000 1
2 2 19 20000 1
2 2 19 20000 1
1 1 10 10000 1
2 3 18 20000 1
1 2 10 10000 1
1 2 10 10000 1
1 1 10 10000 1
2 2 19 20000 1
3 2 27 30000 1
2 2 19 20000 1
3 1 23 26275 0
1 1 10 10000 1
1 1 10 10000 1
2 3 20 20000 1
2 1 18 20000 1
1 1 10 10000 1
1 1 10 10000 1
2 1 19 20000 1
1 1 10 10000 1
2 1 16 17813 0
1 1 10 10000 1
3 4 30 30000 1
2 4 20 20000 1
2 3 19 20000 1
3 3 28 30000 1
1 1 10 10000 1
3 2 27 30000 1
1 1 10 10000 1
1 2 10 10000 1
3 1 23 28501 0
3 1 19 22736 0
1 1 10 10000 1
1 1 10 10000 1
1 2 10 10000 1
2 1 18 20000 1
1 1 10 10000 1
2 1 18 20000 1
2 1 18 19965 0
1 1 10 10000 1
2 1 14 15322 0
1 1 10 10000 1
3 4 30 30000 1
1 1 10 10000 1
2 4 20 20000 1
2 3 20 20000 1
3 4 30 30000 1
1 2 10 10000 1
2 3 19 20000 1
2 2 19 20000 1
2 2 19 20000 1
2 2 18 20000 1
2 3 20 20000 1
1 1 10 10000 1
2 4 20 20000 1
1 1 10 10000 1
1 1 10 10000 1
1 1 10 10000 1
2 1 18 20000 1
2 1 18 20000 1
2 4 20 20000 1
2 1 18 20000 1
1 1 10 10000 1
2 1 18 20000 1
2 1 19 20000 1
1 1 10 10000 1
1 2 10 10000 1
2 4 20 20000 1
2 1 19 20000 1
1 1 10 10000 1
2 4 20 20000 1
3 1 27 30000 1
3 5 30 30000 1
4 1 35 40000 1
11 6 110 110000 1
3 1 26 30000 1
4 6 40 40000 1
3 4 30 30000 1
11 8 110 110000 1
4 1 32 40000 1
3 2 27 30000 1
10 6 100 100000 1
6 6 60 60000 1
6 4 57 60000 1
