2 1.01471334348
2 1.01936799185
1 0.992063492063
2 1.08401084011
2 1.07353730542
1 0.992063492063
2 1.100110011
1 0.992063492063
2 1.10558319514
2 1.14547537228
1 0.992063492063
3 1.27226463104
2 1.12233445567
1 0.992063492063
2 1.10558319514
1 0.992063492063
1 0.992063492063
1 0.992063492063
2 1.07874865156
1 0.992063492063
2 1.10558319514
2 1.12233445567
1 0.992063492063
3 1.32802124834
2 1.07353730542
2 1.1396011396
2 1.06837606838
3 1.26262626263
1 0.992063492063
3 1.19904076739
1 0.992063492063
1 0.992063492063
3 1.23915737299
2 1.100110011
1 0.992063492063
1 0.992063492063
2 1.14547537228
2 1.15740740741
3 1.27226463104
1 0.992063492063
1 0.992063492063
3 1.287001287
2 1.12803158488
2 1.11111111111
1 0.992063492063
1 0.992063492063
1 0.992063492063
2 1.10558319514
2 1.0101010101
2 1.12233445567
2 1.13378684807
2 1.13378684807
2 1.04329681794
3 1.27226463104
1 0.992063492063
2 1.11669458403
1 0.992063492063
1 0.992063492063
1 0.992063492063
2 1.100110011
2 1.05318588731
2 1.07874865156
1 0.992063492063
1 0.992063492063
1 0.992063492063
3 1.1862396204
3 1.30718954248
1 0.992063492063
1 0.992063492063
1 0.992063492063
2 1.08932461874
1 0.992063492063
1 0.992063492063
1 0.992063492063
3 1.24378109453
3 1.22549019608
2 1.12233445567
1 0.992063492063
1 0.992063492063
2 1.11669458403
2 1.16959064327
2 1.11669458403
1 0.992063492063
1 0.992063492063
2 1.0582010582
3 1.31233595801
1 0.992063492063
2 1.10558319514
2 1.16346713205
1 0.992063492063
2 1.15141047784
2 1.11111111111
2 1.07353730542
1 0.992063492063
3 1.07874865156
2 1.15740740741
1 0.992063492063
2 1.10558319514
1 0.992063492063
3 1.19904076739
2 1.06326422116
1 0.992063492063
2 1.13378684807
2 1.08932461874
2 1.09469074986
2 1.10558319514
2 1.05318588731
3 1.26742712294
1 0.992063492063
1 0.992063492063
1 0.992063492063
1 0.992063492063
2 1.11669458403
1 0.992063492063
27 2.08913649025
4 1.46198830409
1 0.992063492063
1 0.992063492063
1 0.992063492063
1 0.992063492063
1 0.992063492063
1 0.992063492063
1 0.992063492063
1 0.992063492063
6 1.44613159798
1 0.992063492063
1 0.992063492063
1 0.992063492063
1 0.992063492063
3 1.25786163522
1 0.992063492063
2 1.04329681794
1 0.992063492063
40 1.02430155438
3 1.38888888889
1 0.992063492063
1 0.992063492063
1 0.992063492063
1 0.992063492063
1 0.992063492063
2 1.11669458403
1 0.992063492063
1 0.992063492063
1 0.992063492063
1 0.992063492063
1 0.992063492063
1 0.992063492063
2 1.14547537228
1 0.992063492063
1 0.992063492063
1 0.992063492063
1 0.992063492063
1 0.992063492063
1 0.992063492063
2 1.06837606838
1 0.992063492063
1 0.992063492063
