4 13 52 40000 1
4 26 52 40000 1
3 2 16 12592 0
3 3 21 16527 0
3 0 0 0 0
3 7 39 30000 1
3 10 39 30000 1
2 1 10 7870 0
3 6 39 30000 1
2 11 26 20000 1
2 14 26 20000 1
2 6 26 20000 1
2 2 19 14953 0
1 7 13 10000 1
3 3 22 17314 0
2 14 26 20000 1
3 4 34 26296 0
3 9 39 30000 1
2 6 26 20000 1
1 6 13 10000 1
4 12 52 40000 1
4 4 28 22036 0
3 13 39 30000 1
1 5 13 10000 1
1 4 13 10000 1
1 6 13 10000 1
3 3 25 19675 0
1 4 13 10000 1
4 26 52 40000 1
1 6 13 10000 1
3 10 39 30000 1
3 2 16 12592 0
3 24 39 30000 1
4 3 24 18888 0
1 5 13 10000 1
1 2 13 10000 1
2 6 26 20000 1
1 1 7 5509 0
3 9 39 30000 1
4 29 52 40000 1
3 20 39 30000 1
1 0 0 0 0
2 0 0 0 0
4 8 52 40000 1
2 13 26 20000 1
3 21 39 30000 1
3 8 39 30000 1
2 13 26 20000 1
3 12 39 30000 1
3 3 19 14953 0
1 0 0 0 0
4 2 18 14166 0
3 6 28 22036 0
3 6 39 30000 1
2 4 26 20000 1
4 19 52 40000 1
1 4 13 10000 1
2 1 6 4722 0
2 16 26 20000 1
4 20 52 40000 1
2 7 26 20000 1
4 30 52 40000 1
3 0 0 0 0
2 6 26 20000 1
1 6 13 10000 1
2 2 18 13935 0
1 6 13 10000 1
2 11 26 20000 1
2 0 0 0 0
3 11 39 30000 1
3 1 6 4722 0
1 3 13 10000 1
2 0 0 0 0
2 7 26 20000 1
3 3 19 14953 0
1 0 0 0 0
4 2 14 11018 0
1 7 13 10000 1
1 7 13 10000 1
2 6 26 20000 1
3 10 39 30000 1
2 8 26 20000 1
4 24 52 40000 1
1 1 5 3935 0
3 18 39 30000 1
1 0 0 0 0
1 2 13 10000 1
4 0 0 0 0
2 3 26 20000 1
2 1 6 4722 0
2 8 26 20000 1
4 14 52 40000 1
1 1 6 4722 0
3 9 39 30000 1
1 1 12 9444 0
1 0 0 0 0
3 26 39 30000 1
4 5 30 23610 0
4 15 52 40000 1
3 16 39 30000 1
2 8 26 20000 1
1 0 0 0 0
3 4 37 28657 0
1 7 13 10000 1
3 2 10 7870 0
