3 5.0
1 5.0
1 5.16
2 5.0
1 5.0
1 5.16
1 5.0
2 5.0
1 5.0
2 5.0
1 5.16
2 5.0
1 5.0
2 5.0
2 5.16
2 5.0
1 5.0
1 5.0
1 5.0
2 5.0
2 5.0
2 5.0
2 5.0
2 5.16
2 5.0
1 5.0
2 5.0
3 5.16
1 5.0
2 5.07111111111
2 5.0
1 5.16
1 5.0
2 5.0
1 5.0
1 5.0
2 5.16
2 5.0
1 5.0
1 5.16
1 5.0
1 5.0
2 5.16
1 5.0
1 5.0
3 5.0
3 5.10181818182
2 5.0
1 5.0
2 5.0
2 5.0
1 5.0
1 5.0
2 5.0
2 5.04965517241
2 5.16
2 5.16
2 5.16
1 5.0
3 5.0
2 5.0
1 5.0
1 5.0
1 5.16
2 5.0
1 5.0
1 5.0
1 5.0
1 5.0
1 5.0
2 5.0
1 5.16
1 5.0
1 5.0
3 5.16
2 5.0
2 5.0
2 5.16
1 5.0
1 5.16
1 5.0
2 5.07794871795
2 5.0
1 5.0
2 5.0
2 5.16
3 5.0
2 5.0
2 5.0
1 5.16
2 5.16
2 5.0
3 5.0
1 5.16
1 5.16
1 5.0
1 5.0
2 5.16
1 5.0
2 5.0
1 5.0
1 5.0
2 5.0
2 5.16
1 5.0
1 5.0
2 5.0
1 5.0
1 5.16
1 5.16
1 5.0
3 5.0
2 5.0
2 5.0
2 5.0
10 5.16
7 5.16
7 5.0
7 5.0
8 5.0
3 5.0
6 5.16
4 5.16
