1 3 46 6900 0
1 2 41 6150 0
2 17 134 20000 1
1 21 67 10000 1
2 3 45 6750 0
2 1 23 3450 0
2 4 79 11850 0
1 10 67 10000 1
2 11 134 20000 1
2 1 30 4500 0
2 1 27 4050 0
3 14 182 27200 0
2 17 134 20000 1
2 12 134 20000 1
1 1 13 1950 0
2 25 134 20000 1
3 2 46 6900 0
2 18 134 20000 1
1 7 67 10000 1
2 23 134 20000 1
3 17 197 29450 0
3 15 201 30000 1
2 13 134 20000 1
2 24 134 20000 1
3 16 201 30000 1
1 15 67 10000 1
2 21 134 20000 1
2 19 134 20000 1
2 10 134 20000 1
2 2 41 6150 0
2 25 134 20000 1
1 5 50 7500 0
2 2 52 7800 0
1 22 67 10000 1
1 19 67 10000 1
2 13 134 20000 1
2 5 69 10350 0
2 12 134 20000 1
2 28 134 20000 1
1 9 67 10000 1
1 1 17 2550 0
2 20 134 20000 1
3 1 31 4650 0
2 1 32 4800 0
1 1 12 1800 0
1 4 62 9300 0
2 10 134 20000 1
3 3 78 11700 0
2 41 134 20000 1
2 10 134 20000 1
1 15 67 10000 1
1 10 67 10000 1
2 20 134 20000 1
1 11 67 10000 1
3 2 29 4350 0
2 9 134 20000 1
2 9 134 20000 1
2 10 134 20000 1
1 1 20 3000 0
1 10 67 10000 1
1 19 67 10000 1
2 16 134 20000 1
1 7 67 10000 1
3 20 201 30000 1
2 49 134 20000 1
2 16 134 20000 1
2 26 134 20000 1
2 29 134 20000 1
2 1 16 2400 0
2 34 134 20000 1
2 17 134 20000 1
1 13 67 10000 1
3 15 201 30000 1
2 24 134 20000 1
1 5 61 9150 0
2 20 134 20000 1
1 5 67 10000 1
2 23 134 20000 1
2 32 134 20000 1
2 11 134 20000 1
1 11 67 10000 1
1 5 67 10000 1
1 14 67 10000 1
2 7 65 9750 0
1 10 67 10000 1
1 3 45 6750 0
1 13 67 10000 1
1 1 15 2250 0
2 12 134 20000 1
2 24 134 20000 1
2 7 134 20000 1
1 8 67 10000 1
1 8 67 10000 1
2 14 134 20000 1
2 8 115 17200 0
1 1 20 3000 0
2 6 100 14950 0
1 11 67 10000 1
1 6 67 10000 1
3 13 201 30000 1
2 24 134 20000 1
1 13 67 10000 1
1 1 20 3000 0
1 25 67 10000 1
2 33 134 20000 1
2 36 134 20000 1
1 1 12 1800 0
2 21 134 20000 1
2 1 24 3600 0
2 1 18 2700 0
2 30 134 20000 1
1 2 48 7200 0
3 21 201 30000 1
2 14 134 20000 1
2 31 134 20000 1
2 28 134 20000 1
1 5 67 10000 1
2 1 12 1800 0
1 1 19 2850 0
2 11 134 20000 1
2 9 134 20000 1
2 34 134 20000 1
3 15 179 26800 0
1 8 67 10000 1
2 22 134 20000 1
3 21 201 30000 1
3 16 201 30000 1
2 19 134 20000 1
2 5 76 11400 0
1 14 67 10000 1
1 21 67 10000 1
1 3 48 7200 0
3 26 201 30000 1
2 7 101 15150 0
1 16 67 10000 1
1 23 67 10000 1
1 1 20 3000 0
3 25 201 30000 1
1 16 67 10000 1
2 9 134 20000 1
1 6 67 10000 1
2 19 134 20000 1
2 34 134 20000 1
1 24 67 10000 1
1 18 67 10000 1
3 5 116 17400 0
1 11 67 10000 1
1 22 67 10000 1
3 7 180 26950 0
1 13 67 10000 1
1 28 67 10000 1
1 5 67 10000 1
1 14 67 10000 1
1 8 67 10000 1
2 11 134 20000 1
2 18 134 20000 1
2 15 134 20000 1
2 31 134 20000 1
2 6 116 17400 0
1 28 67 10000 1
2 27 134 20000 1
1 25 67 10000 1
3 5 82 12300 0
1 3 36 5400 0
2 12 134 20000 1
2 30 134 20000 1
3 31 201 30000 1
1 1 19 2850 0
2 13 134 20000 1
2 7 101 15100 0
1 5 67 10000 1
1 22 67 10000 1
2 2 44 6600 0
1 13 67 10000 1
1 12 67 10000 1
2 27 134 20000 1
3 26 201 30000 1
2 5 83 12450 0
2 6 106 15850 0
2 28 134 20000 1
2 6 93 13900 0
25 11 192 28750 0
14 18 503 75250 0
1 21 67 10000 1
1 4 67 10000 1
1 6 55 8250 0
12 36 804 120000 1
73 3 88 13200 0
37 19 895 133800 0
1 7 67 10000 1
4 50 268 40000 1
1 6 67 10000 1
1 28 67 10000 1
41 31 2747 410000 1
1 8 67 10000 1
1 2 26 3900 0
7 47 469 70000 1
11 31 737 110000 1
1 9 67 10000 1
1 23 67 10000 1
2 1 11 1650 0
1 21 67 10000 1
37 3 70 10500 0
1 15 67 10000 1
3 4 95 14200 0
1 13 67 10000 1
2 8 134 20000 1
13 6 229 34350 0
1 17 67 10000 1
3 12 198 29600 0
1 6 67 10000 1
11 25 737 110000 1
1 23 67 10000 1
45 10 261 39100 0
1 12 67 10000 1
43 13 225 33700 0
2 20 134 20000 1
22 23 529 79150 0
33 15 599 89750 0
1 12 67 10000 1
2 7 134 20000 1
10 17 365 54650 0
1 10 67 10000 1
1 2 34 5100 0
18 8 220 32950 0
1 5 67 10000 1
4 1 21 3150 0
35 16 281 42050 0
20 26 1056 157750 0
2 1 14 2100 0
1 5 67 10000 1
1 1 11 1650 0
2 28 134 20000 1
1 8 67 10000 1
1 9 67 10000 1
1 1 25 3750 0
3 2 42 6300 0
1 5 67 10000 1
1 3 50 7500 0
1 19 67 10000 1
8 2 61 9150 0
27 43 1809 270000 1
1 19 67 10000 1
30 17 297 44450 0
1 13 67 10000 1
2 21 134 20000 1
3 16 201 30000 1
1 5 67 10000 1
1 1 19 2850 0
1 30 67 10000 1
1 4 67 10000 1
1 8 67 10000 1
6 20 389 58100 0
1 9 67 10000 1
40 18 496 74250 0
3 29 201 30000 1
1 2 44 6600 0
1 12 67 10000 1
1 1 16 2400 0
1 1 14 2100 0
