2 0.995024875622
1 0.995024875622
1 0.995024875622
2 0.995024875622
2 0.995024875622
2 0.995024875622
2 0.995024875622
2 0.995024875622
1 0.995024875622
2 0.995024875622
3 0.995024875622
2 0.995024875622
2 0.995024875622
3 0.995024875622
1 0.995024875622
2 0.995024875622
2 0.995024875622
2 0.995024875622
2 0.995024875622
1 0.995024875622
1 0.995024875622
2 0.995024875622
2 0.995024875622
2 0.995024875622
1 0.995024875622
2 0.995024875622
2 0.995024875622
2 0.995024875622
2 0.995024875622
1 0.995024875622
1 0.995024875622
2 0.995024875622
1 0.995024875622
2 0.995024875622
2 0.995024875622
2 0.995024875622
1 0.995024875622
1 0.995024875622
2 0.995024875622
1 0.995024875622
3 0.995024875622
2 0.995024875622
2 0.995024875622
2 0.995024875622
2 0.995024875622
2 0.995024875622
2 0.995024875622
1 0.995024875622
3 0.995024875622
2 0.995024875622
2 0.995024875622
1 0.995024875622
2 0.995024875622
2 0.995024875622
2 0.995024875622
1 0.995024875622
1 0.995024875622
1 0.995024875622
1 0.995024875622
1 0.995024875622
2 0.995024875622
2 0.995024875622
2 0.995024875622
1 0.995024875622
1 0.995024875622
2 0.995024875622
1 0.995024875622
1 0.995024875622
3 0.995024875622
2 0.995024875622
1 0.995024875622
1 0.995024875622
2 0.995024875622
2 0.995024875622
2 0.995024875622
2 0.995024875622
3 0.995024875622
2 0.995024875622
2 0.995024875622
2 0.995024875622
1 0.995024875622
2 0.995024875622
2 0.995024875622
2 0.995024875622
1 0.995024875622
2 0.995024875622
3 0.995024875622
3 0.995024875622
2 0.995024875622
1 0.995024875622
1 0.995024875622
3 0.995024875622
1 0.995024875622
1 0.995024875622
3 0.995024875622
1 0.995024875622
2 0.995024875622
1 0.995024875622
2 0.995024875622
2 0.995024875622
1 0.995024875622
1 0.995024875622
1 0.995024875622
1 0.995024875622
1 0.995024875622
1 0.995024875622
1 0.995024875622
1 0.995024875622
1 0.995024875622
2 0.995024875622
2 0.995024875622
2 0.995024875622
2 0.995024875622
1 0.995024875622
2 0.995024875622
1 0.995024875622
2 0.995024875622
2 0.995024875622
3 0.995024875622
2 0.995024875622
1 0.995024875622
1 0.995024875622
1 0.995024875622
1 0.995024875622
2 0.995024875622
3 0.995024875622
2 0.995024875622
1 0.995024875622
1 0.995024875622
12 0.995024875622
1 0.995024875622
4 0.995024875622
1 0.995024875622
1 0.995024875622
41 0.995024875622
1 0.995024875622
7 0.995024875622
11 0.995024875622
1 0.995024875622
1 0.995024875622
1 0.995024875622
1 0.995024875622
1 0.995024875622
2 0.995024875622
1 0.995024875622
1 0.995024875622
11 0.995024875622
1 0.995024875622
1 0.995024875622
2 0.995024875622
1 0.995024875622
2 0.995024875622
1 0.995024875622
1 0.995024875622
1 0.995024875622
2 0.995024875622
1 0.995024875622
1 0.995024875622
1 0.995024875622
1 0.995024875622
27 0.995024875622
1 0.995024875622
1 0.995024875622
2 0.995024875622
3 0.995024875622
1 0.995024875622
1 0.995024875622
1 0.995024875622
1 0.995024875622
1 0.995024875622
3 0.995024875622
1 0.995024875622
