2 2 20 20000 1
1 1 10 10000 1
1 1 10 10000 1
2 1 20 20000 1
3 4 30 30000 1
1 1 10 10000 1
1 1 10 10000 1
2 1 20 20000 1
1 1 10 10000 1
1 1 10 10000 1
2 1 20 20000 1
1 1 10 10000 1
2 2 20 20000 1
3 3 30 30000 1
2 2 20 20000 1
1 1 10 10000 1
2 1 20 20000 1
2 1 20 20000 1
1 1 10 10000 1
2 3 20 20000 1
2 1 18 18900 0
2 1 20 20000 1
1 1 10 10000 1
1 1 10 10000 1
2 1 20 20000 1
1 1 10 10000 1
2 1 20 20000 1
2 1 20 20000 1
1 2 10 10000 1
2 1 20 20000 1
2 3 20 20000 1
2 2 20 20000 1
2 2 20 20000 1
1 2 10 10000 1
2 1 20 20000 1
1 1 10 10000 1
2 1 20 20000 1
2 1 20 20000 1
2 1 20 20000 1
2 1 20 20000 1
1 2 10 10000 1
1 1 10 10000 1
1 1 10 10000 1
3 3 30 30000 1
1 1 10 10000 1
2 1 20 20000 1
2 1 20 20000 1
2 1 20 20000 1
2 1 20 20000 1
1 1 10 10000 1
3 1 30 30000 1
1 1 10 10000 1
2 1 20 20000 1
1 1 10 10000 1
2 3 20 20000 1
3 1 26 27300 0
1 1 10 10000 1
3 1 25 26250 0
2 1 20 20000 1
2 1 20 20000 1
1 2 10 10000 1
2 1 20 20000 1
2 1 20 20000 1
3 1 23 24150 0
2 3 20 20000 1
2 1 20 20000 1
1 1 10 10000 1
2 3 20 20000 1
3 1 30 30000 1
1 1 10 10000 1
3 1 26 27300 0
2 1 20 20000 1
1 1 10 10000 1
2 2 20 20000 1
2 1 20 20000 1
1 1 10 10000 1
2 2 20 20000 1
2 1 20 20000 1
2 1 20 20000 1
1 1 10 10000 1
1 1 10 10000 1
1 1 10 10000 1
1 1 10 10000 1
1 1 10 10000 1
3 2 30 30000 1
1 1 10 10000 1
1 1 10 10000 1
2 2 20 20000 1
2 1 20 20000 1
2 2 20 20000 1
2 3 20 20000 1
3 1 30 30000 1
1 2 10 10000 1
1 1 10 10000 1
1 2 10 10000 1
2 1 20 20000 1
1 1 10 10000 1
2 1 20 20000 1
2 2 20 20000 1
2 1 20 20000 1
2 3 20 20000 1
1 1 10 10000 1
3 1 30 30000 1
2 1 20 20000 1
3 1 25 26250 0
2 2 20 20000 1
3 1 24 25200 0
2 2 20 20000 1
1 1 10 10000 1
1 1 10 10000 1
3 4 30 30000 1
4 1 26 27300 0
7 2 64 66700 0
11 1 32 33600 0
8 1 35 36750 0
10 5 100 100000 1
9 5 90 90000 1
11 1 24 25200 0
8 1 28 29400 0
