2 5.40540540541
1 5.40540540541
1 5.40540540541
2 5.40540540541
3 5.40540540541
1 5.40540540541
1 5.40540540541
2 5.40540540541
1 5.40540540541
1 5.40540540541
2 5.40540540541
1 5.40540540541
2 5.40540540541
3 5.40540540541
2 5.40540540541
1 5.40540540541
2 5.40540540541
2 5.40540540541
1 5.40540540541
2 5.40540540541
2 5.67567567568
2 5.40540540541
1 5.40540540541
1 5.40540540541
2 5.40540540541
1 5.40540540541
2 5.40540540541
2 5.40540540541
1 5.40540540541
2 5.40540540541
2 5.40540540541
2 5.40540540541
2 5.40540540541
1 5.40540540541
2 5.40540540541
1 5.40540540541
2 5.40540540541
2 5.40540540541
2 5.40540540541
2 5.40540540541
1 5.40540540541
1 5.40540540541
1 5.40540540541
3 5.40540540541
1 5.40540540541
2 5.40540540541
2 5.40540540541
2 5.40540540541
2 5.40540540541
1 5.40540540541
3 5.40540540541
1 5.40540540541
2 5.40540540541
1 5.40540540541
2 5.40540540541
3 5.67567567568
1 5.40540540541
3 5.67567567568
2 5.40540540541
2 5.40540540541
1 5.40540540541
2 5.40540540541
2 5.40540540541
3 5.67567567568
2 5.40540540541
2 5.40540540541
1 5.40540540541
2 5.40540540541
3 5.40540540541
1 5.40540540541
3 5.67567567568
2 5.40540540541
1 5.40540540541
2 5.40540540541
2 5.40540540541
1 5.40540540541
2 5.40540540541
2 5.40540540541
2 5.40540540541
1 5.40540540541
1 5.40540540541
1 5.40540540541
1 5.40540540541
1 5.40540540541
3 5.40540540541
1 5.40540540541
1 5.40540540541
2 5.40540540541
2 5.40540540541
2 5.40540540541
2 5.40540540541
3 5.40540540541
1 5.40540540541
1 5.40540540541
1 5.40540540541
2 5.40540540541
1 5.40540540541
2 5.40540540541
2 5.40540540541
2 5.40540540541
2 5.40540540541
1 5.40540540541
3 5.40540540541
2 5.40540540541
3 5.67567567568
2 5.40540540541
3 5.67567567568
2 5.40540540541
1 5.40540540541
1 5.40540540541
3 5.40540540541
4 5.67567567568
7 5.63344594595
11 5.67567567568
8 5.67567567568
10 5.40540540541
9 5.40540540541
11 5.67567567568
8 5.67567567568
