2 15 779 5932 0
3 32 2149 16352 0
1 12 573 4155 0
3 13 764 8662 0
2 13 750 6859 0
1 19 887 5495 0
3 1 119 1185 0
1 18 537 3192 0
2 3 251 2508 0
2 10 622 5707 0
3 9 806 7271 0
3 3 174 1875 0
2 28 1153 9435 0
2 11 524 4456 0
1 42 1494 10000 1
3 8 465 5743 0
2 7 283 2995 0
1 28 878 5563 0
2 31 1492 14437 0
1 8 235 1342 0
1 23 840 4941 0
1 1 63 507 0
1 18 834 5688 0
2 21 1284 11202 0
1 13 357 2062 0
2 7 370 3972 0
3 29 1730 19604 0
1 25 828 5009 0
2 65 2582 20000 1
3 14 685 7536 0
1 14 667 4370 0
1 14 709 5261 0
2 37 2180 20000 1
2 15 798 5859 0
1 38 1389 10000 1
3 15 728 5337 0
1 20 722 4407 0
3 20 1064 10984 0
2 3 185 2204 0
3 35 2032 16239 0
1 20 529 3044 0
3 10 701 6348 0
1 17 752 5104 0
3 17 746 6804 0
2 40 2441 20000 1
2 13 841 7621 0
1 26 735 4887 0
1 4 182 1448 0
1 11 356 2618 0
1 15 651 4771 0
2 50 2295 20000 1
1 27 723 4556 0
2 4 207 1937 0
1 5 124 978 0
1 6 253 1761 0
2 22 847 5963 0
1 26 1287 8387 0
2 72 2546 20000 1
2 22 749 6348 0
2 48 2076 20000 1
2 21 952 7702 0
1 15 609 3858 0
1 23 647 4521 0
2 5 331 3808 0
3 18 922 10424 0
2 8 343 2960 0
3 28 1619 15085 0
2 1 56 784 0
1 54 1618 9527 0
3 18 1189 10453 0
1 9 282 2103 0
2 12 687 6392 0
2 7 512 4293 0
1 17 731 4930 0
1 12 363 2145 0
1 36 1384 9729 0
1 27 724 4869 0
2 21 1394 12758 0
1 12 276 1533 0
2 19 1374 12753 0
3 30 1722 12374 0
2 31 1321 10185 0
2 16 688 6729 0
2 2 152 1756 0
2 6 314 3165 0
1 3 151 1142 0
1 9 311 1731 0
1 13 324 1875 0
2 31 1247 8904 0
1 21 864 6090 0
2 24 1108 8868 0
2 8 409 2987 0
2 32 1440 10928 0
2 8 492 3805 0
2 7 333 3289 0
3 8 599 5785 0
1 25 752 4799 0
2 7 295 2776 0
2 6 374 3331 0
1 28 650 3783 0
3 21 1326 10215 0
1 23 624 3525 0
2 25 1192 9308 0
2 7 333 3226 0
2 1 64 537 0
2 8 496 5262 0
2 29 1602 14606 0
1 18 450 2771 0
1 7 215 1495 0
1 25 632 3515 0
2 68 2807 20000 1
3 27 1663 13959 0
3 7 459 4192 0
2 15 608 4579 0
2 8 369 3518 0
2 16 770 6273 0
2 10 677 5653 0
1 26 811 5629 0
11 26 4548 64807 0
2 17 790 6263 0
10 37 3651 35154 0
5 12 1174 14718 0
6 16 1604 16429 0
4 27 1909 21041 0
4 7 490 5637 0
8 29 5392 80000 1
3 10 615 6355 0
