2 0.481130952381
1 0.378787878788
2 0.487804878049
1 0.413174603175
2 0.532849740933
2 0.522193211488
1 0.310559006211
3 0.494824561404
1 0.3300330033
2 0.454123222749
1 0.406504065041
3 0.515463917526
1 0.31847133758
2 0.683272727273
1 0.404858299595
2 0.601340206186
2 0.452488687783
3 0.540454545455
3 0.568181818182
3 0.618794642857
3 0.561797752809
2 0.444444444444
2 0.433012048193
2 0.455580865604
1 0.390625
3 0.568631578947
2 0.413515283843
1 0.396825396825
2 0.41261682243
1 0.389948186528
2 0.506436781609
2 0.453514739229
3 0.44776119403
2 0.46403712297
2 0.429365079365
2 0.433839479393
2 0.546448087432
1 0.383870967742
3 0.433526011561
1 0.354609929078
2 0.530274390244
1 0.390625
2 0.399201596806
1 0.440528634361
2 0.522376237624
1 0.340136054422
2 0.665901639344
2 0.465679347826
2 0.447427293065
2 0.428265524625
3 0.465838509317
3 0.367580645161
3 0.489433962264
2 0.4158004158
2 0.479696969697
2 0.333889816361
3 0.552486187845
2 0.451709401709
1 0.31746031746
2 0.4
2 0.395256916996
3 0.658181818182
3 0.439882697947
2 0.457723076923
1 0.342465753425
2 0.512168674699
3 0.608720930233
2 0.494175438596
2 0.437636761488
1 0.408992248062
1 0.278551532033
2 0.515051546392
2 0.503778337531
2 0.448430493274
2 0.531969111969
1 0.367647058824
1 0.37037037037
2 0.49504950495
3 0.524149484536
2 0.5684
1 0.281799410029
1 0.367647058824
2 0.705245901639
2 0.422832980973
1 0.382984293194
1 0.262829268293
2 0.503726937269
2 0.528179104478
1 0.409557522124
2 0.656973684211
3 0.525728952772
2 0.588695652174
1 0.3861003861
2 0.4329004329
1 0.349540229885
1 0.381679389313
1 0.340145631068
1 0.332225913621
1 0.355871886121
2 0.404858299595
1 0.398406374502
3 0.691666666667
2 0.43956043956
2 0.519480519481
2 0.510930232558
2 0.608666666667
2 0.470588235294
2 0.441501103753
1 0.332225913621
1 0.464791666667
1 0.417777777778
2 0.549003215434
2 0.396616161616
2 0.442477876106
1 0.353684210526
1 0.36496350365
2 0.535445859873
2 0.498753117207
1 0.452727272727
1 0.36496350365
2 0.417897091723
1 0.353356890459
2 0.485135802469
1 0.36231884058
1 0.390625
2 0.537634408602
1 0.363636363636
2 0.467289719626
3 0.658181818182
2 0.646031746032
3 0.664953846154
2 0.473933649289
2 0.399223300971
1 0.369003690037
1 0.325732899023
3 0.612244897959
2 0.594133333333
1 0.30303030303
1 0.3300330033
3 0.537342657343
2 0.615565217391
2 0.303095238095
1 0.324675324675
2 0.480769230769
1 0.345135135135
2 0.421052631579
2 0.37061452514
3 0.534506329114
2 0.514138817481
2 0.479616306954
1 0.38
1 0.347222222222
1 0.358422939068
2 0.493827160494
3 0.548903061224
1 0.355871886121
2 0.529100529101
2 0.388349514563
1 0.38
2 0.478468899522
2 0.492610837438
1 0.341296928328
1 0.335647058824
1 0.371747211896
3 0.685467625899
1 0.3008
1 0.363636363636
2 0.481927710843
2 0.510204081633
2 0.398526785714
1 0.2375
1 0.321655405405
1 0.371666666667
2 0.459770114943
1 0.315457413249
2 0.394801762115
1 0.377358490566
2 0.615652173913
2 0.437228915663
2 0.519480519481
1 0.378787878788
52 0.68819481207
8 0.815789473684
4 0.573987138264
4 0.591715976331
1 0.386994219653
38 0.817490196078
65 0.887675070028
1 0.319771863118
3 0.704919786096
1 0.401606425703
1 0.314775510204
26 0.628421052632
63 0.690917431193
1 0.436681222707
1 0.251666666667
57 0.669092616504
6 0.50718512257
17 1.07357643759
60 0.841160801907
22 0.704655172414
1 0.355871886121
1 0.338173913043
8 0.662287449393
1 0.36496350365
1 0.35
4 0.661290322581
8 1.3056
2 0.552235294118
1 0.399954545455
1 0.377801724138
2 0.577777777778
1 0.313479623824
1 0.400181818182
1 0.43431372549
1 0.319488817891
1 0.411522633745
1 0.39562962963
1 0.4353125
1 0.36231884058
22 0.983070866142
20 0.728579710145
1 0.364314720812
71 0.898505747126
1 0.3861003861
1 0.334448160535
1 0.409836065574
1 0.371747211896
1 0.268196721311
1 0.308253968254
1 0.42735042735
2 0.454545454545
1 0.394033613445
2 0.467289719626
10 0.634115409004
1 0.343816425121
1 0.361010830325
2 0.558659217877
26 0.954128440367
1 0.392156862745
1 0.311526479751
22 0.745257452575
8 0.558659217877
26 0.707794117647
51 0.845070422535
3 0.84835443038
1 0.377358490566
5 0.827876712329
1 0.479777777778
17 0.944444444444
7 0.530519480519
4 0.512820512821
1 0.307692307692
1 0.328742138365
1 0.352112676056
1 0.34380952381
7 0.665403225806
6 0.701644518272
1 0.367647058824
1 0.311735015773
