1 26 1071 10000 1
2 15 1174 16063 0
1 35 1015 10000 1
3 9 739 12481 0
2 11 652 8331 0
2 21 869 9357 0
2 3 401 6054 0
2 15 1032 19269 0
2 12 670 9556 0
1 1 45 558 0
2 25 1296 18014 0
2 29 1386 17189 0
2 28 1708 18988 0
3 1 170 2904 0
1 13 366 2566 0
3 20 2096 30000 1
2 9 800 11406 0
1 15 687 6956 0
1 8 565 5482 0
1 2 104 1344 0
1 27 1040 10000 1
1 23 1054 8854 0
2 20 1080 11951 0
3 21 1327 17343 0
2 5 642 9898 0
2 19 1073 11763 0
1 6 236 2568 0
3 29 1682 30000 1
1 21 705 6244 0
2 4 235 3095 0
2 17 1431 20000 1
1 25 939 10000 1
1 9 340 3928 0
2 21 1422 20000 1
1 27 951 8395 0
2 7 385 6065 0
1 52 970 10000 1
3 17 2109 30000 1
1 32 1110 10000 1
2 29 1584 20000 1
2 6 356 6704 0
2 5 472 7246 0
2 12 521 8404 0
3 27 1943 30000 1
1 17 472 4118 0
1 33 1102 10000 1
1 6 247 3061 0
3 2 183 4258 0
2 19 1376 20000 1
2 3 162 3705 0
3 14 883 16436 0
2 1 66 1110 0
2 8 538 5635 0
2 16 1164 16294 0
2 44 1502 20000 1
3 22 1911 30000 1
1 22 906 10000 1
1 40 962 10000 1
1 16 893 9755 0
2 11 671 11287 0
1 27 980 10000 1
3 25 1673 25322 0
3 4 511 10226 0
2 2 216 3276 0
2 15 827 11102 0
3 18 1112 21420 0
1 44 1137 10000 1
1 51 953 10000 1
1 22 1022 9301 0
2 20 1194 18749 0
2 18 1190 20000 1
2 17 1332 20000 1
2 1 52 1048 0
1 28 1096 10000 1
1 3 142 1683 0
2 1 136 1994 0
2 13 1056 14015 0
2 35 1561 20000 1
1 7 287 2523 0
1 25 802 6931 0
1 20 797 8266 0
2 9 781 11972 0
3 12 971 17762 0
1 9 666 6435 0
3 33 1777 30000 1
1 32 1125 9699 0
3 32 1838 30000 1
1 19 562 4700 0
1 27 848 7686 0
1 7 403 4468 0
3 15 1397 25391 0
1 51 1131 10000 1
2 9 544 6621 0
2 50 1878 20000 1
1 14 513 6117 0
2 2 304 3878 0
1 28 886 10000 1
2 1 103 1588 0
3 16 1437 25388 0
2 7 678 9790 0
2 35 1689 20000 1
1 4 261 2737 0
1 17 956 9592 0
3 26 1614 18810 0
1 26 1081 10000 1
2 16 874 11792 0
1 24 964 10000 1
2 20 882 9737 0
1 37 1132 10000 1
1 2 106 1155 0
2 26 1532 16360 0
1 28 1007 8507 0
1 15 628 6019 0
1 39 972 10000 1
2 17 1008 17134 0
2 18 755 10284 0
1 23 913 8902 0
2 14 854 10311 0
3 31 2058 30000 1
2 47 1549 20000 1
1 10 475 4497 0
1 9 471 4786 0
7 13 1589 33618 0
11 8 795 18291 0
11 17 1315 30124 0
12 21 2079 44193 0
4 39 2775 40000 1
9 9 719 14609 0
7 28 2072 30194 0
7 3 486 16801 0
8 23 2115 45694 0
4 8 532 10196 0
