2 0.515729757607
1 0.370096225019
2 0.359841669665
1 0.370096225019
1 0.370096225019
1 0.37397157816
2 0.401284109149
2 0.555864369094
1 0.415282392027
1 0.362581580856
3 0.582298136646
2 0.392464678179
1 0.427715996578
2 0.46992481203
2 0.422654268808
1 0.355366027008
3 0.531726338178
1 0.362581580856
2 0.450653447499
2 0.541125541126
2 0.587889476778
2 0.449236298293
1 0.3861003861
1 0.338524035206
2 0.551571980143
1 0.332225913621
2 0.580720092915
1 0.330687830688
2 0.525210084034
1 0.388198757764
2 0.390320062451
1 0.403551251009
1 0.394632991318
2 0.537056928034
1 0.388198757764
1 0.338524035206
1 0.279017857143
1 0.388198757764
1 0.420168067227
2 0.529100529101
1 0.435540069686
1 0.335345405768
1 0.422654268808
2 0.655307994758
1 0.399042298484
3 0.757193336699
1 0.338524035206
1 0.454959053685
3 0.693481276006
2 0.571428571429
1 0.327653997379
2 0.525210084034
1 0.362581580856
2 0.605326876513
3 0.601926163724
1 0.410509031199
1 0.36443148688
2 0.447828034035
2 0.600240096038
1 0.446428571429
1 0.410509031199
3 0.641573994867
3 0.56990881459
1 0.375939849624
3 0.633981403212
1 0.457875457875
3 0.78781512605
1 0.37397157816
2 0.416493127863
2 0.46232085067
1 0.452079566004
1 0.30525030525
1 0.324675324675
1 0.37397157816
1 0.410509031199
3 0.549450549451
1 0.3663003663
2 0.57372346529
2 0.587889476778
3 0.46992481203
3 0.553709856035
1 0.401284109149
1 0.36075036075
1 0.348432055749
3 0.595238095238
2 0.696864111498
2 0.389256520047
2 0.513874614594
2 0.515729757607
2 0.463821892393
1 0.392464678179
1 0.454959053685
1 0.403551251009
1 0.3663003663
1 0.425170068027
1 0.482625482625
3 0.500667556742
1 0.300120048019
1 0.460829493088
1 0.346740638003
1 0.346740638003
1 0.479386385427
1 0.323206205559
2 0.592768227623
2 0.454959053685
2 0.370096225019
2 0.533049040512
38 0.849541694612
57 1.03283322461
2 0.471475719
2 0.585480093677
1 0.394632991318
2 0.640614990391
1 0.457875457875
1 0.396825396825
1 0.31605562579
1 0.35360678925
3 0.595238095238
1 0.384024577573
1 0.345065562457
1 0.4329004329
1 0.31328320802
19 0.533468104223
1 0.427715996578
2 0.566893424036
1 0.343406593407
1 0.435540069686
1 0.427715996578
44 0.623830318153
2 0.539083557951
1 0.379939209726
1 0.31887755102
2 0.46533271289
7 0.836120401338
1 0.341763499658
1 0.417710944027
1 0.46685340803
1 0.492610837438
3 0.682438580528
1 0.399042298484
5 0.828637719589
1 0.463821892393
1 0.37397157816
7 0.740740740741
4 0.4884004884
2 0.457875457875
1 0.381970970206
4 0.690131124914
4 0.552638850511
24 1.20554550934
1 0.420168067227
1 0.372023809524
1 0.3663003663
3 0.568397120121
2 0.580720092915
4 0.621118012422
1 0.408163265306
3 0.615763546798
