3 5 325 30000 1
1 12 175 10000 1
4 6 408 40000 1
2 1 41 3824 0
4 2 221 36155 0
2 11 264 20000 1
2 0 0 0 0
3 15 545 30000 1
4 2 170 29441 0
2 3 253 18771 0
3 4 249 30000 1
3 10 457 25383 0
2 16 227 20000 1
2 11 295 20000 1
2 3 179 20000 1
3 5 278 30000 1
3 0 0 0 0
2 15 279 20000 1
2 0 0 0 0
3 12 318 30000 1
1 8 176 10000 1
1 6 196 8462 0
3 0 0 0 0
2 8 264 20000 1
4 11 420 40000 1
4 16 486 40000 1
3 12 447 30000 1
1 2 139 8121 0
1 3 182 10000 1
4 0 0 0 0
3 4 202 24164 0
2 7 225 20000 1
2 5 271 20000 1
4 9 475 40000 1
3 15 452 30000 1
3 1 60 10015 0
1 9 184 10000 1
1 6 158 10000 1
3 3 280 30000 1
4 8 410 40000 1
3 1 69 8583 0
1 20 244 10000 1
2 8 258 20000 1
1 21 154 10000 1
3 3 211 30000 1
1 0 0 0 0
4 0 0 0 0
1 20 157 10000 1
2 2 170 14930 0
2 10 307 20000 1
1 5 197 10000 1
3 5 313 30000 1
1 7 213 10000 1
1 4 157 9833 0
4 2 118 16763 0
1 3 153 10000 1
1 3 147 10000 1
1 7 171 10000 1
1 14 210 10000 1
3 11 364 30000 1
1 19 203 10000 1
1 9 161 10000 1
3 2 133 16984 0
3 8 310 30000 1
3 9 467 30000 1
4 7 393 40000 1
1 0 0 0 0
4 2 146 22922 0
3 0 0 0 0
3 1 112 13341 0
2 15 331 20000 1
1 4 168 9240 0
2 9 261 20000 1
1 9 207 10000 1
1 22 174 10000 1
1 3 179 10000 1
2 1 65 6734 0
2 5 214 20000 1
2 1 49 4804 0
3 1 59 8488 0
1 1 79 5026 0
2 7 259 20000 1
2 0 0 0 0
1 0 0 0 0
4 3 186 26140 0
3 15 429 30000 1
2 1 68 7939 0
3 8 337 30000 1
1 3 164 10000 1
4 0 0 0 0
2 16 288 20000 1
