2 0.686813186813
1 0.390625
2 0.581395348837
2 0.405844155844
1 0.369822485207
3 0.610749185668
2 0.437062937063
2 0.592417061611
2 0.771604938272
2 0.558035714286
1 0.459558823529
2 0.451263537906
1 0.383435582822
1 0.446428571429
1 0.395569620253
2 0.494071146245
3 0.729571984436
2 0.694444444444
1 0.285388127854
3 0.526685393258
2 0.51867219917
1 0.390625
1 0.411184210526
2 0.563063063063
3 0.576923076923
1 0.466417910448
2 0.468164794007
1 0.393081761006
1 0.508130081301
1 0.372023809524
2 0.6038647343
3 0.637755102041
2 0.419463087248
1 0.408496732026
1 0.367647058824
2 0.446428571429
2 0.578703703704
1 0.349162011173
1 0.393081761006
2 0.65445026178
1 0.355113636364
1 0.343406593407
2 0.374251497006
2 0.586854460094
2 0.675675675676
2 0.65445026178
1 0.3125
2 0.694444444444
1 0.473484848485
2 0.874125874126
3 0.629194630872
2 0.441696113074
2 0.510204081633
1 0.357142857143
3 0.587774294671
3 0.637755102041
1 0.398089171975
2 0.520833333333
2 0.637755102041
2 0.512295081967
2 0.477099236641
1 0.385802469136
1 0.378787878788
3 0.747011952191
2 0.388198757764
2 0.563063063063
1 0.411184210526
2 0.581395348837
1 0.359195402299
3 0.531161473088
2 0.612745098039
2 0.51652892562
3 0.566465256798
3 0.784518828452
1 0.351123595506
2 0.444839857651
2 0.598086124402
1 0.422297297297
1 0.323834196891
2 0.46992481203
1 0.434027777778
1 0.357142857143
1 0.336021505376
1 0.434027777778
1 0.400641025641
2 0.400641025641
1 0.289351851852
3 0.573394495413
2 0.484496124031
1 0.408496732026
1 0.314070351759
1 0.452898550725
1 0.408496732026
2 0.65445026178
2 0.42662116041
2 0.384615384615
1 0.425170068027
2 0.490196078431
2 0.735294117647
1 0.452898550725
1 0.28801843318
1 0.393081761006
1 0.48828125
2 0.634517766497
1 0.477099236641
1 0.462962962963
2 0.606796116505
3 0.884433962264
2 0.702247191011
1 0.383435582822
3 0.608766233766
1 0.400641025641
2 0.621890547264
1 0.332446808511
2 0.753012048193
1 0.48828125
2 0.492125984252
1 0.339673913043
2 0.36023054755
2 0.598086124402
1 0.51652892562
3 0.554733727811
3 0.629194630872
1 0.376506024096
1 0.395569620253
21 0.737774030354
1 0.44014084507
1 0.381097560976
2 0.651041666667
7 0.669984686064
2 0.508130081301
10 0.843454790823
1 0.5
9 0.89003164557
10 0.724217844728
17 0.817307692308
1 0.376506024096
14 0.630403458213
5 1.17041198502
1 0.372023809524
47 0.649314765694
1 0.534188034188
1 0.322164948454
62 1.27132545932
11 1.40306122449
1 0.48828125
3 0.616776315789
1 0.393081761006
1 0.428082191781
1 0.388198757764
7 0.62769010043
1 0.428082191781
1 0.425170068027
18 1.66174298375
1 0.376506024096
1 0.425170068027
3 0.43808411215
1 0.383435582822
2 0.548245614035
4 0.739644970414
2 0.657894736842
1 0.411184210526
1 0.44014084507
1 0.422297297297
1 0.484496124031
1 0.388198757764
51 0.955772113943
1 0.525210084034
27 0.913149350649
1 0.330687830688
1 0.477099236641
6 0.443786982249
1 0.48828125
31 1.57905460473
1 0.413907284768
1 0.395569620253
