1.0|1.97675041068 1.0|3.90754218614 1.0|7.72423562121 1.0|15.2688859365 1.0|30.1827765456 1.0|59.663815932 1.0|117.940472647 1.0|233.13887774 1.0|460.85737232 1.0|911.0
0.952380952381|1.98019506307 0.955311355311|3.92117248781 0.955722280303|7.76468640181 0.954438377678|15.3755936792 0.955247772429|30.4466746953 0.953268918187|60.2903549185 0.956321207123|119.38666316 0.96918767507|236.408880987 0.954655559494|468.135698996 0.953779432908|927.0
0.980392156863|1.95960549022 0.980392156863|3.84005367732 0.980880608471|7.52499026883 0.981071171143|14.7460122447 0.981042757239|28.8963665536 0.981172527662|56.625478546 0.982238450351|110.963598645 0.980888451477|217.44487712 0.980762744682|426.106175026 0.980559868838|835.0
0.833333333333|1.98609645923 0.833333333333|3.94457914538 0.851706036745|7.83431467382 0.873368920522|15.5597046342 0.867311958056|30.9030742807 0.874882408278|61.3764864084 0.863856254319|121.899622336 0.857285429142|242.104408304 0.855624770978|480.842708097 0.847811993517|955.0
0.892857142857|1.9690212839 0.892857142857|3.87704481643 0.893939393939|7.63398376218 0.909584980237|15.0314765086 0.919797489233|29.5972971739 0.906926406926|58.2777080812 0.944143534191|114.750047589 0.923702950153|225.94528603 0.931742967457|444.891077189 0.902300242131|876.0
0.735294117647|1.92916698592 0.735294117647|3.72168525958 0.735294117647|7.17975233478 0.757015462652|13.8509411714 0.794633258003|26.7207784318 0.878841088674|51.5488435888 0.774323744096|99.446327214 0.773109243697|191.848571333 0.824644902209|370.107930112 0.744969040248|714.0
0.8628|1.98126054588 1.54301606426|3.92539335064 2.19861265432|7.77722697267 2.41928365223|15.4087129573 2.79352526558|30.5286750449 2.75327218935|60.4852593844 2.84215543071|119.837058025 2.92093704246|237.428434999 2.76794493609|470.407590733 2.88407638889|932.0
0.980392156863|1.93996857584 1.53036824486|3.76347807526 2.29074272133|7.30102920187 2.89955958707|14.1637672229 3.12554037566|27.4772633281 3.45681836521|53.3050274066 3.797337752|103.410078103 3.17860196078|200.612301946 3.40475405387|389.181561702 3.20037934128|755.0
0.877192982456|1.96401946225 1.6620498615|3.85737244809 2.47902364607|7.5759545612 2.82591342487|14.8793222033 3.41009532164|29.2232783924 4.12893188854|57.3950875134 3.64620112372|112.725068914 3.29967704977|221.39422923 3.65230166921|434.822575038 3.65816608324|854.0
1.0|1.99082866574 1.44444444444|3.96339877632 1.86585365854|7.89044789766 2.41288433382|15.7085298602 2.24515407483|31.2729915422 2.61786449511|62.2591680256 1.196875|123.94733641 1.63122923588|246.757910368 2.01022970612|491.252721458 1.78528906683|978.0
0.714285714286|1.991235414 1.35714285714|3.96501847395 2.37267080745|7.89528520249 2.69047619048|15.7213714988 2.62486368593|31.304951685 1.35111876076|62.3355284286 2.65006480836|124.124711757 1.61423118963|247.161521803 2.80466941189|492.156775192 1.2002633438|980.0
0.555555555556|1.98939912684 0.925925925926|3.95770888587 2.04444444444|7.87346260182 2.20930232558|15.6634596253 2.22035794183|31.1608729018 1.4652014652|61.9914133423 1.87183170778|123.325663575 0.875677506775|245.343967432 2.1075850943|488.087074585 1.40219645497|971.0
1.0|1.96630722164 1.0|3.86636408986 1.0|7.60245963138 1.0|14.9487712754 1.0|29.3938769134 1.0|57.7973924467 1.0|113.64743016 1.0|223.465762644 1.0|439.402342875 1.0|864.0
0.666666666667|1.97653331655 0.666666666667|3.90668395144 0.666666666667|7.72169098727 0.701968771215|15.2621794965 0.749423963134|30.166206258 0.720979765708|59.6245117029 0.750373692078|117.849833864 0.807280513919|232.934122983 0.678195488722|460.402054637 0.677243261685|910.0
0.540540540541|1.96991853824 0.540540540541|3.8805790473 0.540540540541|7.64442460437 0.546518637597|15.0588937423 0.550222401649|29.6647939484 0.550510727726|58.437227532 0.542267831742|115.116577839 0.54954954955|226.770280743 0.542822623948|446.718979957 0.542803887631|880.0
0.383702502317|1.98734075466 0.765466776496|3.94952327515 1.37561784351|7.8490485662 1.83873472949|15.598734101 2.10022477919|31.0 1.82096664398|61.6075633946 1.99573561996|122.43522153 2.65420724752|243.320505552 3.01267499054|483.56075713 2.70861271187|961.0
0.380952380952|1.97955328807 0.869617368358|3.91863122029 1.27580042256|7.75713931685 1.70689721868|15.3556706406 1.90370286862|30.3973683071 2.06447015426|60.1732103809 2.80180431548|119.116076463 2.17504496829|235.796620824 2.97502242655|466.771976067 2.08530832671|924.0
0.35791864139|1.92862592065 0.755926463474|3.7195979418 1.21881056202|7.17371300495 1.4367816092|13.8354088486 1.74590556296|26.6833281283 1.68713982408|51.4621582773 2.44286456304|99.2512523862 2.31954375213|191.418538009 1.99319520618|369.174754097 2.89286052681|712.0
1.0|1.82056420303 1.0|3.31445401734 1.0|6.03417633655 1.0|10.9856054331 1.0|20.0 1.0|36.4112840605 1.0|66.2890803468 1.0|120.683526731 1.0|219.712108661 1.0|400.0
0.993259009593|1.80048000472 0.993436512438|3.24172824739 0.992727968615|5.83666689016 0.992695812502|10.5088020299 0.99277333249|18.9208879284 0.992488524134|34.0666803866 0.993320249286|61.3363768633 0.993029358701|110.434920104 0.992124173613|198.83586547 0.992540732469|358.0
0.980392156863|1.78479107014 0.982828827945|3.18547916404 0.982254776108|5.68541476608 0.982172026768|10.1472775045 0.981434027551|18.1107702763 0.981886282697|32.3239410624 0.982407916438|57.6914813598 0.983230134159|102.967240754 0.981641386645|183.775011814 0.987623762376|328.0
0.842887473461|1.82727877511 0.846899224806|3.33894772197 0.85749875436|6.10118830356 0.855362318841|11.14857189 0.862051282051|20.3715487875 0.877877877878|37.2244987155 0.897310513447|68.0195364169 0.933884297521|124.290655187 0.861386138614|227.113676169 0.913325232888|415.0
0.793650793651|1.81455901146 0.823967501693|3.29262440607 0.835228618811|5.9746612874 0.833061132994|10.8413754795 0.829124870287|19.6723155729 0.891816920943|35.6965774991 0.872942386831|64.7735463793 0.891774891775|117.535422287 0.832971138816|213.274959677 0.838842975207|387.0
0.980392156863|1.80198312732 0.980596405229|3.24714319114 0.984565713836|5.85129724241 0.985405021737|10.5439389037 0.984442953354|19.0 0.984483001834|34.237679419 0.997821350763|61.6957206316 0.998774509804|111.174647606 0.986296377287|200.334839171 0.991869918699|361.0
0.902245954693|1.83547711046 1.20912441315|3.36897622301 1.33097104377|6.18367874302 1.48471056241|11.3500007912 1.56264354067|20.832666656 1.77694095238|38.2378827969 1.7436622458|70.1847586261 1.87827023582|128.822517961 1.74177148847|236.450783029 1.78270840734|434.0
0.980392156863|1.82859542211 1.39207125104|3.34376121777 1.61927101131|6.11438645546 1.77992576317|11.1807390815 1.88809400231|20.4450483003 2.22008130081|37.3857217267 1.73140689853|68.3633596019 2.09250903499|125.008926408 1.89733580811|228.590750554 1.93687702004|418.0
0.877192982456|1.82550985651 1.44803351663|3.33248623623 1.72149872545|6.08348647094 2.14848348505|11.1054645147 2.13203047459|20.2731349327 2.29001846722|37.0088076421 2.42705587498|67.5599431285 2.48955402525|123.331342087 2.17444455234|225.142580596 2.30375933592|411.0
0.833333333333|1.8223766262 1.18262671233|3.32105656773 1.48667014742|6.05221586333 1.73129850746|11.0294167261 1.88980994424|20.0997512422 2.22891891892|36.6293168564 1.81797159091|66.7524108728 1.86368790427|121.648033317 2.04750050607|221.688532541 1.87884284979|404.0
0.892857142857|1.82639624321 1.3782358581|3.33572323722 1.60210123523|6.09235238887 2.27640116478|11.1270495154 2.38299285714|20.3224014329 2.47420952381|37.1167576301 1.92298260971|67.7899066959 2.24295940615|123.811230917 2.36573586802|226.128367015 1.77846591837|413.0
0.694444444444|1.82815748743 1.10441767068|3.34215979883 1.65046645702|6.10999446041 1.99174838137|11.1700321209 1.85568278589|20.4205778567 1.69619883041|37.3320323062 1.72014269406|68.2488343815 1.75063395062|124.769617583 1.45036096055|228.098510587 1.35616442543|417.0
0.833333333333|1.82815748743 0.861563517915|3.34215979883 0.864957264957|6.10999446041 0.848894348894|11.1700321209 0.85406218656|20.4205778567 0.904494382022|37.3320323062 0.854961832061|68.2488343815 0.87299771167|124.769617583 0.839882482556|228.098510587 0.839882482556|417.0
0.833333333333|1.81124983811 0.837359098229|3.28062597605 0.860529986053|5.94203326802 0.873812238693|10.7625067947 0.872962962963|19.4935886896 0.923076923077|35.3077593582 0.885906040268|63.9511734216 0.955043859649|115.831552507 0.84434203789|209.799880726 0.849825378347|380.0
0.675675675676|1.81549459434 0.677487543409|3.29602062207 0.685856259847|5.98390762219 0.68604220659|10.8637519411 0.684382368946|19.7230829233 0.706272310046|35.807150431 0.679833679834|65.007688046 0.677959649791|118.021106238 0.678090000671|214.266680393 0.68078314535|389.0
0.351461840629|1.79692814757 0.672566690067|3.22895076754 0.992848932677|5.80219252133 1.32820971367|10.4261230592 1.56991678015|18.7349939952 2.29180989583|33.6654380546 1.63757460973|60.4943732407 1.91591532732|108.704042046 3.12476756565|195.333352908 2.53285205396|351.0
0.36713089542|1.80347504948 0.729866052094|3.25252225408 1.09049045988|5.8658427331 1.39114400414|10.5789010133 1.67160835265|19.0787840283 1.59863945578|34.4081109694 1.93481965351|62.054169633 2.11480411119|111.913146649 2.11454146876|201.83256769 2.01256796402|364.0
0.394835407397|1.77244244923 0.755759006076|3.14155223582 1.09736663802|5.56822053923 1.28106764154|9.86935045038 1.4869168987|17.4928556845 1.57949112022|31.0050799735 3.09246984086|54.9547198866 2.74763604526|97.4040783123 2.67837867012|172.643123129 1.88438934483|306.0
0.982716049383|1.72255375487 0.982811540823|2.96719143843 0.9854708019|5.11114675369 0.984885501156|8.80422503228 0.983951481222|15.1657508881 0.986922406277|26.1238211378 0.984486873508|44.9996861925 0.994421199442|77.514378419 0.981020166074|133.522683602 0.993944898577|230.0
0.994087213599|1.73061994382 0.992836072482|2.99504538996 0.993227357266|5.18328528452 0.992943989533|8.97029688792 0.992790937178|15.5241746963 0.995321637427|26.8664463408 0.992838153112|46.495607857 0.996289424861|80.4662262575 0.992373858296|139.256455965 0.994139194139|241.0
0.984775086505|1.76775317691 0.98222113233|3.12495129448 0.982987959582|5.52414257851 0.982205730589|9.76532059288 0.981414366695|17.2626765016 0.981919635899|30.5161512278 0.981876723157|53.94502328 0.980392156863|95.3614862818 0.980471988357|168.57557033 0.980603352452|298.0
1.0|1.73973608546 1.0|3.02668164707 1.0|5.26562728061 1.0|9.16080179268 1.0|15.9373774505 1.0|27.7268306583 1.0|48.2373678318 1.0|83.9202894848 1.0|145.999155919 1.0|254.0
0.908163265306|1.76536589833 0.90340488527|3.11651675498 0.908467360454|5.5017924008 0.913245607123|9.71267668404 0.90520694259|17.1464281995 0.912442396313|30.2697196215 0.98243559719|53.4371307717 0.906373626374|94.3360883687 0.898876404494|166.537713388 0.950166112957|294.0
0.980392156863|1.75104347574 0.984952120383|3.06615325393 0.9853625171|5.36896765092 0.985674336457|9.40129577662 0.988522238164|16.4620776332 0.981259760541|28.8258136367 0.983790849673|50.4752529014 1.0|88.3843622794 0.998039215686|154.764860927 0.989106753813|271.0
1.00448907104|1.76234034783 1.00139755011|3.1058435016 1.00399719495|5.47355331692 1.00305997392|9.64626385642 1.00345641026|17.0 1.00431372549|29.9597859131 1.00091968162|52.7993395272 1.00226360544|93.0504063876 1.00043021092|163.986485559 1.00014150743|289.0
0.991988547631|1.75039625879 0.988827229005|3.0638870628 0.990932915539|5.36301645209 0.993747619551|9.3874039336 0.993215353938|16.4316767252 0.998663398693|28.7619454654 0.998663398693|50.3448017383 0.980392156863|88.1233526125 1.08691176471|154.250786725 0.983895941355|270.0
0.91884089996|1.75926731454 0.919153829696|3.095021484 0.953345284806|5.4449701346 0.966287362568|9.57915798644 1.17060526316|16.8522995464 0.986870300752|29.6476997667 0.931357092282|52.1582291508 0.910755502392|91.7602677293 0.884243135011|161.430839789 0.87943931128|284.0
0.869094017094|1.76715907346 0.987956629492|3.12285119091 1.03792894281|5.51857481707 1.07888015526|9.75219956055 1.05307158837|17.2336879396 0.974139059305|30.4546680116 1.06425215889|53.818242906 1.00607788162|95.1053962689 1.01703547347|168.066363951 0.939276333071|297.0
0.802891649413|1.75864687048 0.988676814988|3.09283881506 1.0717989418|5.43921130301 1.18241129281|9.56565193594 1.1446448749|16.8226038413 0.992792366947|29.5850195988 1.15154878238|52.0296021306 1.0797862247|91.5016969595 0.885990580848|160.919173002 1.02911929371|283.0
0.925925925926|1.77069704633 1.17449053498|3.1353680299 1.36614975845|5.55178690971 1.49943980709|9.83053268291 1.53948992853|17.4068951855 2.05175925926|30.8223378909 1.41385620915|54.5770226645 1.06285863328|96.6393728298 1.09205955335|171.119052029 1.03018518519|303.0
1.0|1.75802445014 1.0|3.09064996728 1.0|5.43343820929 1.0|9.55211722024 1.0|16.7928556237 1.0|29.5222507742 1.0|51.900838684 1.0|91.2429433891 1.0|160.407325381 1.0|282.0
0.846153846154|1.71176985941 0.865079365079|2.93015605158 0.871567384875|5.01575281247 0.867383512545|8.58581448663 0.874849578821|14.6969384567 0.867283950617|25.1577762758 0.856377277599|43.0643231586 0.85559566787|73.7162103989 0.844380403458|126.185187111 0.836520434946|216.0
0.900900900901|1.7598857955 0.909731513692|3.09719801322 0.908762624838|5.45071478933 0.906116642959|9.59263553309 0.908523908524|16.8819430161 0.904365904366|29.7102917146 0.903518612953|52.2867203688 0.901285751771|92.0186564707 0.901313813814|161.942326444 0.90131612059|285.0
0.342690261206|1.74712745083 0.514844374643|3.05245432943 0.661782214827|5.33302675134 0.75959448221|9.31747743326 0.689492753623|16.2788205961 1.22651948052|28.4411743305 0.785948605796|49.6903564066 0.906366946779|86.8153857193 0.962185531095|151.677543544 0.983704893857|265.0
0.370659486017|1.76476451267 0.602238941262|3.11439378519 0.792821720803|5.49617163059 0.828674876612|9.69944864922 0.757835188245|17.1172427686 1.07207501598|30.2079025929 1.01971705033|53.3098344982 0.929200092564|94.0793040988 1.03217030213|166.02781725 1.18220710741|293.0
0.383128975827|1.7611169203 0.68930319217|3.10153280697 0.825741687535|5.46216190524 0.937417145884|9.61950575274 1.34975616417|16.9410743461 1.78840361446|29.835212679 1.31926398026|52.5432978698 0.901430499398|92.534890927 1.37901964351|162.96476213 1.24542247407|287.0
1.0|1.79435186278 1.0|3.21969860747 1.0|5.77727219392 1.0|10.366459123 1.0|18.6010752377 1.0|33.3768740026 1.0|59.8898560404 1.0|107.463474748 1.0|192.827286095 1.0|346.0
0.994094935271|1.79641554471 0.993262709986|3.22710880926 0.992576882291|5.79722842942 0.99276158741|10.4142312668 0.992814160072|18.7082869339 0.993017734953|33.6078574628 0.993448098664|60.3736775705 0.993737387795|108.456212879 0.996070726916|194.832426735 0.992270954531|350.0
0.981452040276|1.79845810831 0.982091995975|3.23445156736 0.981874426023|5.81702564728 0.981456311703|10.4616769416 0.982029894776|18.8148877222 0.982019008477|33.8377873811 0.980978290922|60.8558430829 0.986955281073|109.446684431 0.983478287977|196.835277043 0.980587885976|354.0
1.0|1.78479107014 1.0|3.18547916404 1.0|5.68541476608 1.0|10.1472775045 1.0|18.1107702763 1.0|32.3239410624 1.0|57.6914813598 1.0|102.967240754 1.0|183.775011814 1.0|328.0
0.892857142857|1.78260245797 0.899231080534|3.17767152315 0.910084033613|5.66452506777 0.913828745512|10.097596309 0.919208132691|18.0 0.899378881988|32.0868442434 0.916756176155|57.1980874166 0.966178697627|101.96145122 0.97032967033|181.756733562 0.896834603911|324.0
0.980392156863|1.79331195734 0.981825288255|3.21596777635 0.986439435587|5.76723346776 0.986004174794|10.3424487385 0.98428462294|18.547236991 0.985111056871|33.2609818716 0.987712418301|59.6473165033 0.98909875877|106.966245909 0.984622454751|191.82384782 0.982544027269|344.0
0.966168044077|1.79538637231 1.28816190476|3.22341222589 1.443825768|5.78727038271 1.55888105474|10.390386378 1.581827051|18.6547581062 1.71910283688|33.4924984826 1.76811987382|60.1319753505 1.75887179487|107.960129085 1.773648126|193.830144512 1.71256611409|348.0
0.985078752813|1.78962892347 1.41178247351|3.2027716837 1.53044863598|5.73177284041 1.76668895139|10.2577464579 1.90729740847|18.3575597507 1.90395689807|32.8532198941 1.88120551924|58.7950725514 1.87688493292|105.221362395 2.0405624922|188.307193509 1.87322921483|337.0
0.903178060093|1.79590162202 1.53207203615|3.22526263597 1.80141791045|5.79225439936 2.00396985007|10.402319071 2.13925036472|18.6815416923 2.22183792815|33.5502110269 2.13732300294|60.2528784023 2.51117991056|108.208242054 2.27351734687|194.33135742 2.17543859649|349.0
1.00050847458|1.77417251889 1.23177208835|3.1476881268 1.84036020151|5.58454177261 1.79159260563|9.90794054358 2.01257210965|17.5783958312 1.91499855908|31.18710681 2.13554761905|55.3313078462 1.96660482375|98.1672858151 2.07788569079|174.165700747 2.55162828283|309.0
0.892857142857|1.80446352825 1.28318877551|3.25608862477 1.80861582478|5.87549316814 2.0109594055|10.6021131324 1.8952629793|19.1311264697 1.77150435771|34.5214199689 1.94955069124|62.2926432771 2.24341994124|112.404802872 1.73632218845|202.830367182 2.86713622291|366.0
0.925925925926|1.78315188125 1.44230769231|3.17963063162 1.82818601349|5.66976434246 2.26468773946|10.1100509535 2.27662912913|18.0277563773 1.55457616487|32.146227699 1.25700617284|57.3216063966 1.12085769981|102.213130283 4.84174019608|182.261535552 1.78063106352|325.0
0.956613756614|1.80544715755 0.957586618877|3.25963943869 0.95845410628|5.88510675921 0.959683592753|10.6252492703 0.959717314488|19.1833260933 0.959974383606|34.6344815673 0.966037110669|62.5307262989 0.979198376459|112.895922056 0.954654540861|203.827621574 0.958165893869|368.0
0.888888888889|1.80297897571 0.908045977011|3.25073318685 0.903846153846|5.86100359153 0.90855927698|10.5672662521 0.913978494624|19.0525588833 0.964539007092|34.3513631 0.921006944444|61.9347854562 0.922804353328|111.667116043 0.91373852485|201.333462503 0.891890624267|363.0
0.900900900901|1.77417251889 0.903468235074|3.1476881268 0.905891503014|5.58454177261 0.90414103184|9.90794054358 0.904063003401|17.5783958312 0.901548607431|31.18710681 0.900900900901|55.3313078462 0.904111454867|98.1672858151 0.901244756207|174.165700747 0.900900900901|309.0
0.372195220737|1.79896550267 0.68030058447|3.23627687979 0.964005533854|5.82195046384 1.23380767557|10.4734880427 1.30966065603|18.8414436814 1.62605512344|33.8951072034 1.5243355417|60.9761285681 1.99330188679|109.69395178 1.42705621444|197.335635104 1.60450967161|355.0
0.377689328744|1.80048000472 0.718901510881|3.24172824739 1.16513556684|5.83666689016 1.38326163529|10.5088020299 1.56277186355|18.9208879284 1.78031937851|34.0666803866 1.19876394118|61.3363768633 2.12907354534|110.434920104 2.38492725972|198.83586547 1.93738702406|358.0
0.376932414698|1.80446352825 0.716429840142|3.25608862477 0.953708299222|5.87549316814 1.30259287982|10.6021131324 1.36280167987|19.1311264697 1.80445251122|34.5214199689 1.8443602071|62.2926432771 1.35904496616|112.404802872 1.98678126082|202.830367182 1.98678126082|366.0
1.0|1.72404579854 1.0|2.97233391546 1.0|5.12443979881 1.0|8.834768905 1.0|15.2315462117 1.0|26.2598832516 1.0|45.27324139 1.0|78.0531416047 1.0|134.567190846 1.0|232.0
0.992671643842|1.6863638912 0.99319134803|2.84382317355 0.993429868165|4.79572071283 0.99393568268|8.08733024239 0.995002082466|13.638181697 0.99405469679|22.9989371554 0.9970544919|38.7845771549 0.996996433265|65.4049104495 0.997714285714|110.296479289 0.997677119628|186.0
0.997555012225|1.72699547758 0.997519220454|2.98251337957 0.99728461048|5.15078711833 0.997379462281|8.89538605932 0.997528423134|15.3622914957 0.997198456038|26.5306079384 0.997156189146|45.8182399269 0.997305538615|79.1278931443 0.997641706668|136.65351361 0.99721589606|236.0
0.964147286822|1.71800649684 0.958540630182|2.95154632319 0.961049128988|5.07077575897 0.959172259508|8.71162569793 0.958005249344|14.9666295471 0.964959568733|25.7127667977 0.955875628715|44.1747004103 0.960589880498|75.8924223009 1.0|130.383674574 0.954997208264|224.0
0.955609362389|1.72404579854 0.957698815567|2.97233391546 0.961211786711|5.12443979881 0.967193558008|8.834768905 0.980071323684|15.2315462117 0.970506220506|26.2598832516 0.963322143479|45.27324139 0.95598530533|78.0531416047 0.955886284645|134.567190846 0.954340431825|232.0
0.980392156863|1.72478748425 0.98315177923|2.97489186582 0.986994594379|5.13105625716 0.985056925996|8.84998161332 0.983418870904|15.2643375225 0.986928104575|26.3277383141 0.991036414566|45.4097535327 0.982909379968|78.322174556 0.981522100366|135.089106413 0.980741050869|233.0
1.00359649123|1.72330123 1.01691240876|2.96976712932 1.02670841035|5.11780334677 1.04978638111|8.81951680239 1.06601442308|15.1986841536 1.09138967136|26.1919110962 1.06398680739|45.1365526082 1.08998148148|77.7838766277 1.0545198556|134.045050267 1.00881818182|231.0
0.987767722474|1.72772586372 1.02517066086|2.98503666015 1.11319979345|5.15732504188 1.13837246663|8.91044386245 1.09871861025|15.3948043183 1.16469537815|26.5980015876 1.26073109244|45.9540552661 1.09157064888|79.3960098259 1.16591437197|137.174539652 1.21727399907|237.0
0.909401993355|1.72626230074 1.13200859291|2.97998153095 1.23544581793|5.14422977376 1.30738694117|8.88028992478 1.33853975973|15.3297097168 1.47077935223|26.4630999653 1.28559398496|45.6822518307 1.39054675524|78.8595491481 1.30305004314|136.132266747 1.37894470038|235.0
0.967625806452|1.71953430271 1.06657731959|2.9567982182 1.26721632831|5.08431596239 1.4270263789|8.74265570316 1.52059502488|15.0332963784 1.79815432099|25.8502688054 1.31038535645|44.4504239453 1.66383417936|76.4340287439 1.61732792427|131.43093432 1.65521967963|226.0
0.963009994121|1.70532175914 1.07606218743|2.9081223022 1.27542826221|4.95928424019 1.42667643762|8.45717532456 1.62605200946|14.4222051019 1.61783068783|24.594500175 1.0101010101|41.9415363036 1.35790828219|71.5238144704 1.35328622235|121.971117113 1.38737990289|208.0
0.929096296296|1.72404579854 1.15494650206|2.97233391546 1.35497066807|5.12443979881 1.52273353353|8.834768905 1.56136528686|15.2315462117 1.64457105064|26.2598832516 1.26566068001|45.27324139 1.26566068001|78.0531416047 1.12822837278|134.567190846 1.47041137078|232.0
1.0|1.72552631059 1.0|2.97744104854 1.0|5.13765286748 1.0|8.86515519752 1.0|15.2970585408 1.0|26.3954769867 1.0|45.5460900212 1.0|78.5909766761 1.0|135.61079803 1.0|234.0
0.963718820862|1.72104998832 0.959446092977|2.96201306229 0.959075288972|5.09777254624 0.959872102318|8.77352138116 0.962741184298|15.0996688705 0.993333333333|25.9872849332 0.954732510288|44.7254164307 0.956094134176|76.9746774256 0.958444444444|132.477267684 0.953947368421|228.0
0.90528581679|1.70117739717 0.906870726148|2.89400453664 0.907765326302|4.92321510503 0.905952068573|8.37526225807 0.906406406406|14.2478068488 0.902702702703|24.2380469704 0.903281010268|41.2332176575 0.901547550813|70.1450178914 0.922245322245|119.329118961 0.900900900901|203.0
0.346504254188|1.70201356369 0.549101923077|2.89685017098 0.704402469136|4.93047828299 0.827623635744|8.39174091311 0.919295252226|14.2828568571 1.09659605263|24.309616099 1.18525520621|41.3752963286 1.03347108176|70.4213155528 1.13405422993|119.858034244 1.18600928036|204.0
0.387402215236|1.69864646463 0.578502058718|2.88539981181 0.798441678395|4.90127418939 0.99728511864|8.32553207402 1.29439935065|14.1421356237 1.03306464947|24.0224886796 1.25981080775|40.8057154674 1.52044663383|69.3144843155 2.90487517768|117.74080373 1.51403101326|200.0
0.361983856218|1.72404579854 0.624488473197|2.97233391546 0.841848292432|5.12443979881 1.10344004772|8.834768905 1.50210653878|15.2315462117 1.22939167837|26.2598832516 1.70683619017|45.27324139 2.25326525245|78.0531416047 1.6159665475|134.567190846 1.74939514247|232.0
1.0|1.68545504295 1.0|2.8407587018 1.0|4.78797107974 1.0|8.06991000184 1.0|13.6014705087 1.0|22.9246670605 1.0|38.6384957049 1.0|65.1234474378 1.0|109.762642898 1.0|185.0
0.999329968922|1.68726835239 0.999412110523|2.84687449299 0.999427312775|4.80344123525 0.999569614805|8.10469437881 0.999639542219|13.6747943312 0.999809087438|23.0730477005 0.999734546834|38.9304231782 0.999507781397|65.6860709739 0.99974974975|110.830028747 0.999766940512|187.0
0.993614900642|1.67611496972 0.992900477604|2.80936139172 0.993006240585|4.70881268402 0.993836167858|7.89251142929 0.995837117772|13.2287565553 0.994365655233|22.1729168932 0.995952129532|37.164357927 0.996129174961|62.2917366615 0.993481834155|104.408112308 0.992615795613|175.0
1.0|1.67802074895 1.0|2.81575363392 1.0|4.72489302167 1.0|7.92846852695 1.0|13.3041346957 1.0|22.3246140662 1.0|37.4611656155 1.0|62.8606131828 1.0|105.481413213 1.0|177.0
0.993719806763|1.68726835239 0.992897556278|2.84687449299 0.993697100666|4.80344123525 0.994446158593|8.10469437881 0.992700729927|13.6747943312 0.996475953566|23.0730477005 1.0|38.9304231782 0.99402020202|65.6860709739 0.996449178873|110.830028747 0.996148535717|187.0
0.951030927835|1.6741894864 0.953446191052|2.80291043638 0.958894374626|4.69260318391 0.955450391645|7.85630691436 0.968609865471|13.152946438 0.958418194162|22.0205246416 1.0|36.8665308401 0.978773584906|61.7215583326 0.983504712939|103.333584045 0.964541120381|173.0
0.988367626886|1.66728870783 1.06972984942|2.77985163527 1.13678302038|4.63481524094 1.19974146078|7.72757511413 1.26964863184|12.8840987267 1.31709322779|21.4815123177 1.3733747927|35.8158829145 1.26991452991|59.7154171445 1.32974195829|99.5628406886 1.28609947644|166.0
0.987541080462|1.6817748652 1.18221798841|2.82836669722 1.2996566052|4.75667602094 1.38093643642|7.99965817391 1.44872261608|13.4536240471 1.51896631136|22.6259667682 1.47526111975|38.0517822116 1.61282492355|63.9945308995 1.66051480353|107.624393577 1.58340201523|181.0
0.981160725775|1.68084338964 1.25762586543|2.82523450049 1.43484049683|4.74877673434 1.52367199039|7.98194998279 1.6592748538|13.416407865 1.83407111912|22.5508804726 1.75862361217|37.9044983729 1.76635029199|63.7115255277 2.0281823411|107.089096527 1.8939840568|180.0
1.00133526012|1.67802074895 1.18875896414|2.81575363392 1.35421453459|4.72489302167 1.56237733574|7.92846852695 1.77142857143|13.3041346957 2.07249508197|22.3246140662 2.38766188525|37.4611656155 2.21279142857|62.8606131828 2.10274736842|105.481413213 2.37436680328|177.0
0.917710159876|1.64488977228 1.06330639948|2.70566236296 1.40566012997|4.45051634809 1.62450578739|7.32060882236 2.01702821869|12.0415945788 1.68663584184|19.8070957646 1.57845752254|32.5804892419 2.1162552381|53.59131353 2.04679120879|88.1518035088 1.86509593093|145.0
0.940088446656|1.68362400388 1.24258823529|2.83458978644 1.44211524435|4.7723834056 1.80817076619|8.03489925738 1.64493603801|13.5277492585 1.84281944444|22.77564337 1.7305538746|38.3456198815 4.48227777778|64.5596060762 1.42278940568|108.694102471 1.60626576397|183.0
0.983685576567|1.66728870783 0.98247322298|2.77985163527 0.983414239482|4.63481524094 0.984024643599|7.72757511413 0.984554060787|12.8840987267 0.984435797665|21.4815123177 0.986778846154|35.8158829145 0.986666666667|59.7154171445 0.992319508449|99.5628406886 0.993085566119|166.0
0.937537537538|1.68545504295 0.938219070134|2.8407587018 0.934239409649|4.78797107974 0.937227949599|8.06991000184 0.94254330376|13.6014705087 0.947129285419|22.9246670605 0.980356046654|38.6384957049 0.94803661057|65.1234474378 0.932399626517|109.762642898 0.965780629392|185.0
0.918918918919|1.67611496972 0.909552409552|2.80936139172 0.907935981556|4.70881268402 0.906138121649|7.89251142929 0.900900900901|13.2287565553 0.906101436714|22.1729168932 0.905088186778|37.164357927 0.908619452039|62.2917366615 0.90221521256|104.408112308 0.912390651521|175.0
0.359047317279|1.68726835239 0.564333250559|2.84687449299 0.768335424509|4.80344123525 0.927888286382|8.10469437881 1.12350473267|13.6747943312 1.12922051965|23.0730477005 1.27518868774|38.9304231782 1.12919295915|65.6860709739 1.42184151635|110.830028747 1.30553900131|187.0
0.384174426272|1.67224386391 0.57080317132|2.7963995404 0.79330841639|4.67626197248 1.02503583373|7.81985038953 1.38498976514|13.0766968306 1.61273540735|21.8674260353 0.938894377484|36.5676690071 1.60554247718|61.1500601147 1.74504584442|102.257812805 2.13249221375|171.0
0.389916333666|1.68362400388 0.622209513435|2.83458978644 0.836327343106|4.7723834056 1.13609997726|8.03489925738 1.04881769641|13.5277492585 1.37552923387|22.77564337 1.94823570699|38.3456198815 1.72764720183|64.5596060762 1.39275766017|108.694102471 1.53386328507|183.0
1.0|1.66829038622 1.0|2.78319281275 1.0|4.64317381251 1.0|7.74616223295 1.0|12.9228479833 1.0|21.5590630531 1.0|35.9667776274 1.0|60.0030293391 1.0|100.102476991 1.0|167.0
0.999392959852|1.67802074895 0.999487600823|2.81575363392 0.999561925672|4.72489302167 0.999651042906|7.92846852695 0.999774470005|13.3041346957 0.999779832673|22.3246140662 0.999758059638|37.4611656155 0.999636198272|62.8606131828 0.999675054327|105.481413213 0.999291705103|177.0
0.997453788713|1.66928668081 0.997312601977|2.78651802273 0.99731434314|4.65149742118 0.997242728096|7.76468269101 0.99693934335|12.9614813968 0.998490850783|21.6364282593 0.998491704374|36.1174015135 0.997535281256|60.290297292 0.997148669646|100.641790252 0.996983025997|168.0
1.0|1.61804468476 1.0|2.61806860189 1.0|4.23615198563 1.0|6.8542832042 1.0|11.0905365064 1.0|17.9449836454 1.0|29.0357854055 1.0|46.9811982433 1.0|76.0176781014 1.0|123.0
0.994576464711|1.65157269705 0.993082104497|2.72769237364 0.993607454358|4.50498225026 0.993193132175|7.44030568523 0.995193666949|12.2882057274 0.993816750984|20.2948650752 0.998456790123|33.5184450485 0.995399991636|55.3581486897 0.995399991636|91.4280069352 0.996661897949|151.0
0.993740795287|1.67224386391 0.993061337774|2.7963995404 0.993582887701|4.67626197248 0.994122148024|7.81985038953 0.99258081611|13.0766968306 0.994047619048|21.8674260353 0.994061572121|36.5676690071 0.996732026144|61.1500601147 0.992424242424|102.257812805 0.993098942382|171.0
1.01118369238|1.62951136248 1.01168609672|2.65530728046 1.01178311499|4.3268533844 1.01213663547|7.05065675367 1.0111586758|11.4891252931 1.01064848485|18.7216602101 1.0127096603|30.5071580368 1.01382864793|49.7117606581 1.01402342513|81.0058788414 1.01340033501|132.0
0.990422835801|1.65696166124 1.02392625864|2.74552194683 1.04270506486|4.54922460599 1.04581105169|7.53789076051 1.06200262532|12.4899959968 1.06612591734|20.6954445158 1.0868627451|34.291558125 1.0642435333|56.8197971174 1.04849629041|94.1482254231 1.13065953654|156.0
0.980731184905|1.65047566702 1.06375528565|2.72406992743 1.11407652132|4.49601113048 1.13459642784|7.42055696951 1.19720613008|12.2474487139 1.14811610457|20.2141160854 1.24313682103|33.3629067293 1.10663601964|55.0646657377 1.1880992689|90.8828909128 1.40591033138|150.0
1.0009375|1.66219735771 1.11643929059|2.76290005596 1.30482635235|4.59248517262 1.39443563766|7.63361671924 1.44087868481|12.6885775404 1.53832098284|21.0909200608 1.72409928656|35.0572715966 1.67848161523|58.2721042162 1.73579225352|96.8597376561 1.60210462614|161.0
0.994279100529|1.61804468476 1.16384255386|2.61806860189 1.35233791386|4.23615198563 1.51030960946|6.8542832042 1.61075373754|11.0905365064 1.53248556999|17.9449836454 1.67269306686|29.0357854055 2.09930185237|46.9811982433 2.03041925466|76.0176781014 1.3631704842|123.0
0.994741703614|1.66219735771 1.21590909091|2.76290005596 1.33726965101|4.59248517262 1.45644724023|7.63361671924 1.30867991374|12.6885775404 1.65924641469|21.0909200608 1.42209864808|35.0572715966 1.47423960273|58.2721042162 0.992063492063|96.8597376561 1.23151757548|161.0
1.0|1.64260675225 1.0|2.69815694255 1.0|4.43201081247 1.0|7.28005088662 1.0|11.9582607431 1.0|19.6427198418 1.0|32.2652642448 1.0|52.9991409117 1.0|87.0567467252 1.0|143.0
0.983901515152|1.67611496972 0.984361424848|2.80936139172 0.983301742034|4.70881268402 0.983440008128|7.89251142929 0.984150569589|13.2287565553 0.981039059537|22.1729168932 0.98280605227|37.164357927 0.982229070365|62.2917366615 0.98088139987|104.408112308 0.981773571679|175.0
0.969873543268|1.6232311643 0.968600953895|2.63487941277 0.968131898531|4.27701837699 0.968018018018|6.94258951984 0.965954905181|11.2694276696 0.969189189189|18.2928861971 0.967152251203|29.6935829603 0.968307069284|48.199549241 0.965481880594|78.2390104335 0.96563004563|127.0
0.355025314812|1.67321922032 0.517887151181|2.79966255924 0.671096694796|4.68444920453 0.774848646996|7.83811044563 0.907695551032|13.1148770486 0.871486799444|21.9440643498 0.856362704918|36.7172302421 0.823808246731|61.4359753579 0.884830287206|102.795854788 1.15807448247|172.0
0.386854673134|1.67707029572 0.589806127253|2.81256477678 0.739287961881|4.71686884191 0.853282332265|7.91052062356 0.741409165547|13.2664991614 0.662819713038|22.2488516718 1.11098133264|37.3128882525 1.22202896054|62.5763365357 0.823328060576|104.944915219 1.01994024935|176.0
0.404677405881|1.67027765233 0.5996587858|2.78982743589 0.810207570607|4.65978642004 0.89976225335|7.78313712204 1.3496674845|13.0 1.16462329217|21.7136094804 0.817895989123|36.2677566666 1.48586671659|60.5772234605 1.52584441005|101.180782587 1.32371817362|169.0
0.999478537059|1.65907381403 0.999408196479|2.75252592039 0.999369926087|4.56664367695 0.999567505226|7.57639894241 0.999718468468|12.56980509 0.999820111531|20.8542344722 1.0|34.5987143244 0.999790422299|57.4018209346 1.0|95.23385799 1.0|158.0
0.997034483003|1.65374728073 0.99682679798|2.73488006852 0.996924684826|4.52280047643 0.997527000135|7.47956898917 1.0|12.3693168769 0.999216524217|20.4557241496 0.998470405829|33.8285981877 0.998560680406|55.9439522637 0.997656614074|92.5171589293 0.999032286443|153.0
0.999296408871|1.63912775273 0.999282227964|2.68673978979 0.999324242031|4.40390975381 0.999324962873|7.21857069802 0.9993962347|11.8321595662 0.999354652068|19.3944211197 0.999582104228|31.7899339056 0.99946534461|52.1077629223 0.999505889479|85.4112803388 0.999268701584|140.0
0.984622342831|1.66012088204 0.984175084175|2.75600134298 0.984808389689|4.5752953804 0.985871430013|7.5955434025 0.987301587302|12.6095202129 0.989164528087|20.9333278179 0.990105132962|34.7518546411 0.992555831266|57.6922795793 0.994936708861|95.7761580619 0.994350282486|159.0
0.980127533194|1.65374728073 0.976630713919|2.73488006852 0.978463080143|4.52280047643 0.979082167|7.47956898917 0.979532163743|12.3693168769 0.980990243791|20.4557241496 0.986834490741|33.8285981877 0.984582482745|55.9439522637 0.990133576199|92.5171589293 0.979792667391|153.0
0.993578255675|1.66322690408 0.993642660594|2.76632373445 0.993270241851|4.60102406052 0.993661175711|7.65254700375 0.992063492063|12.7279220614 0.995262704565|21.1694224054 0.998641673458|35.2095528885 0.9963356974|58.5614756447 0.997561825148|97.4010218347 0.997589453861|162.0
1.00508951407|1.66116203994 1.21890997831|2.75945932292 1.35825981162|4.58390907798 1.41768625636|7.61461575486 1.6119695122|12.6491106407 1.6119695122|21.0122224352 1.59371447602|34.9047062841 1.65681917211|57.9823730942 1.5520553539|96.3181171695 1.63031756757|160.0
0.988906143239|1.66425074655 1.27938847133|2.7697305474 1.50066659411|4.60952613126 1.63029203724|7.67140730521 1.70826459735|12.7671453348 1.8514567799|21.2477311548 1.9725095689|35.3615524369 1.85223500735|58.8504900424 1.85223500735|97.9419719881 1.83394180405|163.0
0.957603607718|1.58647099848 1.35938493896|2.51689022901 1.57999840234|3.99297335469 1.73617413042|6.33473642491 1.84801892371|10.0498756211 1.89345118521|15.9438362112 2.17473285486|25.2944337536 2.15197950629|40.128885573 2.66030235162|63.6633131629 2.23699690402|101.0
0.985667646099|1.6257694972 1.15298154556|2.64312645802 1.60321197411|4.29711437269 1.94514241724|6.98611747309 1.58085755814|11.3578166916 2.46471538462|18.465191932 2.9251572327|30.0201458029 2.85808243728|48.8058373479 3.1365841195|79.3470416454 3.03443883277|129.0
0.995441870442|1.62450479271 1.20210332267|2.63901582155 1.65142312777|4.28709385015 1.7849436131|6.96440450637 2.12518626498|11.313708499 2.19555035129|18.37917368 2.41399301456|29.8570557292 3.2559182046|48.5029301283 2.67746155754|78.7932424541 2.84468193589|128.0
0.941884909173|1.64260675225 1.27709687403|2.69815694255 1.65559982293|4.43201081247 1.94158258957|7.28005088662 1.6835016835|11.9582607431 2.0317473191|19.6427198418 2.52379262522|32.2652642448 1.99595486111|52.9991409117 1.51397502153|87.0567467252 2.58406564985|143.0
0.984738120014|1.61935538014 0.985321100917|2.62231184718 0.984508547009|4.24645479813 0.982689465907|6.87651942387 0.987854251012|11.1355287257 0.984267453294|18.0323783526 0.982493494204|29.2008289019 0.991129785247|47.2865193868 0.991161616162|76.573679577 0.992494481236|124.0
0.943111111111|1.64260675225 0.93902928199|2.69815694255 0.933522667508|4.43201081247 0.939869281046|7.28005088662 0.9331366765|11.9582607431 1.0|19.6427198418 0.941848390447|32.2652642448 0.974603174603|52.9991409117 0.950799507995|87.0567467252 0.963247358404|143.0
0.912953494035|1.65266320787 0.913112164297|2.73129567865 0.907644966163|4.51391187791 0.90600356454|7.45997608419 0.915057915058|12.3288280059 0.903550609433|20.3754004416 0.922275216393|33.6736746554 0.900900900901|55.6512431768 0.904335028097|91.9727620704 0.905712959694|152.0
0.339604948125|1.64029481191 0.549112841655|2.69056706997 0.812226734187|4.41332320595 0.939779611944|7.23915115798 1.41498792271|11.874342087 1.16865313653|19.4774217202 1.68475833821|31.9487137969 1.6126952485|52.4053094881 1.41462845375|85.9601572696 1.4224221022|141.0
0.358718798776|1.65047566702 0.59812265086|2.72406992743 0.885182063158|4.49601113048 1.08874089265|7.42055696951 1.69655880032|12.2474487139 1.46558326038|20.2141160854 2.12197960162|33.3629067293 2.17194872748|55.0646657377 2.38447661003|90.8828909128 2.00798084597|150.0
0.371806161243|1.58958487752 0.636641330727|2.52678008284 0.972802464131|4.0165314085 1.19947889371|6.38461758703 1.67144221585|10.1488915651 1.86493336887|16.1325245555 2.15742677824|25.6440170696 2.45751462701|40.7633417326 2.17804975465|64.7967915754 2.80996707194|103.0
1.0|1.53994824906 1.0|2.37144060978 1.0|3.65189581478 1.0|5.62373056571 1.0|8.66025403784 1.0|13.336343042 1.0|20.5372781163 1.0|31.6263454757 1.0|48.7029353394 1.0|75.0
0.999950577537|1.53367468684 0.999988902523|2.35215804505 1.0|3.60744525314 1.0|5.53264746889 1.0|8.48528137424 1.0|13.0136612544 1.0|19.9587228489 1.0|30.610188015 1.0|46.946070518 1.0|72.0
0.999976067394|1.53994824906 0.999930324807|2.37144060978 0.999922228703|3.65189581478 1.0|5.62373056571 0.999953144035|8.66025403784 1.0|13.336343042 0.999962449777|20.5372781163 0.999924763947|31.6263454757 0.999959517448|48.7029353394 0.999966993432|75.0
1.0|1.52936027065 1.0|2.33894283743 1.0|3.57708625087 1.0|5.47065359676 1.0|8.36660026534 1.0|12.7955460462 1.0|19.5689997642 1.0|29.9280507757 1.0|45.7707718342 1.0|70.0
0.997816193203|1.53579159336 0.998075575775|2.35865581824 0.998024577337|3.62240377729 0.99824363317|5.56325726892 1.0|8.54400374532 0.999630333756|13.1218091257 0.999692699416|20.152364145 0.998861233122|30.9498314402 1.0|47.5324909418 1.0|73.0
0.998338094971|1.53994824906 0.998398960117|2.37144060978 0.998660730445|3.65189581478 0.99913081269|5.62373056571 0.998464407151|8.66025403784 0.999721059972|13.336343042 1.0|20.5372781163 0.99945622621|31.6263454757 0.999674479167|48.7029353394 0.999763257576|75.0
1.01322289806|1.52716129671 1.01323813774|2.33222162616 1.01333333333|3.56167860282 1.01333333333|5.43925771353 1.01333333333|8.30662386292 1.01343989344|12.6855544698 1.01333333333|19.3728878135 1.01333333333|29.5855244742 1.01333333333|45.1818679198 1.01333333333|69.0
1.00291703825|1.53579159336 1.00657640366|2.35865581824 1.00781789603|3.62240377729 1.00909514201|5.56325726892 1.02017527268|8.54400374532 1.02035064722|13.1218091257 1.0144550016|20.152364145 1.00392156863|30.9498314402 1.03942667976|47.5324909418 1.00705450224|73.0
0.996280265882|1.53788256009 1.00233774972|2.36508276864 1.00438040847|3.63721954306 1.01794001132|5.5936165025 1.0299718326|8.60232526704 1.04818272095|13.2293660044 1.00701754386|20.3452112593 1.00338068996|31.2885455771 1.00616513034|48.1181085736 1.02499200614|74.0
1.0|1.53788256009 1.03458006485|2.36508276864 1.09421438478|3.63721954306 1.22131054131|5.5936165025 1.24792951542|8.60232526704 1.15175412294|13.2293660044 1.29611428571|20.3452112593 1.30327083333|31.2885455771 1.30327083333|48.1181085736 1.23786899563|74.0
0.99925756837|1.54198929684 1.08642312546|2.37773099157 1.21655643371|3.66643573978 1.34545454545|5.65360466829 1.28206459875|8.71779788708 1.79029472499|13.4427510339 1.61405177792|20.7285782144 1.50100887813|31.9632457453 1.29419764923|49.2869828316 1.46873249706|76.0
0.993817619784|1.50086904107 1.12479360165|2.25260787843 1.29123878537|3.3808694264 1.49876736111|5.07424225398 1.49096780704|7.61577310586 1.48548387097|11.4302780784 1.88582375479|17.1553504986 1.82009011979|25.747934452 1.94138958741|38.6442776905 1.23023566569|58.0
1.0|1.51806838443 1.0|2.3045316198 1.0|3.49843659294 1.0|5.31086598667 1.0|8.0622577483 1.0|12.2390585948 1.0|18.5797279079 1.0|28.2052975283 1.0|42.8175704512 1.0|65.0
0.995752362748|1.53579159336 0.995548287453|2.35865581824 0.996017802764|3.62240377729 0.99538638985|5.56325726892 0.995647442873|8.54400374532 0.995821727019|13.1218091257 0.996627318718|20.152364145 0.995991038793|30.9498314402 0.99647171391|47.5324909418 1.0|73.0
0.986110657211|1.54198929684 0.98415607085|2.37773099157 0.984689302197|3.66643573978 0.983892561292|5.65360466829 0.982800982801|8.71779788708 0.983854336264|13.4427510339 0.983841492738|20.7285782144 0.983629375831|31.9632457453 0.984518069624|49.2869828316 0.983817281539|76.0
0.355464566281|1.53153115166 0.468037565639|2.34558766851 0.534950938567|3.59234058326 0.592519717725|5.50178151064 0.611422755517|8.42614977318 0.634115409004|12.9049108662 0.981082371667|19.7642730009 0.83519239757|30.2695997909 0.817490196078|46.358835028 0.753910382879|71.0
0.387593616231|1.53788256009 0.523669159124|2.36508276864 0.61648460307|3.63721954306 0.64686861231|5.5936165025 0.816512784091|8.60232526704 1.06030952381|13.2293660044 0.691410170626|20.3452112593 1.02975206612|31.2885455771 0.727500340298|48.1181085736 1.03436597902|74.0
0.401315312046|1.51091199469 0.565461168752|2.2828550557 0.64377235962|3.4491930858 0.929752066116|5.21142720534 0.569476082005|7.87400787401 0.953724570326|11.8969329431 0.72975345706|17.9752186838 0.962634059607|27.1589735166 1.54177564538|41.0348188497 0.924762085605|62.0
