27 1 49 24500 0
17 13 340 170000 1
14 4 113 56500 0
6 7 120 60000 1
13 5 235 117500 0
20 22 400 200000 1
21 1 49 24500 0
17 2 66 33000 0
24 9 386 193000 0
17 7 279 139500 0
28 7 385 192500 0
16 2 121 60500 0
18 11 360 180000 1
19 20 380 190000 1
5 4 100 50000 1
29 4 369 184500 0
3 9 60 30000 1
12 2 104 52000 0
6 1 51 25500 0
20 6 236 118000 0
6 1 47 23500 0
27 20 540 270000 1
6 1 33 16500 0
11 4 220 110000 1
16 12 320 160000 1
19 1 48 24000 0
19 19 380 190000 1
10 20 200 100000 1
7 1 29 14500 0
7 2 63 31500 0
14 11 280 140000 1
3 2 37 18500 0
19 20 380 190000 1
21 1 36 18000 0
18 15 360 180000 1
5 14 100 50000 1
16 21 320 160000 1
27 22 540 270000 1
7 4 140 70000 1
10 1 38 19000 0
8 12 160 80000 1
5 1 33 16500 0
9 4 168 84000 0
6 1 43 21500 0
17 13 340 170000 1
2 7 40 20000 1
22 1 31 15500 0
3 1 25 12500 0
23 17 460 230000 1
17 15 340 170000 1
2 4 40 20000 1
23 19 460 230000 1
26 19 520 260000 1
7 1 48 24000 0
26 10 520 260000 1
21 1 31 15500 0
28 4 182 91000 0
18 10 360 180000 1
3 7 60 30000 1
22 13 440 220000 1
20 1 48 24000 0
23 1 31 15500 0
5 1 26 13000 0
23 8 347 173500 0
18 4 237 118500 0
16 14 320 160000 1
22 25 440 220000 1
9 8 180 90000 1
17 10 340 170000 1
11 8 220 110000 1
5 4 100 50000 1
7 3 140 70000 1
10 13 200 100000 1
5 6 100 50000 1
2 4 40 20000 1
15 9 277 138500 0
25 10 500 250000 1
24 19 480 240000 1
24 9 409 204500 0
17 23 340 170000 1
22 8 293 146500 0
10 16 200 100000 1
18 6 202 101000 0
9 12 180 90000 1
15 12 300 150000 1
17 16 340 170000 1
6 1 37 18500 0
21 11 420 210000 1
14 16 280 140000 1
18 12 360 180000 1
17 13 340 170000 1
14 6 280 140000 1
5 5 100 50000 1
21 1 69 34500 0
17 22 340 170000 1
17 8 286 143000 0
24 2 115 57500 0
3 7 60 30000 1
26 6 312 156000 0
8 7 160 80000 1
3 1 46 23000 0
5 5 100 50000 1
15 1 49 24500 0
7 1 43 21500 0
19 3 142 71000 0
8 1 49 24500 0
26 13 509 254500 0
5 4 100 50000 1
4 3 80 40000 1
24 3 248 124000 0
6 1 30 15000 0
4 1 26 13000 0
8 1 51 25500 0
8 10 160 80000 1
7 7 140 70000 1
10 14 200 100000 1
9 1 51 25500 0
22 2 88 44000 0
27 13 540 270000 1
8 13 160 80000 1
2 3 40 20000 1
21 3 158 79000 0
22 22 440 220000 1
16 6 214 107000 0
30 7 348 174000 0
27 12 540 270000 1
25 21 500 250000 1
14 16 280 140000 1
23 1 86 43000 0
7 1 37 18500 0
22 10 371 185500 0
16 3 169 84500 0
18 2 90 45000 0
10 21 200 100000 1
15 1 61 30500 0
12 1 42 21000 0
12 2 48 24000 0
12 6 193 96500 0
20 14 400 200000 1
15 4 241 120500 0
15 1 52 26000 0
12 12 240 120000 1
23 31 460 230000 1
17 12 340 170000 1
2 4 40 20000 1
10 4 194 97000 0
2 1 33 16500 0
14 4 193 96500 0
11 7 192 96000 0
7 1 47 23500 0
5 1 56 28000 0
9 4 139 69500 0
13 14 260 130000 1
7 6 140 70000 1
13 9 260 130000 1
14 3 140 70000 0
7 14 140 70000 1
16 22 320 160000 1
16 13 320 160000 1
29 1 57 28500 0
25 18 500 250000 1
19 1 66 33000 0
13 22 260 130000 1
22 27 440 220000 1
8 14 160 80000 1
21 11 420 210000 1
28 10 457 228500 0
7 1 48 24000 0
18 20 360 180000 1
9 4 117 58500 0
4 2 72 36000 0
28 25 560 280000 1
27 17 540 270000 1
28 14 560 280000 1
15 3 146 73000 0
28 24 560 280000 1
27 6 260 130000 0
17 18 340 170000 1
13 20 260 130000 1
22 19 440 220000 1
9 1 56 28000 0
6 13 120 60000 1
1 1 20 10000 1
49 1 78 39000 0
2 1 28 14000 0
39 4 161 80500 0
1 3 20 10000 1
664 1 70 35000 0
261 7 429 214500 0
878 6 423 211500 0
6 5 118 59000 0
2 2 40 20000 1
160 4 210 105000 0
269 1 36 18000 0
8 13 160 80000 1
37 22 740 370000 1
8 2 79 39500 0
1 2 20 10000 1
156 21 3120 1560000 1
1 1 20 10000 1
727 1 68 34000 0
1 1 19 9500 0
124 18 2480 1240000 1
669 35 13380 6690000 1
31 1 53 26500 0
1 1 20 10000 1
17 1 56 28000 0
2 7 40 20000 1
1 1 20 10000 1
1 1 17 8500 0
911 26 18220 9110000 1
834 20 16680 8340000 1
4 11 80 40000 1
1 1 20 10000 1
1 2 20 10000 1
1 1 20 10000 1
82 21 1640 820000 1
28 15 560 280000 1
16 11 320 160000 1
1 1 20 10000 1
1 3 20 10000 1
1 3 20 10000 1
1 1 20 10000 1
80 2 293 146500 0
1 2 20 10000 1
1 3 20 10000 1
147 31 2940 1470000 1
1 2 20 10000 1
214 33 4280 2140000 1
108 19 2160 1080000 1
5 3 100 50000 1
4 6 80 40000 1
18 3 123 61500 0
4 3 80 40000 1
104 10 601 300500 0
1 3 20 10000 1
2 7 40 20000 1
688 23 13760 6880000 1
125 15 1819 909500 0
314 32 6280 3140000 1
1 1 20 10000 1
28 21 560 280000 1
113 15 908 454000 0
2 6 40 20000 1
827 1 106 53000 0
339 21 6780 3390000 1
1 4 20 10000 1
49 18 980 490000 1
884 23 17680 8840000 1
14 10 280 140000 1
15 7 259 129500 0
33 18 660 330000 1
2 3 40 20000 1
28 32 560 280000 1
4 7 80 40000 1
13 20 260 130000 1
1 1 20 10000 1
22 8 438 219000 0
1 1 20 10000 1
660 41 13200 6600000 1
1 1 20 10000 1
44 8 442 221000 0
6 1 36 18000 0
8 8 160 80000 1
38 16 760 380000 1
774 9 547 273500 0
