9 0.980392156863
11 0.980392156863
19 0.980392156863
14 0.980392156863
9 0.980392156863
9 0.981176470588
19 0.980392156863
23 0.980392156863
27 0.980392156863
28 0.980392156863
15 0.981744421907
6 0.98294970162
5 0.980392156863
28 0.980392156863
21 0.980392156863
29 0.980392156863
23 0.980392156863
15 0.980392156863
5 0.980392156863
2 0.980392156863
5 0.980392156863
27 0.989944695827
26 0.980713596914
9 0.980392156863
12 0.980392156863
27 0.986320109439
2 0.980392156863
10 0.980392156863
12 0.980392156863
30 0.980392156863
13 0.981900452489
25 0.980392156863
2 0.980392156863
10 0.980392156863
12 0.983193277311
28 0.980392156863
25 0.980986333928
20 0.980392156863
10 0.980392156863
23 0.980392156863
9 0.983772819473
19 0.982511923688
27 0.980392156863
23 0.988235294118
11 0.985294117647
7 0.984819734345
25 0.9826625387
11 0.980392156863
12 0.980392156863
5 0.980392156863
2 0.980392156863
19 0.982527664531
11 0.980392156863
29 0.980392156863
29 0.980392156863
3 0.980392156863
10 0.980392156863
5 0.980392156863
28 0.980392156863
17 0.980392156863
23 0.982174688057
10 0.981176470588
22 0.980392156863
15 0.986293546545
8 0.980392156863
6 0.980392156863
15 0.980392156863
20 0.980392156863
4 0.980392156863
18 0.980392156863
6 0.980392156863
19 0.980392156863
13 0.980392156863
29 0.987829614604
10 0.980392156863
21 0.980392156863
5 0.980392156863
9 0.980392156863
26 0.980572045332
21 0.980392156863
28 0.980392156863
16 0.984486102133
4 0.980392156863
16 0.980392156863
8 0.980392156863
23 0.980392156863
19 0.982407916438
24 0.980741050869
9 0.984101748808
21 0.980947844725
17 0.980392156863
19 0.980392156863
3 0.980392156863
9 0.980392156863
30 0.981717011129
1 0.980392156863
10 0.982730706962
27 0.980392156863
28 0.980392156863
17 0.982097186701
24 0.980392156863
29 0.980392156863
8 0.980392156863
8 0.982783357245
24 0.980392156863
27 0.980392156863
28 0.98431372549
20 0.980392156863
7 0.980392156863
21 0.983193277311
4 0.980392156863
27 0.980392156863
10 0.983584131327
16 0.980392156863
17 0.980392156863
13 0.980392156863
22 0.980392156863
29 0.980392156863
6 0.980392156863
2 0.980392156863
30 0.984251968504
30 0.980392156863
16 0.980392156863
25 0.984429065744
16 0.980392156863
29 0.980392156863
18 0.985594237695
26 0.981424148607
20 0.980392156863
12 0.981244671782
28 0.985139318885
11 0.982783357245
30 0.980392156863
24 0.980392156863
24 0.980392156863
7 0.980392156863
6 0.982887700535
27 0.980392156863
13 0.983852364475
21 0.982072829132
21 0.980392156863
16 0.991596638655
2 0.980392156863
27 0.980392156863
24 0.982922201139
27 0.980392156863
17 0.980392156863
21 0.980392156863
10 0.980392156863
1 0.980392156863
10 0.980848153215
20 0.98419666374
18 0.980392156863
17 0.980392156863
28 0.985882352941
10 0.985060690943
26 0.980392156863
9 0.980392156863
2 0.980392156863
11 0.980392156863
25 0.983735429656
23 0.980392156863
3 0.980392156863
20 0.982990786676
30 0.983911513323
9 0.980392156863
21 0.980392156863
25 0.980392156863
24 0.983957219251
13 0.980392156863
17 0.981107771576
17 0.981024667932
16 0.980392156863
12 0.980392156863
27 0.980392156863
12 0.982053838485
24 0.980392156863
15 0.980392156863
3 0.980392156863
12 0.980392156863
15 0.989140271493
22 0.980392156863
4 0.980392156863
577 0.980392156863
47 0.980594299576
749 0.980392156863
1 0.980392156863
5 0.980392156863
37 0.984429065744
1 0.980392156863
55 0.981142183649
1 0.980392156863
3 0.980392156863
1 0.980392156863
29 0.980392156863
1 0.980392156863
5 0.980392156863
1 0.980392156863
1 0.980392156863
1 0.980392156863
93 0.987301587302
41 0.980392156863
10 0.980392156863
74 0.980392156863
51 0.991007868115
29 0.980392156863
2 0.980392156863
1 0.980392156863
818 0.980392156863
6 0.980392156863
2 0.980392156863
23 0.984137475215
7 0.980392156863
19 0.980392156863
104 0.98779956427
2 0.980392156863
3 0.980392156863
193 0.981614010589
1 0.980392156863
7 0.98431372549
1 0.980392156863
169 0.982129560685
1 0.980392156863
26 0.982762335704
88 0.980392156863
53 0.980392156863
10 0.981724728726
1 0.980392156863
11 0.982352941176
4 0.980392156863
1 0.980392156863
786 0.98059122126
20 0.980392156863
193 0.980392156863
1 0.980392156863
188 0.983429991715
1 0.980392156863
1 0.980392156863
6 0.980392156863
1 0.980392156863
110 0.987506507028
425 0.986554621849
2 0.980392156863
90 0.98105861307
1 0.980392156863
1 0.980392156863
1 0.980392156863
1 0.980392156863
1 0.980392156863
48 0.983772819473
1 0.980392156863
30 0.980392156863
234 0.980904052881
835 0.987616099071
24 0.981526494895
2 0.980392156863
68 0.984015345269
25 0.980392156863
191 0.980392156863
5 0.980392156863
276 0.982783357245
14 0.980392156863
4 0.980392156863
1 0.980392156863
1 0.980392156863
230 0.980392156863
