10 3 30 100000 1
22 10 66 220000 1
29 1 11 44000 0
5 3 15 50000 1
23 9 69 230000 1
15 4 45 150000 1
14 5 42 140000 1
11 3 33 110000 1
4 3 12 40000 1
27 3 54 210000 0
8 1 19 70000 0
21 1 13 52000 0
8 1 9 36000 0
2 1 6 20000 1
16 1 11 44000 0
12 1 18 72000 0
21 1 13 52000 0
19 11 57 190000 1
27 6 81 270000 1
10 9 30 100000 1
14 1 11 44000 0
8 4 24 80000 1
30 1 23 92000 0
12 2 22 88000 0
22 1 11 44000 0
15 9 45 150000 1
4 1 11 38000 0
4 1 12 40000 1
22 7 66 220000 1
3 3 9 30000 1
27 3 30 118000 0
13 4 39 130000 1
12 2 22 88000 0
15 7 45 150000 1
10 2 22 84000 0
29 15 87 290000 1
17 1 16 62000 0
13 7 39 130000 1
8 7 24 80000 1
27 5 57 222000 0
9 3 27 90000 1
18 6 54 180000 1
12 1 9 36000 0
19 4 57 190000 1
26 6 78 260000 1
19 11 57 190000 1
5 3 15 50000 1
12 2 36 120000 1
20 1 19 74000 0
13 4 39 130000 1
11 4 33 110000 1
7 1 21 70000 1
10 1 20 80000 0
29 5 48 188000 0
23 5 69 230000 1
21 2 45 174000 0
29 3 38 148000 0
6 1 18 60000 1
11 1 16 64000 0
24 11 72 240000 1
25 4 41 162000 0
13 6 39 130000 1
6 2 18 60000 1
26 1 18 72000 0
20 10 60 200000 1
16 3 33 130000 0
22 13 66 220000 1
6 4 18 60000 1
29 13 87 290000 1
22 7 66 220000 1
12 1 27 102000 0
29 4 57 224000 0
7 1 21 70000 1
3 1 9 30000 1
14 11 42 140000 1
9 2 20 76000 0
2 1 6 20000 1
29 5 87 290000 1
30 3 42 166000 0
18 1 16 64000 0
28 10 84 280000 1
2 1 6 20000 1
10 2 17 66000 0
28 2 22 88000 0
20 14 60 200000 1
12 1 12 48000 0
22 1 14 56000 0
25 11 75 250000 1
28 16 84 280000 1
7 1 13 52000 0
30 2 24 96000 0
13 5 39 130000 1
26 1 26 102000 0
16 10 48 160000 1
9 1 14 56000 0
8 6 24 80000 1
23 12 69 230000 1
4 1 12 40000 1
3 1 9 30000 1
13 10 39 130000 1
22 1 24 96000 0
8 3 24 80000 1
28 3 33 130000 0
16 1 18 68000 0
25 10 75 250000 1
21 6 63 210000 1
5 2 15 50000 1
20 3 37 146000 0
20 4 60 200000 1
6 6 18 60000 1
16 3 44 152000 0
28 7 84 280000 1
14 3 24 94000 0
2 1 6 20000 1
8 1 11 44000 0
17 1 28 112000 0
12 1 11 44000 0
25 1 10 40000 0
29 8 87 290000 1
14 1 18 70000 0
17 1 24 92000 0
29 2 39 154000 0
4 1 11 38000 0
7 1 18 64000 0
25 9 75 250000 1
4 1 11 38000 0
12 1 15 60000 0
11 4 33 110000 1
28 12 84 280000 1
10 1 13 52000 0
24 5 72 240000 1
17 1 12 48000 0
7 3 21 70000 1
3 1 9 30000 1
29 5 87 290000 1
27 2 19 76000 0
28 8 84 280000 1
2 1 6 20000 1
22 12 66 220000 1
17 1 15 60000 0
1 1 3 10000 1
27 3 25 96000 0
6 1 8 32000 0
26 16 78 260000 1
13 5 39 130000 1
19 12 57 190000 1
8 3 24 80000 1
24 15 72 240000 1
19 8 57 190000 1
8 1 15 58000 0
11 1 14 56000 0
12 6 36 120000 1
21 13 63 210000 1
16 12 48 160000 1
10 6 30 100000 1
23 10 69 230000 1
4 1 12 40000 1
29 10 87 290000 1
28 6 61 228000 0
26 7 78 260000 1
16 6 48 160000 1
15 6 45 150000 1
11 3 33 110000 1
2 2 6 20000 1
10 1 10 40000 0
20 14 60 200000 1
27 1 10 40000 0
28 1 11 44000 0
24 4 72 240000 1
9 1 9 36000 0
10 3 30 100000 1
2 1 6 20000 1
29 4 86 288000 0
24 10 72 240000 1
17 1 22 84000 0
6 6 18 60000 1
11 1 10 40000 0
27 1 12 48000 0
7 3 21 70000 1
29 5 87 290000 1
14 3 42 140000 1
16 4 48 160000 1
57 8 171 570000 1
11 4 33 110000 1
1 1 3 10000 1
40 5 80 316000 0
1 1 3 10000 1
51 3 30 118000 0
127 1 10 40000 0
14 2 29 112000 0
4 3 12 40000 1
71 1 23 92000 0
1 1 3 10000 1
881 17 2643 8810000 1
176 1 18 72000 0
60 5 95 374000 0
2 1 6 20000 1
2 1 6 20000 1
143 21 429 1430000 1
153 1 14 56000 0
1 1 3 10000 1
1 1 3 10000 1
9 1 19 74000 0
26 14 78 260000 1
7 6 21 70000 1
3 1 9 30000 1
1 1 3 10000 1
1 1 3 10000 1
35 7 105 350000 1
1 1 3 10000 1
1 1 3 10000 1
308 9 135 504000 0
17 3 51 170000 1
42 4 50 196000 0
174 2 30 120000 0
34 2 22 88000 0
100 5 51 198000 0
1 1 3 10000 1
19 2 28 112000 0
1 1 3 10000 1
51 16 153 510000 1
1 1 3 10000 1
19 5 57 190000 1
284 1 9 36000 0
431 6 64 250000 0
1 1 3 10000 1
8 4 24 80000 1
8 2 24 80000 1
296 14 651 2242000 0
1 1 3 10000 1
1 1 3 10000 1
3 3 9 30000 1
53 1 12 48000 0
79 21 237 790000 1
2 1 6 20000 1
2 1 6 20000 1
81 15 243 810000 1
489 11 302 1102000 0
1 1 3 10000 1
6 1 9 36000 0
294 21 882 2940000 1
81 5 51 200000 0
1 1 3 10000 1
32 10 96 320000 1
298 11 171 638000 0
271 1 10 40000 0
1 1 3 10000 1
101 20 303 1010000 1
12 3 36 120000 1
955 9 117 460000 0
116 8 86 336000 0
1 1 3 10000 1
10 7 30 100000 1
40 5 120 400000 1
29 5 87 290000 1
1 1 3 10000 1
269 17 807 2690000 1
64 2 30 120000 0
2 1 6 20000 1
11 5 33 110000 1
21 1 14 56000 0
1 1 3 10000 1
89 6 60 234000 0
43 17 129 430000 1
121 23 363 1210000 1
906 2 23 90000 0
