28 6 56 280000 1
10 1 13 69200 0
28 1 24 134400 0
19 1 23 124000 0
22 1 17 95200 0
2 1 4 20000 1
12 1 19 98000 0
13 4 26 130000 1
13 2 26 130000 1
22 1 13 72800 0
20 3 40 200000 1
4 1 8 40000 1
26 3 52 260000 1
4 1 8 40000 1
2 1 4 20000 1
23 5 46 230000 1
22 5 44 220000 1
18 4 36 180000 1
8 1 16 80000 1
20 1 14 78400 0
6 1 12 60000 1
28 3 56 280000 1
24 4 48 240000 1
3 1 6 30000 1
19 1 26 137200 0
30 3 60 300000 1
8 1 16 80000 1
7 2 14 70000 1
8 1 16 80000 1
29 1 33 180000 0
22 2 44 220000 1
30 1 30 168000 0
2 1 4 20000 1
4 1 8 40000 1
2 1 4 20000 1
21 3 42 210000 1
23 2 46 230000 1
28 6 56 280000 1
3 1 6 30000 1
9 2 18 90000 1
26 1 15 84000 0
19 1 19 106400 0
15 4 30 150000 1
23 2 42 212400 0
9 1 18 90000 1
28 3 36 192000 0
11 1 22 110000 1
16 1 29 146800 0
27 1 14 78400 0
8 1 16 80000 1
10 1 20 100000 1
20 3 40 200000 1
26 5 52 260000 1
15 1 23 119200 0
13 1 15 81600 0
30 2 47 242800 0
29 1 30 166800 0
13 2 26 130000 1
2 1 4 20000 1
14 3 28 140000 1
20 3 40 200000 1
15 1 14 78400 0
3 1 6 30000 1
22 1 12 67200 0
25 1 30 162000 0
4 1 8 40000 1
3 1 6 30000 1
29 4 58 290000 1
18 1 17 95200 0
21 1 24 130800 0
3 1 6 30000 1
23 3 46 230000 1
13 1 12 66000 0
19 3 38 190000 1
27 1 20 112000 0
14 2 28 140000 1
11 1 17 88000 0
29 4 58 290000 1
15 1 13 72800 0
20 3 40 200000 1
5 1 10 50000 1
11 1 15 79200 0
7 1 14 70000 1
14 2 28 140000 1
6 1 12 60000 1
17 1 19 104000 0
17 2 34 170000 1
2 1 4 20000 1
25 6 50 250000 1
25 1 27 148800 0
23 3 46 230000 1
17 1 12 67200 0
23 5 46 230000 1
4 1 8 40000 1
8 1 16 80000 1
20 1 11 61600 0
7 1 11 56800 0
6 1 12 60000 1
29 2 50 254800 0
26 1 17 95200 0
26 1 15 84000 0
13 3 26 130000 1
9 1 18 90000 1
2 1 4 20000 1
3 1 6 30000 1
29 1 18 100800 0
17 1 15 84000 0
6 1 12 60000 1
18 1 24 127200 0
14 1 22 113600 0
28 1 13 72800 0
3 1 6 30000 1
4 1 8 40000 1
22 1 16 89600 0
22 2 23 127600 0
22 1 27 145200 0
2 1 4 20000 1
22 2 23 127600 0
18 3 36 180000 1
5 1 10 50000 1
8 1 16 80000 1
10 1 14 73600 0
3 1 6 30000 1
27 4 54 270000 1
3 1 6 30000 1
20 1 13 72800 0
6 1 12 60000 1
28 1 18 100800 0
22 1 24 132000 0
10 3 20 100000 1
29 4 58 290000 1
19 2 38 190000 1
16 5 32 160000 1
10 1 12 64800 0
27 2 52 261200 0
14 1 28 140000 1
3 1 6 30000 1
9 1 18 90000 1
3 1 6 30000 1
7 1 14 70000 1
18 1 27 140400 0
17 2 34 170000 1
27 1 16 89600 0
11 2 22 110000 1
8 1 15 75600 0
17 1 26 134800 0
19 5 38 190000 1
29 5 58 290000 1
6 2 12 60000 1
18 4 36 180000 1
11 1 22 110000 1
7 1 14 70000 1
22 4 44 220000 1
9 3 18 90000 1
25 1 27 148800 0
20 2 31 160400 0
18 1 30 153600 0
18 2 26 136000 0
8 2 16 80000 1
13 1 13 72800 0
30 3 52 264800 0
9 2 18 90000 1
4 1 8 40000 1
6 2 12 60000 1
3 1 6 30000 1
27 1 14 78400 0
12 3 24 120000 1
13 1 15 81600 0
16 2 32 160000 1
15 2 30 150000 1
15 1 12 67200 0
8 1 16 80000 1
24 5 48 240000 1
11 1 22 110000 1
16 2 32 160000 1
7 1 14 70000 1
25 2 32 170800 0
17 2 28 143600 0
20 2 32 164800 0
14 1 15 82800 0
10 2 20 100000 1
30 6 60 300000 1
876 6 103 544400 0
43 1 11 61600 0
603 10 1206 6030000 1
621 9 1242 6210000 1
4 1 8 40000 1
1 1 2 10000 1
2 1 4 20000 1
1 1 2 10000 1
2 1 4 20000 1
146 6 176 932800 0
26 7 52 260000 1
30 2 52 264800 0
80 1 25 140000 0
177 6 175 926000 0
808 1 25 140000 0
106 2 43 238400 0
105 8 210 1050000 1
2 1 4 20000 1
120 1 16 89600 0
67 2 27 150000 0
47 7 94 470000 1
141 2 38 211600 0
5 1 10 50000 1
1 1 2 10000 1
1 1 2 10000 1
102 4 70 389600 0
366 5 126 678000 0
26 4 52 260000 1
1 1 2 10000 1
1 1 2 10000 1
1 1 2 10000 1
1 1 2 10000 1
3 1 6 30000 1
5 1 10 50000 1
4 1 8 40000 1
5 1 10 50000 1
5 1 10 50000 1
9 2 18 90000 1
1 1 2 10000 1
10 1 17 86800 0
20 5 40 200000 1
686 3 54 301200 0
11 1 16 83600 0
1 1 2 10000 1
334 2 39 217200 0
527 1 14 78400 0
2 1 4 20000 1
1 1 2 10000 1
3 1 6 30000 1
67 1 28 156800 0
1 1 2 10000 1
1 1 2 10000 1
337 8 323 1640800 0
29 2 28 155600 0
173 2 45 250800 0
2 1 4 20000 1
1 1 2 10000 1
811 4 48 262800 0
193 1 15 84000 0
1 1 2 10000 1
120 9 240 1200000 1
139 10 278 1390000 1
22 1 27 145200 0
21 5 42 210000 1
2 1 4 20000 1
1 1 2 10000 1
1 1 2 10000 1
1 1 2 10000 1
3 1 6 30000 1
1 1 2 10000 1
27 5 54 270000 1
50 5 100 500000 1
2 1 4 20000 1
1 1 2 10000 1
50 7 100 500000 1
37 2 23 127600 0
490 7 258 1339200 0
1 1 2 10000 1
9 1 18 90000 1
32 3 64 320000 1
227 2 30 166800 0
21 1 25 135200 0
1 1 2 10000 1
65 1 19 106400 0
