28 0.892857142857
10 0.950549450549
28 1.0
19 0.962732919255
22 1.0
2 0.892857142857
12 0.921052631579
13 0.892857142857
13 0.892857142857
22 1.0
20 0.892857142857
4 0.892857142857
26 0.892857142857
4 0.892857142857
2 0.892857142857
23 0.892857142857
22 0.892857142857
18 0.892857142857
8 0.892857142857
20 1.0
6 0.892857142857
28 0.892857142857
24 0.892857142857
3 0.892857142857
19 0.942307692308
30 0.892857142857
8 0.892857142857
7 0.892857142857
8 0.892857142857
29 0.974025974026
22 0.892857142857
30 1.0
2 0.892857142857
4 0.892857142857
2 0.892857142857
21 0.892857142857
23 0.892857142857
28 0.892857142857
3 0.892857142857
9 0.892857142857
26 1.0
19 1.0
15 0.892857142857
23 0.90306122449
9 0.892857142857
28 0.952380952381
11 0.892857142857
16 0.9039408867
27 1.0
8 0.892857142857
10 0.892857142857
20 0.892857142857
26 0.892857142857
15 0.925465838509
13 0.971428571429
30 0.922492401216
29 0.992857142857
13 0.892857142857
2 0.892857142857
14 0.892857142857
20 0.892857142857
15 1.0
3 0.892857142857
22 1.0
25 0.964285714286
4 0.892857142857
3 0.892857142857
29 0.892857142857
18 1.0
21 0.973214285714
3 0.892857142857
23 0.892857142857
13 0.982142857143
19 0.892857142857
27 1.0
14 0.892857142857
11 0.924369747899
29 0.892857142857
15 1.0
20 0.892857142857
5 0.892857142857
11 0.942857142857
7 0.892857142857
14 0.892857142857
6 0.892857142857
17 0.977443609023
17 0.892857142857
2 0.892857142857
25 0.892857142857
25 0.984126984127
23 0.892857142857
17 1.0
23 0.892857142857
4 0.892857142857
8 0.892857142857
20 1.0
7 0.922077922078
6 0.892857142857
29 0.91
26 1.0
26 1.0
13 0.892857142857
9 0.892857142857
2 0.892857142857
3 0.892857142857
29 1.0
17 1.0
6 0.892857142857
18 0.946428571429
14 0.922077922078
28 1.0
3 0.892857142857
4 0.892857142857
22 1.0
22 0.990683229814
22 0.960317460317
2 0.892857142857
22 0.990683229814
18 0.892857142857
5 0.892857142857
8 0.892857142857
10 0.938775510204
3 0.892857142857
27 0.892857142857
3 0.892857142857
20 1.0
6 0.892857142857
28 1.0
22 0.982142857143
10 0.892857142857
29 0.892857142857
19 0.892857142857
16 0.892857142857
10 0.964285714286
27 0.896978021978
14 0.892857142857
3 0.892857142857
9 0.892857142857
3 0.892857142857
7 0.892857142857
18 0.928571428571
17 0.892857142857
27 1.0
11 0.892857142857
8 0.9
17 0.925824175824
19 0.892857142857
29 0.892857142857
6 0.892857142857
18 0.892857142857
11 0.892857142857
7 0.892857142857
22 0.892857142857
9 0.892857142857
25 0.984126984127
20 0.923963133641
18 0.914285714286
18 0.934065934066
8 0.892857142857
13 1.0
30 0.909340659341
9 0.892857142857
4 0.892857142857
6 0.892857142857
3 0.892857142857
27 1.0
12 0.892857142857
13 0.971428571429
16 0.892857142857
15 0.892857142857
15 1.0
8 0.892857142857
24 0.892857142857
11 0.892857142857
16 0.892857142857
7 0.892857142857
25 0.953125
17 0.915816326531
20 0.919642857143
14 0.985714285714
10 0.892857142857
30 0.892857142857
876 0.943828016644
43 1.0
603 0.892857142857
621 0.892857142857
4 0.892857142857
1 0.892857142857
2 0.892857142857
1 0.892857142857
2 0.892857142857
146 0.946428571429
26 0.892857142857
30 0.909340659341
80 1.0
177 0.944897959184
808 1.0
106 0.990033222591
105 0.892857142857
2 0.892857142857
120 1.0
67 0.992063492063
47 0.892857142857
141 0.994360902256
5 0.892857142857
1 0.892857142857
1 0.892857142857
102 0.99387755102
366 0.960884353741
26 0.892857142857
1 0.892857142857
1 0.892857142857
1 0.892857142857
1 0.892857142857
3 0.892857142857
5 0.892857142857
4 0.892857142857
5 0.892857142857
5 0.892857142857
9 0.892857142857
1 0.892857142857
10 0.911764705882
20 0.892857142857
686 0.996031746032
11 0.933035714286
1 0.892857142857
334 0.994505494505
527 1.0
2 0.892857142857
1 0.892857142857
3 0.892857142857
67 1.0
1 0.892857142857
1 0.892857142857
337 0.907120743034
29 0.992346938776
173 0.995238095238
2 0.892857142857
1 0.892857142857
811 0.977678571429
193 1.0
1 0.892857142857
120 0.892857142857
139 0.892857142857
22 0.960317460317
21 0.892857142857
2 0.892857142857
1 0.892857142857
1 0.892857142857
1 0.892857142857
3 0.892857142857
1 0.892857142857
27 0.892857142857
50 0.892857142857
2 0.892857142857
1 0.892857142857
50 0.892857142857
37 0.990683229814
490 0.926910299003
1 0.892857142857
9 0.892857142857
32 0.892857142857
227 0.992857142857
21 0.965714285714
1 0.892857142857
65 1.0
