14 1 28 140000 1
9 1 18 90000 1
4 1 8 40000 1
17 2 34 170000 1
23 5 46 230000 1
27 1 40 225200 0
12 1 18 100800 0
16 1 27 144000 0
25 1 15 102000 0
27 4 54 270000 1
7 1 14 70000 1
16 1 32 160000 1
14 1 28 140000 1
24 1 19 129200 0
5 1 10 50000 1
10 2 20 100000 1
26 3 52 260000 1
10 1 16 87200 0
29 1 35 216400 0
27 1 21 142800 0
12 1 24 120000 1
23 2 46 230000 1
6 1 12 60000 1
3 1 6 30000 1
10 1 20 100000 1
10 1 20 100000 1
3 1 6 30000 1
20 1 33 177600 0
19 2 38 190000 1
16 3 32 160000 1
20 2 40 200000 1
4 1 8 40000 1
29 1 33 210000 0
22 1 22 149600 0
24 4 48 240000 1
4 1 8 40000 1
8 1 16 80000 1
11 1 20 103600 0
23 3 46 230000 1
2 1 4 20000 1
24 2 28 176000 0
20 1 21 139200 0
14 1 25 130400 0
28 1 17 115600 0
6 1 12 60000 1
22 3 44 220000 1
28 1 16 108800 0
23 4 46 230000 1
2 1 4 20000 1
8 1 16 80000 1
22 1 22 149600 0
16 1 28 147200 0
10 1 20 100000 1
29 1 14 95200 0
16 1 16 108800 0
27 5 54 270000 1
24 4 48 240000 1
20 1 18 122400 0
5 1 10 50000 1
12 1 24 120000 1
3 1 6 30000 1
12 2 24 120000 1
18 1 15 102000 0
28 1 20 136000 0
13 1 24 123600 0
20 2 40 200000 1
6 1 12 60000 1
15 1 14 95200 0
22 2 34 188000 0
9 1 18 90000 1
27 3 54 270000 1
3 1 6 30000 1
28 1 27 183600 0
24 2 27 172800 0
19 1 36 183600 0
22 2 44 220000 1
4 1 8 40000 1
30 1 29 197200 0
18 1 33 170400 0
30 1 21 142800 0
29 1 16 108800 0
5 1 10 50000 1
3 1 6 30000 1
21 4 42 210000 1
18 1 29 157600 0
14 1 28 140000 1
8 2 16 80000 1
4 1 8 40000 1
21 1 38 197200 0
16 4 32 160000 1
19 1 14 95200 0
18 1 16 108800 0
3 1 6 30000 1
27 4 54 270000 1
23 3 46 230000 1
9 1 18 90000 1
10 1 20 100000 1
19 1 36 183600 0
24 1 38 208000 0
12 1 23 116800 0
7 1 14 70000 1
20 1 15 102000 0
26 1 15 102000 0
3 1 6 30000 1
21 1 27 162000 0
10 1 20 100000 1
18 3 36 180000 1
2 1 4 20000 1
27 1 30 193200 0
3 1 6 30000 1
24 4 48 240000 1
14 3 28 140000 1
6 1 12 60000 1
25 3 50 250000 1
22 1 16 108800 0
12 1 24 120000 1
15 3 30 150000 1
6 1 12 60000 1
10 1 20 100000 1
16 1 14 95200 0
16 1 14 95200 0
24 3 48 240000 1
4 1 8 40000 1
14 1 28 140000 1
7 1 14 70000 1
3 1 6 30000 1
5 1 10 50000 1
27 1 15 102000 0
15 1 30 150000 1
3 1 6 30000 1
29 1 15 102000 0
18 3 36 180000 1
6 1 12 60000 1
14 1 15 98400 0
2 1 4 20000 1
25 3 50 250000 1
30 1 15 102000 0
25 4 50 250000 1
11 3 22 110000 1
6 1 12 60000 1
5 1 10 50000 1
28 3 56 280000 1
23 2 30 178800 0
8 1 16 80000 1
16 1 24 134400 0
26 3 52 260000 1
11 1 22 110000 1
13 1 16 98000 0
28 3 56 280000 1
3 1 6 30000 1
9 1 15 80400 0
7 1 14 70000 1
17 1 19 122000 0
5 1 10 50000 1
17 1 29 154000 0
19 1 16 108800 0
5 1 10 50000 1
24 2 48 240000 1
15 2 30 150000 1
11 1 14 84400 0
2 1 4 20000 1
21 1 13 88400 0
21 1 18 122400 0
24 1 19 129200 0
28 1 20 136000 0
15 2 30 150000 1
21 2 32 178000 0
28 3 56 280000 1
4 1 8 40000 1
11 1 22 110000 1
7 1 14 70000 1
16 1 17 112000 0
4 1 8 40000 1
9 1 18 90000 1
10 1 15 84000 0
20 1 18 122400 0
28 1 39 225600 0
21 1 26 158800 0
21 2 42 210000 1
8 1 16 80000 1
2 1 4 20000 1
16 3 32 160000 1
300 1 33 224400 0
3 1 6 30000 1
626 8 1252 6260000 1
1 1 2 10000 1
8 2 16 80000 1
40 1 29 197200 0
1 1 2 10000 1
159 9 318 1590000 1
1 1 2 10000 1
315 7 455 2413600 0
92 2 73 492800 0
6 1 12 60000 1
54 2 32 214000 0
1 1 2 10000 1
42 1 17 115600 0
38 1 19 129200 0
164 1 30 204000 0
16 1 16 108800 0
1 1 2 10000 1
1 1 2 10000 1
29 1 18 122400 0
1 1 2 10000 1
9 1 18 90000 1
4 1 8 40000 1
1 1 2 10000 1
1 1 2 10000 1
119 1 20 136000 0
15 1 19 114800 0
52 3 104 520000 1
1 1 2 10000 1
14 1 28 140000 1
9 1 18 90000 1
1 1 2 10000 1
1 1 2 10000 1
714 2 32 214000 0
1 1 2 10000 1
589 3 50 325600 0
2 1 4 20000 1
82 7 164 820000 1
1 1 2 10000 1
1 1 2 10000 1
209 1 13 88400 0
19 2 38 190000 1
166 7 332 1660000 1
2 1 4 20000 1
2 1 4 20000 1
682 1 28 190400 0
1 1 2 10000 1
43 1 18 122400 0
1 1 2 10000 1
13 1 16 98000 0
188 5 105 642000 0
44 1 18 122400 0
1 1 2 10000 1
11 1 22 110000 1
1 1 2 10000 1
3 1 6 30000 1
1 1 2 10000 1
17 1 15 102000 0
1 1 2 10000 1
270 3 68 458800 0
18 2 36 180000 1
1 1 2 10000 1
1 1 2 10000 1
2 1 4 20000 1
2 1 4 20000 1
3 1 6 30000 1
1 1 2 10000 1
38 2 28 186800 0
95 6 190 950000 1
42 1 18 122400 0
61 4 122 610000 1
50 1 16 108800 0
280 6 222 1250400 0
1 1 2 10000 1
11 1 14 84400 0
3 1 6 30000 1
32 1 17 115600 0
2 1 4 20000 1
2 1 4 20000 1
687 8 1374 6870000 1
20 4 40 200000 1
3 1 6 30000 1
3 1 6 30000 1
