14 0.735294117647
9 0.735294117647
4 0.735294117647
17 0.735294117647
23 0.735294117647
27 0.827941176471
12 0.823529411765
16 0.78431372549
25 1.0
27 0.735294117647
7 0.735294117647
16 0.735294117647
14 0.735294117647
24 1.0
5 0.735294117647
10 0.735294117647
26 0.735294117647
10 0.801470588235
29 0.909243697479
27 1.0
12 0.735294117647
23 0.735294117647
6 0.735294117647
3 0.735294117647
10 0.735294117647
10 0.735294117647
3 0.735294117647
20 0.791443850267
19 0.735294117647
16 0.735294117647
20 0.735294117647
4 0.735294117647
29 0.935828877005
22 1.0
24 0.735294117647
4 0.735294117647
8 0.735294117647
11 0.761764705882
23 0.735294117647
2 0.735294117647
24 0.924369747899
20 0.974789915966
14 0.767058823529
28 1.0
6 0.735294117647
22 0.735294117647
28 1.0
23 0.735294117647
2 0.735294117647
8 0.735294117647
22 1.0
16 0.773109243697
10 0.735294117647
29 1.0
16 1.0
27 0.735294117647
24 0.735294117647
20 1.0
5 0.735294117647
12 0.735294117647
3 0.735294117647
12 0.735294117647
18 1.0
28 1.0
13 0.757352941176
20 0.735294117647
6 0.735294117647
15 1.0
22 0.813148788927
9 0.735294117647
27 0.735294117647
3 0.735294117647
28 1.0
24 0.941176470588
19 0.75
22 0.735294117647
4 0.735294117647
30 1.0
18 0.75935828877
30 1.0
29 1.0
5 0.735294117647
3 0.735294117647
21 0.735294117647
18 0.799188640974
14 0.735294117647
8 0.735294117647
4 0.735294117647
21 0.763157894737
16 0.735294117647
19 1.0
18 1.0
3 0.735294117647
27 0.735294117647
23 0.735294117647
9 0.735294117647
10 0.735294117647
19 0.75
24 0.804953560372
12 0.746803069054
7 0.735294117647
20 1.0
26 1.0
3 0.735294117647
21 0.882352941176
10 0.735294117647
18 0.735294117647
2 0.735294117647
27 0.947058823529
3 0.735294117647
24 0.735294117647
14 0.735294117647
6 0.735294117647
25 0.735294117647
22 1.0
12 0.735294117647
15 0.735294117647
6 0.735294117647
10 0.735294117647
16 1.0
16 1.0
24 0.735294117647
4 0.735294117647
14 0.735294117647
7 0.735294117647
3 0.735294117647
5 0.735294117647
27 1.0
15 0.735294117647
3 0.735294117647
29 1.0
18 0.735294117647
6 0.735294117647
14 0.964705882353
2 0.735294117647
25 0.735294117647
30 1.0
25 0.735294117647
11 0.735294117647
6 0.735294117647
5 0.735294117647
28 0.735294117647
23 0.876470588235
8 0.735294117647
16 0.823529411765
26 0.735294117647
11 0.735294117647
13 0.900735294118
28 0.735294117647
3 0.735294117647
9 0.788235294118
7 0.735294117647
17 0.94427244582
5 0.735294117647
17 0.78093306288
19 1.0
5 0.735294117647
24 0.735294117647
15 0.735294117647
11 0.886554621849
2 0.735294117647
21 1.0
21 1.0
24 1.0
28 1.0
15 0.735294117647
21 0.818014705882
28 0.735294117647
4 0.735294117647
11 0.735294117647
7 0.735294117647
16 0.968858131488
4 0.735294117647
9 0.735294117647
10 0.823529411765
20 1.0
28 0.850678733032
21 0.898190045249
21 0.735294117647
8 0.735294117647
2 0.735294117647
16 0.735294117647
300 1.0
3 0.735294117647
626 0.735294117647
1 0.735294117647
8 0.735294117647
40 1.0
1 0.735294117647
159 0.735294117647
1 0.735294117647
315 0.780090497738
92 0.992747784045
6 0.735294117647
54 0.983455882353
1 0.735294117647
42 1.0
38 1.0
164 1.0
16 1.0
1 0.735294117647
1 0.735294117647
29 1.0
1 0.735294117647
9 0.735294117647
4 0.735294117647
1 0.735294117647
1 0.735294117647
119 1.0
15 0.888544891641
52 0.735294117647
1 0.735294117647
14 0.735294117647
9 0.735294117647
1 0.735294117647
1 0.735294117647
714 0.983455882353
1 0.735294117647
589 0.957647058824
2 0.735294117647
82 0.735294117647
1 0.735294117647
1 0.735294117647
209 1.0
19 0.735294117647
166 0.735294117647
2 0.735294117647
2 0.735294117647
682 1.0
1 0.735294117647
43 1.0
1 0.735294117647
13 0.900735294118
188 0.899159663866
44 1.0
1 0.735294117647
11 0.735294117647
1 0.735294117647
3 0.735294117647
1 0.735294117647
17 1.0
1 0.735294117647
270 0.992214532872
18 0.735294117647
1 0.735294117647
1 0.735294117647
2 0.735294117647
2 0.735294117647
3 0.735294117647
1 0.735294117647
38 0.981092436975
95 0.735294117647
42 1.0
61 0.735294117647
50 1.0
280 0.828298887122
1 0.735294117647
11 0.886554621849
3 0.735294117647
32 1.0
2 0.735294117647
2 0.735294117647
687 0.735294117647
20 0.735294117647
3 0.735294117647
3 0.735294117647
