4 1 6 40000 1
17 12 21 170000 1
12 14 17 120000 1
13 2 9 97399 0
15 20 23 150000 1
6 6 9 60000 1
30 3 34 300000 1
23 12 29 230000 1
12 5 17 120000 1
11 12 15 110000 1
29 4 37 290000 1
15 19 21 150000 1
28 13 33 280000 1
15 10 19 150000 1
25 30 33 250000 1
23 5 27 230000 1
15 2 12 125382 0
21 1 9 98166 0
27 18 35 270000 1
14 8 18 140000 1
2 1 5 20000 1
4 4 7 40000 1
25 2 15 163391 0
10 11 14 100000 1
6 1 8 59730 0
13 26 22 130000 1
23 12 32 230000 1
8 5 12 80000 1
13 5 17 130000 1
11 9 15 110000 1
23 1 8 87842 0
30 4 38 300000 1
28 12 39 280000 1
11 12 15 110000 1
16 6 22 160000 1
24 14 30 240000 1
7 11 11 70000 1
26 2 16 176242 0
25 28 32 250000 1
4 8 7 40000 1
26 18 32 260000 1
26 2 21 211149 0
30 15 38 300000 1
8 13 13 80000 1
12 10 15 120000 1
22 19 25 220000 1
10 15 15 100000 1
1 1 4 10000 1
13 14 18 130000 1
11 10 16 110000 1
19 16 26 190000 1
12 20 15 120000 1
7 8 11 70000 1
26 2 16 189630 0
7 12 12 70000 1
17 13 22 170000 1
7 2 6 52437 0
8 21 12 80000 1
7 17 11 70000 1
26 7 31 260000 1
20 1 7 71572 0
3 3 5 30000 1
29 11 35 290000 1
6 9 9 60000 1
9 7 13 90000 1
11 5 15 110000 1
13 23 19 130000 1
20 17 28 200000 1
3 13 7 30000 1
26 2 16 190917 0
19 3 18 182836 0
22 9 28 220000 1
17 3 14 148315 0
15 24 20 150000 1
9 14 15 90000 1
20 8 24 200000 1
13 6 18 130000 1
10 12 14 100000 1
30 7 40 300000 1
22 1 8 84713 0
27 3 21 203975 0
7 2 10 70000 1
19 13 26 190000 1
17 4 22 170000 1
27 8 35 270000 1
9 4 12 90000 1
4 10 7 40000 1
19 4 23 190000 1
20 1 10 112834 0
19 2 8 88844 0
9 1 5 48931 0
18 15 23 180000 1
28 5 32 280000 1
22 17 27 220000 1
8 23 13 80000 1
30 15 40 300000 1
23 1 13 145366 0
9 3 12 90000 1
19 16 28 190000 1
28 5 33 280000 1
10 13 15 100000 1
25 1 8 93564 0
21 2 15 165511 0
26 1 5 51573 0
18 1 8 81632 0
18 1 6 64164 0
18 1 7 73931 0
22 2 11 115365 0
27 6 32 270000 1
5 1 8 50000 1
14 15 18 140000 1
12 14 16 120000 1
19 12 22 190000 1
13 1 7 70116 0
14 13 19 140000 1
21 19 24 210000 1
19 3 15 157565 0
20 9 25 200000 1
23 1 7 74167 0
24 8 29 240000 1
9 8 15 90000 1
3 3 6 30000 1
6 7 9 60000 1
29 1 10 106350 0
15 21 22 150000 1
29 2 16 174701 0
1 4 4 10000 1
15 7 19 150000 1
14 13 18 140000 1
12 12 18 120000 1
20 10 26 200000 1
26 9 31 260000 1
9 9 12 90000 1
15 21 22 150000 1
13 4 17 130000 1
10 12 14 100000 1
29 2 18 180743 0
10 13 14 100000 1
18 13 22 180000 1
8 15 13 80000 1
2 4 5 20000 1
7 1 4 40015 0
27 4 32 270000 1
22 7 29 220000 1
6 10 9 60000 1
12 7 15 120000 1
20 12 29 200000 1
22 15 29 220000 1
30 2 15 167464 0
26 12 33 260000 1
13 24 19 130000 1
23 24 28 230000 1
15 14 21 150000 1
13 5 17 130000 1
22 17 27 220000 1
24 1 8 79662 0
18 3 16 160819 0
13 5 19 130000 1
14 18 19 140000 1
21 16 29 210000 1
26 4 34 260000 1
14 9 19 140000 1
30 12 34 300000 1
4 2 7 40000 1
24 2 16 186694 0
2 1 4 19373 0
7 18 11 70000 1
17 4 23 170000 1
1 2 4 10000 1
4 4 6 40000 1
21 9 26 210000 1
18 18 26 180000 1
27 10 32 270000 1
30 16 38 300000 1
24 11 29 240000 1
9 1 5 45218 0
13 6 17 130000 1
19 4 25 190000 1
2 1 3 15465 0
15 5 21 150000 1
30 13 33 300000 1
8 4 12 80000 1
42 16 54 420000 1
1 3 4 10000 1
211 7 238 2110000 1
181 24 191 1810000 1
1 1 3 9138 0
64 8 81 640000 1
3 3 7 30000 1
1 3 4 10000 1
775 6 806 7750000 1
397 10 471 3970000 1
1 4 4 10000 1
7 18 11 70000 1
2 1 5 20000 1
14 9 17 140000 1
1 1 4 10000 1
251 30 350 2510000 1
606 25 714 6060000 1
115 17 160 1150000 1
127 17 178 1270000 1
54 12 60 540000 1
303 15 361 3030000 1
1 2 4 10000 1
850 25 1172 8500000 1
1 2 4 10000 1
932 4 39 404165 0
100 30 112 1000000 1
1 1 4 10000 1
1 1 4 10000 1
212 16 246 2120000 1
507 31 555 5070000 1
59 7 64 590000 1
3 2 6 30000 1
31 22 40 310000 1
1 1 3 9138 0
26 9 32 260000 1
1 1 4 10000 1
1 1 4 10000 1
61 6 72 610000 1
104 4 32 326112 0
586 32 643 5860000 1
3 11 5 30000 1
100 12 123 1000000 1
1 4 4 10000 1
18 11 26 180000 1
149 19 179 1490000 1
9 11 13 90000 1
7 2 10 70000 1
1 4 4 10000 1
48 10 63 480000 1
1 4 4 10000 1
32 1 11 127727 0
1 2 4 10000 1
1 1 3 9138 0
1 4 4 10000 1
1 1 4 10000 1
1 1 3 9138 0
91 4 47 518933 0
1 1 4 10000 1
21 21 29 210000 1
6 11 10 60000 1
2 2 5 20000 1
20 21 25 200000 1
37 6 42 370000 1
3 5 6 30000 1
189 13 202 1890000 1
362 12 400 3620000 1
35 5 47 350000 1
1 1 2 6092 0
47 16 61 470000 1
1 3 4 10000 1
581 35 631 5810000 1
2 2 5 20000 1
1 2 4 10000 1
16 9 22 160000 1
7 2 8 62519 0
2 5 5 20000 1
2 1 4 19373 0
376 14 452 3760000 1
128 7 132 1280000 1
6 11 9 60000 1
85 5 85 825799 0
9 9 14 90000 1
53 12 65 530000 1
1 1 3 9138 0
