27 8 28 270000 1
5 1 4 50000 1
26 1 15 259505 0
28 4 22 280000 1
20 4 12 200000 1
27 1 10 210130 0
5 4 5 50000 1
20 5 13 200000 1
11 2 8 110000 1
30 1 13 262546 0
12 1 6 114350 0
6 1 5 60000 1
23 4 13 230000 1
5 1 4 50000 1
11 2 8 110000 1
12 5 8 120000 1
2 1 3 20000 1
18 1 12 180000 1
23 7 18 230000 1
8 1 5 75233 0
3 1 3 30000 1
16 1 7 142300 0
20 6 17 200000 1
6 1 6 60000 1
21 4 15 210000 1
29 8 23 290000 1
5 4 4 50000 1
29 1 11 254552 0
24 1 9 206769 0
11 1 8 110000 1
6 4 5 60000 1
5 1 4 50000 1
24 1 6 139443 0
21 2 13 210000 1
20 3 12 200000 1
22 1 6 144287 0
7 1 5 70000 1
15 1 8 142649 0
16 2 11 160000 1
9 1 6 84644 0
22 1 13 220000 1
11 5 8 110000 1
24 1 9 202289 0
12 1 7 119114 0
5 1 5 50000 1
5 2 4 50000 1
2 1 3 20000 1
14 1 10 140000 1
18 3 11 180000 1
20 1 7 158287 0
13 1 9 130000 1
7 2 5 70000 1
24 7 17 240000 1
3 1 3 30000 1
21 1 5 102813 0
22 2 14 220000 1
15 3 9 150000 1
23 1 5 125855 0
9 1 6 89392 0
11 1 8 110000 1
19 7 15 190000 1
14 1 9 140000 1
20 7 17 200000 1
4 2 4 40000 1
24 1 8 188113 0
14 6 9 140000 1
22 3 15 220000 1
20 5 12 200000 1
20 1 6 146164 0
17 6 10 170000 1
24 8 17 240000 1
19 1 6 124696 0
2 1 3 20000 1
16 6 13 160000 1
19 5 11 190000 1
26 6 20 260000 1
17 1 12 170000 1
5 1 4 50000 1
14 1 8 126132 0
17 1 7 140762 0
19 5 13 190000 1
2 1 3 20000 1
23 1 9 195900 0
22 1 14 220000 1
14 1 6 121125 0
19 4 14 190000 1
21 1 12 203410 0
21 1 11 205378 0
8 1 6 80000 1
25 3 15 250000 1
12 3 8 120000 1
20 4 14 200000 1
17 3 10 170000 1
28 1 6 128078 0
18 1 11 180000 1
3 1 3 30000 1
2 1 3 20000 1
4 1 4 40000 1
8 1 5 77947 0
27 3 16 270000 1
25 9 20 250000 1
28 8 16 280000 1
15 4 9 150000 1
9 5 7 90000 1
17 4 11 170000 1
23 1 4 84867 0
14 1 6 123141 0
10 3 7 100000 1
21 1 10 199565 0
6 3 6 60000 1
26 1 9 197366 0
5 3 5 50000 1
5 1 4 50000 1
15 2 10 150000 1
4 1 3 40000 1
28 7 16 280000 1
11 1 6 100936 0
3 1 3 30000 1
19 1 14 190000 1
4 1 3 40000 1
4 1 4 40000 1
14 1 10 140000 1
24 7 19 240000 1
19 2 13 190000 1
8 3 6 80000 1
9 1 7 90000 1
4 1 4 40000 1
22 1 10 206812 0
6 2 5 60000 1
7 1 6 70000 1
29 2 17 290000 1
20 3 12 200000 1
2 1 3 20000 1
27 3 17 270000 1
11 1 6 97974 0
23 6 19 230000 1
21 2 13 210000 1
24 5 14 240000 1
18 1 8 157109 0
27 3 15 270000 1
20 1 6 134903 0
16 2 14 160000 1
30 1 12 257231 0
18 1 13 180000 1
8 1 5 76209 0
15 5 10 150000 1
9 5 7 90000 1
21 1 14 210000 1
14 2 10 140000 1
11 1 7 109706 0
5 1 4 50000 1
22 1 8 177609 0
23 2 15 230000 1
15 1 7 142991 0
7 1 5 66432 0
5 2 4 50000 1
14 1 9 140000 1
5 1 3 46894 0
17 1 10 168335 0
26 6 15 260000 1
7 4 7 70000 1
4 3 3 40000 1
23 1 10 206990 0
28 1 11 239634 0
7 1 6 70000 1
27 3 21 270000 1
25 2 17 250000 1
18 5 15 180000 1
13 3 9 130000 1
3 1 3 30000 1
20 2 12 200000 1
14 2 10 140000 1
26 1 12 238870 0
2 1 3 20000 1
17 2 11 170000 1
3 1 3 30000 1
18 4 13 180000 1
6 3 5 60000 1
16 6 13 160000 1
7 1 5 70000 1
2 1 3 20000 1
20 2 12 200000 1
466 2 64 1297223 0
1 1 2 10000 1
1 1 2 10000 1
584 4 287 5840000 1
1 1 2 10000 1
1 1 2 10000 1
5 1 4 50000 1
12 1 9 120000 1
72 1 14 375016 0
274 4 183 2740000 1
1 1 2 10000 1
635 5 446 6350000 1
10 1 8 100000 1
223 1 8 178996 0
16 1 7 143665 0
45 1 22 432241 0
119 1 20 541258 0
2 1 3 20000 1
371 3 199 3710000 1
1 1 2 10000 1
5 1 5 50000 1
11 5 7 110000 1
755 3 373 7550000 1
10 1 4 80966 0
343 1 20 466220 0
2 1 3 20000 1
231 11 131 2310000 1
3 1 4 30000 1
1 1 2 10000 1
1 1 2 10000 1
44 3 29 440000 1
672 11 494 6720000 1
5 3 5 50000 1
19 5 12 190000 1
1 1 2 10000 1
30 8 21 300000 1
444 2 41 818873 0
1 1 2 10000 1
1 1 2 10000 1
2 1 3 20000 1
10 1 8 100000 1
4 2 4 40000 1
19 1 11 190000 1
1 1 2 10000 1
12 5 8 120000 1
1 1 2 10000 1
5 1 4 50000 1
554 10 300 5540000 1
115 2 31 622371 0
2 1 3 20000 1
18 6 13 180000 1
211 3 106 2110000 1
3 1 3 30000 1
2 1 3 20000 1
11 3 9 110000 1
2 1 3 20000 1
6 1 4 59866 0
4 1 4 40000 1
4 1 3 40000 1
246 5 177 2460000 1
265 1 35 872733 0
13 1 8 130000 1
1 1 2 10000 1
584 5 443 5840000 1
1 1 2 10000 1
6 1 5 60000 1
148 1 33 759632 0
50 1 14 320812 0
1 1 2 10000 1
107 8 78 1070000 1
2 1 3 20000 1
6 1 6 60000 1
269 1 8 206852 0
2 1 3 20000 1
3 1 3 30000 1
30 1 10 228941 0
2 1 3 20000 1
1 1 2 10000 1
100 6 57 1000000 1
187 10 138 1870000 1
1 1 2 10000 1
3 1 3 30000 1
1 1 2 10000 1
4 1 4 40000 1
