27 1.89075630252
5 2.45098039216
26 3.39222222222
28 2.49554367201
20 3.26797385621
27 4.12019607843
5 1.96078431373
20 3.01659125189
11 2.69607843137
30 3.95996983409
12 3.73692810458
6 2.35294117647
23 3.46907993967
5 2.45098039216
11 2.69607843137
12 2.94117647059
2 1.30718954248
18 2.94117647059
23 2.50544662309
8 2.95031372549
3 1.96078431373
16 3.98599439776
20 2.30680507497
6 1.96078431373
21 2.74509803922
29 2.47229326513
5 2.45098039216
29 4.5374688057
24 4.50477124183
11 2.69607843137
6 2.35294117647
5 2.45098039216
24 4.55696078431
21 3.16742081448
20 3.26797385621
22 4.71526143791
7 2.74509803922
15 3.49629901961
16 2.85204991087
9 2.76614379085
22 3.31825037707
11 2.69607843137
24 4.40716775599
12 3.33652661064
5 1.96078431373
5 2.45098039216
2 1.30718954248
14 2.74509803922
18 3.20855614973
20 4.43380952381
13 2.83224400871
7 2.74509803922
24 2.76816608997
3 1.96078431373
21 4.03188235294
22 3.081232493
15 3.26797385621
23 4.93549019608
9 2.92130718954
11 2.69607843137
19 2.48366013072
14 3.05010893246
20 2.30680507497
4 1.96078431373
24 4.6106127451
14 3.05010893246
22 2.87581699346
20 3.26797385621
20 4.77660130719
17 3.33333333333
24 2.76816608997
19 4.07503267974
2 1.30718954248
16 2.41327300151
19 3.38680926916
26 2.54901960784
17 2.77777777778
5 2.45098039216
14 3.09147058824
17 3.94291316527
19 2.86576168929
2 1.30718954248
23 4.26797385621
22 3.081232493
14 3.95833333333
19 2.66106442577
21 3.32369281046
21 3.66092691622
8 2.61437908497
25 3.26797385621
12 2.94117647059
20 2.80112044818
17 3.33333333333
28 4.18555555556
18 3.20855614973
3 1.96078431373
2 1.30718954248
4 1.96078431373
8 3.05674509804
27 3.30882352941
25 2.45098039216
28 3.43137254902
15 3.26797385621
9 2.52100840336
17 3.0303030303
23 4.16014705882
14 4.02421568627
10 2.80112044818
21 3.91303921569
6 1.96078431373
26 4.29991285403
5 1.96078431373
5 2.45098039216
15 2.94117647059
4 2.61437908497
28 3.43137254902
11 3.2985620915
3 1.96078431373
19 2.66106442577
4 2.61437908497
4 1.96078431373
14 2.74509803922
24 2.47678018576
19 2.86576168929
8 2.61437908497
9 2.52100840336
4 1.96078431373
22 4.0551372549
6 2.35294117647
7 2.28758169935
29 3.34486735871
20 3.26797385621
2 1.30718954248
27 3.11418685121
11 3.20176470588
23 2.37358101135
21 3.16742081448
24 3.36134453782
18 3.85071078431
27 3.52941176471
20 4.40859477124
16 2.24089635854
30 4.20312091503
18 2.7149321267
8 2.98858823529
15 2.94117647059
9 2.52100840336
21 2.94117647059
14 2.74509803922
11 3.07299719888
5 2.45098039216
22 4.35316176471
23 3.00653594771
15 4.00535014006
7 2.60517647059
5 2.45098039216
14 3.05010893246
5 3.06496732026
17 3.30068627451
26 3.39869281046
7 1.96078431373
4 2.61437908497
23 4.05862745098
28 4.27155080214
7 2.28758169935
27 2.52100840336
25 2.88350634371
18 2.35294117647
13 2.83224400871
3 1.96078431373
20 3.26797385621
14 2.74509803922
26 3.90310457516
2 1.30718954248
17 3.0303030303
3 1.96078431373
18 2.7149321267
6 2.35294117647
16 2.41327300151
7 2.74509803922
2 1.30718954248
20 3.26797385621
466 3.97433517157
1 0.980392156863
1 0.980392156863
584 3.98988863838
1 0.980392156863
1 0.980392156863
5 2.45098039216
12 2.61437908497
72 5.25232492997
274 2.9358191364
1 0.980392156863
635 2.7916996395
10 2.45098039216
223 4.38715686275
16 4.02422969188
45 3.85241532977
119 5.30645098039
2 1.30718954248
371 3.65553256478
1 0.980392156863
5 1.96078431373
11 3.081232493
755 3.96887977711
10 3.96892156863
343 4.57078431373
2 1.30718954248
231 3.4575662326
3 1.47058823529
1 0.980392156863
1 0.980392156863
44 2.97498309669
672 2.66730173851
5 1.96078431373
19 3.1045751634
1 0.980392156863
30 2.80112044818
444 3.91617886179
1 0.980392156863
1 0.980392156863
2 1.30718954248
10 2.45098039216
4 1.96078431373
19 3.38680926916
1 0.980392156863
12 2.94117647059
1 0.980392156863
5 2.45098039216
554 3.62091503268
115 3.9365654649
2 1.30718954248
18 2.7149321267
211 3.90307066223
3 1.96078431373
2 1.30718954248
11 2.39651416122
2 1.30718954248
6 2.93460784314
4 1.96078431373
4 2.61437908497
246 2.72515785975
265 4.8892605042
13 3.1862745098
1 0.980392156863
584 2.58487142035
1 0.980392156863
6 2.35294117647
148 4.51355912062
50 4.49316526611
1 0.980392156863
107 2.68979386626
2 1.30718954248
6 1.96078431373
269 5.06990196078
2 1.30718954248
3 1.96078431373
30 4.48903921569
2 1.30718954248
1 0.980392156863
100 3.43997248022
187 2.65700483092
1 0.980392156863
3 1.96078431373
1 0.980392156863
4 1.96078431373
