24 3 13 240000 1
23 1 7 230000 1
20 7 20 200000 1
6 1 3 60000 1
16 4 12 160000 1
4 1 3 40000 1
8 2 4 80000 1
3 1 3 30000 1
19 1 7 190000 1
12 4 10 120000 1
5 1 3 50000 1
26 6 26 260000 1
28 4 18 280000 1
12 3 8 120000 1
7 1 4 70000 1
2 1 3 20000 1
7 2 4 70000 1
21 3 11 210000 1
11 3 8 110000 1
27 1 8 270000 1
29 7 26 290000 1
24 8 30 240000 1
24 2 11 240000 1
24 1 7 240000 1
19 1 6 190000 1
23 3 13 230000 1
29 7 26 290000 1
24 3 11 240000 1
25 3 14 250000 1
24 3 13 240000 1
23 8 22 230000 1
14 1 6 140000 1
4 1 3 40000 1
29 7 30 290000 1
16 6 16 160000 1
21 1 7 210000 1
27 5 22 270000 1
26 2 10 260000 1
22 1 7 220000 1
21 7 20 210000 1
30 1 9 300000 1
16 6 14 160000 1
9 2 6 90000 1
14 4 10 140000 1
28 5 22 280000 1
27 4 18 270000 1
17 4 14 170000 1
21 1 7 210000 1
26 2 10 260000 1
16 2 6 160000 1
14 1 6 140000 1
2 1 3 20000 1
20 4 14 200000 1
5 1 3 50000 1
26 5 17 260000 1
9 3 7 90000 1
18 1 6 180000 1
7 1 3 70000 1
21 3 11 210000 1
14 2 6 140000 1
25 1 6 250000 1
25 1 7 250000 1
5 2 4 50000 1
24 7 27 240000 1
13 1 5 130000 1
13 1 4 130000 1
6 2 4 60000 1
10 4 10 100000 1
4 1 3 40000 1
24 4 17 240000 1
15 1 6 150000 1
6 1 3 60000 1
3 1 3 30000 1
15 2 8 150000 1
29 3 14 290000 1
28 4 18 280000 1
24 8 28 240000 1
3 1 3 30000 1
3 1 3 30000 1
4 1 3 40000 1
17 1 6 170000 1
10 1 4 100000 1
22 1 6 220000 1
29 2 12 290000 1
8 2 4 80000 1
19 3 10 190000 1
21 1 5 210000 1
3 1 3 30000 1
18 3 10 180000 1
8 1 4 80000 1
22 7 20 220000 1
24 4 12 240000 1
10 1 5 100000 1
4 1 3 40000 1
21 5 15 210000 1
5 2 4 50000 1
26 1 9 260000 1
8 1 4 80000 1
24 6 13 240000 1
3 1 2 30000 1
24 1 7 240000 1
27 3 14 270000 1
29 7 22 290000 1
15 1 5 150000 1
28 9 38 280000 1
21 5 17 210000 1
27 1 8 270000 1
29 1 10 290000 1
21 3 11 210000 1
21 5 14 210000 1
18 2 8 180000 1
13 3 6 130000 1
24 1 6 240000 1
10 1 5 100000 1
8 3 5 80000 1
6 2 4 60000 1
11 1 5 110000 1
14 1 4 140000 1
14 1 5 140000 1
18 1 6 180000 1
1 1 2 10000 1
15 1 6 150000 1
23 1 7 230000 1
16 4 12 160000 1
24 3 12 240000 1
3 1 3 30000 1
11 2 7 110000 1
12 3 7 120000 1
7 1 4 70000 1
9 1 3 90000 1
22 1 6 220000 1
20 2 8 200000 1
26 1 8 260000 1
23 3 13 230000 1
21 1 7 210000 1
29 1 10 290000 1
15 1 6 150000 1
9 1 5 90000 1
14 1 6 140000 1
5 1 3 50000 1
13 1 5 130000 1
27 1 8 270000 1
15 1 6 150000 1
22 4 14 220000 1
13 4 10 130000 1
5 1 3 50000 1
26 3 14 260000 1
14 1 5 140000 1
18 1 6 180000 1
27 1 9 270000 1
19 1 7 190000 1
12 1 5 120000 1
5 1 3 50000 1
23 1 7 230000 1
6 1 3 60000 1
24 5 13 240000 1
21 1 7 210000 1
3 1 3 30000 1
26 1 7 260000 1
12 4 10 120000 1
21 1 7 210000 1
17 4 14 170000 1
4 1 3 40000 1
5 1 3 50000 1
14 1 5 140000 1
27 1 9 270000 1
29 1 8 290000 1
16 1 6 160000 1
14 5 12 140000 1
29 1 9 290000 1
16 1 7 160000 1
7 1 4 70000 1
23 1 7 230000 1
30 7 31 300000 1
3 1 3 30000 1
4 1 3 40000 1
27 2 10 270000 1
10 2 5 100000 1
9 4 7 90000 1
14 1 6 140000 1
15 2 7 150000 1
30 7 16 300000 1
4 1 3 40000 1
132 3 59 1320000 1
611 1 8 435153 0
160 1 15 800771 0
1 1 2 10000 1
389 4 222 3890000 1
1 1 2 10000 1
1 1 2 10000 1
1 1 2 10000 1
1 1 2 10000 1
652 3 53 1209176 0
13 4 10 130000 1
448 12 228 4480000 1
12 3 7 120000 1
6 1 3 60000 1
7 1 4 70000 1
1 1 2 10000 1
33 7 36 330000 1
530 17 534 5300000 1
1 1 2 10000 1
5 1 3 50000 1
7 1 3 70000 1
6 1 3 60000 1
14 3 7 140000 1
9 3 7 90000 1
347 1 15 923024 0
2 1 3 20000 1
11 2 6 110000 1
1 1 2 10000 1
78 10 79 780000 1
6 1 3 60000 1
1 1 2 10000 1
1 1 2 10000 1
9 1 4 90000 1
1 1 2 10000 1
1 1 2 10000 1
414 2 120 4140000 1
7 1 4 70000 1
109 1 20 1068570 0
78 1 8 385089 0
34 7 37 340000 1
14 4 10 140000 1
1 1 2 10000 1
1 1 2 10000 1
11 1 5 110000 1
1 1 2 10000 1
2 1 2 20000 1
1 1 2 10000 1
446 7 317 4460000 1
1 1 2 10000 1
261 4 150 2610000 1
221 5 157 2210000 1
29 4 18 290000 1
15 5 12 150000 1
47 6 43 470000 1
239 17 137 2390000 1
1 1 2 10000 1
19 6 20 190000 1
980 1 17 1048297 0
1 1 2 10000 1
3 1 3 30000 1
1 1 2 10000 1
190 4 109 1900000 1
94 1 14 839184 0
8 2 5 80000 1
821 11 928 8210000 1
4 1 3 40000 1
1 1 2 10000 1
28 1 9 280000 1
702 12 892 7020000 1
979 17 1736 9790000 1
73 14 84 730000 1
766 1 9 493168 0
6 1 3 60000 1
232 13 385 2320000 1
307 1 47 3070000 1
10 1 4 100000 1
1 1 2 10000 1
299 6 254 2990000 1
43 8 50 430000 1
1 1 2 10000 1
176 12 262 1760000 1
931 7 919 9310000 1
20 1 7 200000 1
