5 1 10 50000 1
29 1 11 55000 0
4 1 8 40000 1
13 2 26 130000 1
9 4 18 90000 1
16 1 16 80000 0
5 1 10 50000 1
27 3 54 270000 1
21 4 42 210000 1
5 1 10 50000 1
6 1 12 60000 1
15 2 30 150000 1
21 1 15 75000 0
6 3 12 60000 1
17 7 34 170000 1
29 9 58 290000 1
6 3 12 60000 1
9 1 17 85000 0
8 1 14 70000 0
20 2 38 190000 0
24 5 48 240000 1
28 6 56 280000 1
16 8 32 160000 1
13 9 26 130000 1
21 9 42 210000 1
3 2 6 30000 1
2 1 4 20000 1
13 3 26 130000 1
23 12 46 230000 1
3 1 6 30000 1
12 1 15 75000 0
16 3 32 160000 1
27 9 54 270000 1
24 3 48 240000 1
19 4 38 190000 1
28 1 14 70000 0
13 9 26 130000 1
21 9 42 210000 1
7 1 10 50000 0
29 4 58 290000 1
5 3 10 50000 1
23 8 46 230000 1
27 1 20 100000 0
2 1 4 20000 1
30 2 54 270000 0
24 5 48 240000 1
17 6 34 170000 1
3 1 6 30000 1
27 10 54 270000 1
8 5 16 80000 1
20 8 40 200000 1
25 9 50 250000 1
2 1 4 20000 1
17 10 34 170000 1
13 6 26 130000 1
24 4 48 240000 1
26 6 52 260000 1
8 4 16 80000 1
8 1 15 75000 0
5 4 10 50000 1
21 2 42 210000 1
3 1 6 30000 1
4 4 8 40000 1
19 1 15 75000 0
12 3 24 120000 1
21 3 42 210000 1
3 2 6 30000 1
19 3 38 190000 1
7 1 12 60000 0
2 1 4 20000 1
17 3 34 170000 1
13 2 26 130000 1
17 5 34 170000 1
17 6 34 170000 1
28 3 41 205000 0
23 8 46 230000 1
15 1 21 105000 0
3 2 6 30000 1
7 1 14 70000 1
15 6 30 150000 1
12 1 12 60000 0
16 4 32 160000 1
15 4 30 150000 1
5 1 10 50000 1
26 12 52 260000 1
10 4 20 100000 1
9 5 18 90000 1
11 1 16 80000 0
20 12 40 200000 1
2 1 4 20000 1
30 1 15 75000 0
18 1 18 90000 0
22 2 30 150000 0
24 5 48 240000 1
13 1 25 125000 0
9 4 18 90000 1
10 5 20 100000 1
21 11 42 210000 1
24 10 48 240000 1
25 3 50 250000 1
15 1 14 70000 0
21 4 42 210000 1
16 7 32 160000 1
13 1 13 65000 0
11 2 22 110000 1
25 1 19 95000 0
28 7 56 280000 1
22 1 30 150000 0
7 6 14 70000 1
24 1 13 65000 0
2 1 4 20000 1
16 5 32 160000 1
12 3 24 120000 1
15 7 30 150000 1
9 5 18 90000 1
15 5 30 150000 1
5 3 10 50000 1
14 1 15 75000 0
28 12 56 280000 1
22 1 16 80000 0
20 10 40 200000 1
3 2 6 30000 1
21 2 42 210000 1
4 2 8 40000 1
13 2 26 130000 1
8 6 16 80000 1
12 10 24 120000 1
25 2 40 200000 0
10 1 13 65000 0
14 1 14 70000 0
18 2 24 120000 0
29 1 16 80000 0
5 4 10 50000 1
3 1 6 30000 1
28 3 56 280000 1
17 1 12 60000 0
29 5 58 290000 1
23 1 26 130000 0
13 2 26 130000 1
6 1 12 60000 1
10 1 16 80000 0
3 1 6 30000 1
20 8 40 200000 1
16 2 32 160000 1
26 1 16 80000 0
28 6 56 280000 1
10 1 20 100000 1
9 1 18 90000 1
29 3 58 290000 1
24 2 32 160000 0
24 5 48 240000 1
28 1 14 70000 0
29 4 58 290000 1
17 1 15 75000 0
8 3 16 80000 1
27 14 54 270000 1
6 1 12 60000 1
29 5 58 290000 1
5 1 10 50000 1
6 1 12 60000 1
12 1 14 70000 0
20 6 40 200000 1
26 7 52 260000 1
23 11 46 230000 1
21 2 22 110000 0
14 8 28 140000 1
12 2 24 120000 1
9 4 18 90000 1
15 6 30 150000 1
24 2 48 240000 1
17 7 34 170000 1
9 1 15 75000 0
14 10 28 140000 1
10 4 20 100000 1
20 5 40 200000 1
16 1 15 75000 0
29 10 58 290000 1
19 3 38 190000 1
23 1 22 110000 0
26 11 52 260000 1
8 2 16 80000 1
28 3 56 280000 1
141 1 23 115000 0
7 1 14 70000 1
12 1 16 80000 0
43 16 86 430000 1
23 1 24 120000 0
1 1 2 10000 1
19 3 38 190000 1
159 1 29 145000 0
1 1 2 10000 1
3 1 6 30000 1
1 1 2 10000 1
5 2 10 50000 1
2 1 4 20000 1
1 1 2 10000 1
48 1 17 85000 0
3 1 6 30000 1
791 17 1582 7910000 1
1 1 2 10000 1
1 1 2 10000 1
11 4 22 110000 1
824 4 95 475000 0
1 1 2 10000 1
284 6 482 2410000 0
15 1 15 75000 0
4 1 8 40000 1
1 1 2 10000 1
2 1 4 20000 1
6 4 12 60000 1
380 6 266 1330000 0
18 9 36 180000 1
324 6 217 1085000 0
8 2 16 80000 1
3 1 6 30000 1
1 1 2 10000 1
7 4 14 70000 1
1 1 2 10000 1
2 1 4 20000 1
33 5 66 330000 1
1 1 2 10000 1
2 1 4 20000 1
169 10 338 1690000 1
343 8 686 3430000 1
7 3 14 70000 1
10 1 14 70000 0
1 1 2 10000 1
4 3 8 40000 1
133 11 266 1330000 1
1 1 2 10000 1
1 1 2 10000 1
30 12 60 300000 1
2 1 4 20000 1
843 7 391 1955000 0
75 8 150 750000 1
5 2 10 50000 1
1 1 2 10000 1
19 3 38 190000 1
591 1 15 75000 0
734 16 1468 7340000 1
1 1 2 10000 1
2 1 4 20000 1
5 1 10 50000 1
2 1 4 20000 1
30 14 60 300000 1
125 7 250 1250000 1
165 2 22 110000 0
864 12 1728 8640000 1
666 3 88 440000 0
4 2 8 40000 1
2 2 4 20000 1
515 10 1030 5150000 1
57 12 114 570000 1
258 2 40 200000 0
1 1 2 10000 1
1 1 2 10000 1
188 5 200 1000000 0
1 1 2 10000 1
2 1 4 20000 1
291 1 25 125000 0
2 1 4 20000 1
132 9 264 1320000 1
1 1 2 10000 1
32 10 64 320000 1
257 6 142 710000 0
4 4 8 40000 1
