5 1.0
29 1.0
4 1.0
13 1.0
9 1.0
16 1.0
5 1.0
27 1.0
21 1.0
5 1.0
6 1.0
15 1.0
21 1.0
6 1.0
17 1.0
29 1.0
6 1.0
9 1.0
8 1.0
20 1.0
24 1.0
28 1.0
16 1.0
13 1.0
21 1.0
3 1.0
2 1.0
13 1.0
23 1.0
3 1.0
12 1.0
16 1.0
27 1.0
24 1.0
19 1.0
28 1.0
13 1.0
21 1.0
7 1.0
29 1.0
5 1.0
23 1.0
27 1.0
2 1.0
30 1.0
24 1.0
17 1.0
3 1.0
27 1.0
8 1.0
20 1.0
25 1.0
2 1.0
17 1.0
13 1.0
24 1.0
26 1.0
8 1.0
8 1.0
5 1.0
21 1.0
3 1.0
4 1.0
19 1.0
12 1.0
21 1.0
3 1.0
19 1.0
7 1.0
2 1.0
17 1.0
13 1.0
17 1.0
17 1.0
28 1.0
23 1.0
15 1.0
3 1.0
7 1.0
15 1.0
12 1.0
16 1.0
15 1.0
5 1.0
26 1.0
10 1.0
9 1.0
11 1.0
20 1.0
2 1.0
30 1.0
18 1.0
22 1.0
24 1.0
13 1.0
9 1.0
10 1.0
21 1.0
24 1.0
25 1.0
15 1.0
21 1.0
16 1.0
13 1.0
11 1.0
25 1.0
28 1.0
22 1.0
7 1.0
24 1.0
2 1.0
16 1.0
12 1.0
15 1.0
9 1.0
15 1.0
5 1.0
14 1.0
28 1.0
22 1.0
20 1.0
3 1.0
21 1.0
4 1.0
13 1.0
8 1.0
12 1.0
25 1.0
10 1.0
14 1.0
18 1.0
29 1.0
5 1.0
3 1.0
28 1.0
17 1.0
29 1.0
23 1.0
13 1.0
6 1.0
10 1.0
3 1.0
20 1.0
16 1.0
26 1.0
28 1.0
10 1.0
9 1.0
29 1.0
24 1.0
24 1.0
28 1.0
29 1.0
17 1.0
8 1.0
27 1.0
6 1.0
29 1.0
5 1.0
6 1.0
12 1.0
20 1.0
26 1.0
23 1.0
21 1.0
14 1.0
12 1.0
9 1.0
15 1.0
24 1.0
17 1.0
9 1.0
14 1.0
10 1.0
20 1.0
16 1.0
29 1.0
19 1.0
23 1.0
26 1.0
8 1.0
28 1.0
141 1.0
7 1.0
12 1.0
43 1.0
23 1.0
1 1.0
19 1.0
159 1.0
1 1.0
3 1.0
1 1.0
5 1.0
2 1.0
1 1.0
48 1.0
3 1.0
791 1.0
1 1.0
1 1.0
11 1.0
824 1.0
1 1.0
284 1.0
15 1.0
4 1.0
1 1.0
2 1.0
6 1.0
380 1.0
18 1.0
324 1.0
8 1.0
3 1.0
1 1.0
7 1.0
1 1.0
2 1.0
33 1.0
1 1.0
2 1.0
169 1.0
343 1.0
7 1.0
10 1.0
1 1.0
4 1.0
133 1.0
1 1.0
1 1.0
30 1.0
2 1.0
843 1.0
75 1.0
5 1.0
1 1.0
19 1.0
591 1.0
734 1.0
1 1.0
2 1.0
5 1.0
2 1.0
30 1.0
125 1.0
165 1.0
864 1.0
666 1.0
4 1.0
2 1.0
515 1.0
57 1.0
258 1.0
1 1.0
1 1.0
188 1.0
1 1.0
2 1.0
291 1.0
2 1.0
132 1.0
1 1.0
32 1.0
257 1.0
4 1.0
