3 1 6 30000 1
21 1 29 177500 0
27 5 54 270000 1
17 4 34 170000 1
29 2 43 252500 0
19 3 38 190000 1
5 1 10 50000 1
8 1 16 80000 1
25 1 22 165000 0
15 1 26 140000 0
21 2 42 210000 1
7 1 14 70000 1
21 2 42 210000 1
19 3 38 190000 1
23 1 16 120000 0
24 2 41 222500 0
14 1 24 130000 0
23 4 46 230000 1
10 2 20 100000 1
21 3 42 210000 1
12 2 24 120000 1
9 1 18 90000 1
21 1 17 127500 0
24 3 48 240000 1
19 1 14 105000 0
26 1 20 150000 0
6 1 12 60000 1
4 1 8 40000 1
23 1 14 105000 0
5 1 10 50000 1
25 1 26 190000 0
5 1 10 50000 1
9 1 18 90000 1
20 3 40 200000 1
13 2 26 130000 1
22 1 24 170000 0
12 3 24 120000 1
18 1 24 150000 0
29 2 45 257500 0
17 1 25 147500 0
4 1 8 40000 1
23 1 13 97500 0
28 3 56 280000 1
2 1 4 20000 1
11 2 22 110000 1
11 1 21 107500 0
30 1 16 120000 0
28 3 56 280000 1
24 2 48 240000 1
5 1 10 50000 1
5 1 10 50000 1
30 1 21 157500 0
16 3 32 160000 1
17 2 34 170000 1
4 1 8 40000 1
15 4 30 150000 1
5 1 10 50000 1
3 1 6 30000 1
17 3 34 170000 1
10 1 20 100000 1
7 1 14 70000 1
22 1 21 152500 0
3 1 6 30000 1
21 4 42 210000 1
28 4 56 280000 1
22 1 22 165000 0
26 1 25 187500 0
25 2 50 250000 1
19 2 36 185000 0
25 1 14 105000 0
3 1 6 30000 1
9 1 18 90000 1
11 1 18 100000 0
8 1 16 80000 1
15 1 17 117500 0
24 4 48 240000 1
4 1 8 40000 1
27 1 18 135000 0
10 3 20 100000 1
5 1 10 50000 1
29 1 16 120000 0
15 2 30 150000 1
30 1 19 142500 0
21 2 42 210000 1
24 1 14 105000 0
21 1 35 192500 0
15 3 30 150000 1
24 4 48 240000 1
25 2 50 250000 1
6 1 12 60000 1
28 1 20 150000 0
21 1 16 120000 0
7 1 14 70000 1
9 1 18 90000 1
11 2 22 110000 1
25 1 18 135000 0
23 1 17 127500 0
11 2 22 110000 1
2 1 4 20000 1
26 1 22 160000 0
17 1 14 105000 0
21 3 42 210000 1
9 1 17 87500 0
15 1 19 122500 0
23 2 43 222500 0
20 1 16 120000 0
22 1 14 105000 0
20 1 30 175000 0
4 1 8 40000 1
20 1 29 172500 0
25 1 37 217500 0
2 1 4 20000 1
24 1 28 190000 0
30 4 60 300000 1
20 1 21 152500 0
8 1 16 80000 1
27 5 54 270000 1
4 1 8 40000 1
4 1 8 40000 1
13 1 18 110000 0
18 1 14 105000 0
26 4 52 260000 1
10 1 16 90000 0
5 1 10 50000 1
6 1 12 60000 1
15 3 30 150000 1
23 3 46 230000 1
21 3 42 210000 1
11 1 15 92500 0
25 3 50 250000 1
27 5 54 270000 1
4 1 8 40000 1
20 4 40 200000 1
19 2 38 190000 1
6 2 12 60000 1
5 1 10 50000 1
21 1 15 112500 0
10 1 20 100000 1
20 2 40 200000 1
6 1 12 60000 1
21 2 42 210000 1
16 3 32 160000 1
16 3 32 160000 1
27 1 25 187500 0
17 2 21 137500 0
18 1 36 180000 1
26 1 14 105000 0
15 1 30 150000 1
16 3 32 160000 1
24 3 48 240000 1
4 1 8 40000 1
25 2 50 250000 1
14 2 28 140000 1
21 1 21 157500 0
11 1 11 82500 0
3 1 6 30000 1
9 1 18 90000 1
18 1 32 170000 0
6 1 12 60000 1
8 1 16 80000 1
14 1 13 97500 0
20 4 40 200000 1
14 1 21 122500 0
2 1 4 20000 1
4 1 8 40000 1
12 2 24 120000 1
22 1 14 105000 0
2 1 4 20000 1
20 1 24 160000 0
9 1 18 90000 1
14 3 28 140000 1
4 1 8 40000 1
9 2 18 90000 1
13 3 26 130000 1
3 1 6 30000 1
26 1 17 127500 0
21 3 42 210000 1
9 1 17 87500 0
12 1 17 102500 0
26 4 52 260000 1
19 1 18 135000 0
23 2 38 210000 0
212 2 83 617500 0
8 1 12 70000 0
1 1 2 10000 1
84 1 20 150000 0
7 1 14 70000 1
746 1 25 187500 0
148 1 16 120000 0
212 1 25 187500 0
1 1 2 10000 1
1 1 2 10000 1
45 1 32 225000 0
100 6 200 1000000 1
70 2 31 227500 0
133 4 142 970000 0
1 1 2 10000 1
2 1 4 20000 1
5 1 10 50000 1
26 3 52 260000 1
4 1 8 40000 1
22 3 44 220000 1
54 3 108 540000 1
65 5 130 650000 1
7 1 14 70000 1
735 1 17 127500 0
242 1 23 172500 0
170 6 198 1115000 0
39 1 13 97500 0
321 9 642 3210000 1
1 1 2 10000 1
1 1 2 10000 1
1 1 2 10000 1
16 4 32 160000 1
1 1 2 10000 1
138 2 50 370000 0
1 1 2 10000 1
1 1 2 10000 1
1 1 2 10000 1
27 1 16 120000 0
4 1 8 40000 1
104 1 15 112500 0
2 1 4 20000 1
175 6 350 1750000 1
7 1 14 70000 1
1 1 2 10000 1
1 1 2 10000 1
555 2 28 205000 0
1 1 2 10000 1
16 2 32 160000 1
181 1 22 165000 0
2 1 4 20000 1
218 1 33 247500 0
26 4 52 260000 1
1 1 2 10000 1
105 3 50 370000 0
1 1 2 10000 1
1 1 2 10000 1
36 4 72 360000 1
21 1 39 202500 0
50 3 88 470000 0
5 1 10 50000 1
858 7 1716 8580000 1
6 2 12 60000 1
11 1 18 100000 0
3 1 6 30000 1
760 9 1520 7600000 1
1 1 2 10000 1
8 2 16 80000 1
1 1 2 10000 1
525 2 31 227500 0
1 1 2 10000 1
2 1 4 20000 1
3 1 6 30000 1
3 1 6 30000 1
801 7 1508 7655000 0
24 1 35 207500 0
910 8 1820 9100000 1
25 1 18 135000 0
1 1 2 10000 1
1 1 2 10000 1
469 5 174 1055000 0
122 1 15 112500 0
1 1 2 10000 1
1 1 2 10000 1
2 1 4 20000 1
