5 0.540540540541
23 0.556383970177
2 0.540540540541
25 0.540540540541
20 0.540540540541
6 0.540540540541
20 0.573359073359
22 0.625625625626
27 0.549917264203
15 0.540540540541
16 0.540540540541
3 0.540540540541
28 0.540540540541
28 0.564722617354
27 0.577794010226
8 0.540540540541
23 0.58230958231
8 0.540540540541
6 0.540540540541
24 0.556383970177
16 0.540540540541
15 0.558918918919
15 0.540540540541
7 0.540540540541
18 0.540540540541
6 0.540540540541
6 0.540540540541
26 0.600470035253
26 0.540540540541
7 0.540540540541
22 0.540540540541
6 0.540540540541
8 0.540540540541
2 0.540540540541
29 0.540540540541
30 0.540540540541
23 0.540540540541
27 0.54954954955
9 0.540540540541
16 0.540540540541
19 0.540540540541
13 0.540540540541
17 0.540540540541
19 0.540540540541
29 0.540540540541
26 0.540540540541
6 0.540540540541
3 0.540540540541
14 0.540540540541
27 0.606177606178
5 0.540540540541
22 0.540540540541
21 0.540540540541
28 0.540540540541
16 0.573359073359
26 0.540540540541
26 0.540540540541
20 0.56241956242
14 0.540540540541
4 0.540540540541
24 0.540540540541
27 0.54954954955
3 0.540540540541
21 0.540540540541
8 0.540540540541
24 0.55174686882
25 0.540540540541
12 0.56241956242
28 0.567567567568
4 0.540540540541
27 0.569256756757
24 0.540540540541
30 0.540540540541
27 0.540540540541
5 0.540540540541
15 0.540540540541
29 0.540540540541
30 0.540540540541
27 0.550750750751
5 0.540540540541
28 0.559684684685
19 0.56241956242
2 0.540540540541
14 0.540540540541
22 0.540540540541
25 0.540540540541
22 0.611226611227
27 0.540540540541
8 0.540540540541
26 0.540540540541
18 0.555361813426
11 0.540540540541
10 0.540540540541
28 0.56241956242
19 0.571171171171
7 0.540540540541
18 0.540540540541
19 0.540540540541
15 0.560517038778
27 0.556383970177
14 0.540540540541
7 0.540540540541
28 0.540540540541
24 0.540540540541
3 0.540540540541
28 0.558918918919
29 0.578828828829
4 0.540540540541
21 0.578828828829
2 0.540540540541
1 0.540540540541
2 0.540540540541
16 0.540540540541
5 0.540540540541
15 0.557557557558
20 0.556383970177
12 0.591591591592
30 0.540540540541
4 0.540540540541
11 0.540540540541
23 0.566066066066
14 0.557557557558
16 0.540540540541
26 0.574159525379
19 0.540540540541
27 0.540540540541
9 0.540540540541
26 0.586486486486
15 0.540540540541
17 0.540540540541
20 0.540540540541
2 0.540540540541
14 0.578828828829
17 0.540540540541
8 0.540540540541
8 0.540540540541
20 0.573359073359
27 0.56241956242
13 0.540540540541
11 0.540540540541
27 0.540540540541
22 0.564722617354
26 0.540540540541
13 0.56241956242
7 0.540540540541
28 0.540540540541
11 0.564722617354
21 0.540540540541
14 0.558918918919
3 0.540540540541
6 0.540540540541
4 0.540540540541
20 0.540540540541
21 0.540540540541
15 0.560517038778
29 0.58807082945
19 0.632432432432
30 0.58230958231
30 0.595675675676
8 0.540540540541
30 0.540540540541
25 0.556383970177
9 0.540540540541
7 0.540540540541
20 0.540540540541
23 0.540540540541
21 0.540540540541
11 0.540540540541
11 0.540540540541
26 0.540540540541
19 0.540540540541
6 0.540540540541
28 0.591591591592
11 0.540540540541
19 0.56241956242
10 0.540540540541
12 0.540540540541
23 0.540540540541
11 0.540540540541
22 0.540540540541
9 0.540540540541
26 0.540540540541
54 0.567567567568
719 0.540540540541
24 0.540540540541
9 0.540540540541
2 0.540540540541
70 0.540540540541
19 0.540540540541
3 0.540540540541
1 0.540540540541
1 0.540540540541
880 0.550750750751
4 0.540540540541
259 0.560517038778
1 0.540540540541
2 0.540540540541
1 0.540540540541
200 0.540540540541
1 0.540540540541
1 0.540540540541
864 0.551932097387
10 0.540540540541
1 0.540540540541
216 0.54558954559
1 0.540540540541
1 0.540540540541
1 0.540540540541
55 0.559293987865
20 0.540540540541
17 0.540540540541
42 0.55174686882
719 0.540540540541
1 0.540540540541
2 0.540540540541
2 0.540540540541
460 0.549209586945
4 0.540540540541
1 0.540540540541
743 0.540540540541
6 0.540540540541
19 0.540540540541
1 0.540540540541
18 0.540540540541
313 0.542512469551
1 0.540540540541
49 0.540540540541
2 0.540540540541
5 0.540540540541
2 0.540540540541
1 0.540540540541
3 0.540540540541
753 0.543376710043
189 0.597972972973
54 0.54954954955
44 0.540540540541
13 0.540540540541
4 0.540540540541
4 0.540540540541
58 0.540540540541
17 0.571171171171
36 0.540540540541
298 0.540540540541
6 0.540540540541
270 0.545703006377
2 0.540540540541
18 0.591591591592
624 0.545277235999
11 0.56241956242
8 0.540540540541
4 0.540540540541
1 0.540540540541
1 0.540540540541
103 0.560517038778
88 0.540540540541
3 0.540540540541
54 0.564224017832
113 0.542921159501
226 0.56241956242
1 0.540540540541
2 0.540540540541
49 0.558918918919
36 0.550316273721
1 0.540540540541
1 0.540540540541
15 0.540540540541
