14 2 89 140000 1
27 1 95 270000 1
13 1 56 130000 1
11 6 120 110000 1
27 8 300 270000 1
2 4 44 20000 1
14 1 53 140000 1
8 1 40 80000 1
8 5 79 80000 1
30 1 154 300000 1
6 1 35 60000 1
15 3 83 150000 1
5 3 65 50000 1
22 8 206 220000 1
24 5 220 240000 1
16 2 88 160000 1
9 1 39 90000 1
23 6 181 230000 1
30 1 84 300000 1
28 5 262 280000 1
3 4 46 30000 1
30 3 211 300000 1
13 5 103 130000 1
12 2 76 120000 1
10 1 46 100000 1
25 7 178 250000 1
22 1 77 220000 1
16 8 196 160000 1
13 5 107 130000 1
18 1 71 180000 1
24 8 260 240000 1
8 8 148 80000 1
14 1 49 140000 1
21 3 110 210000 1
5 1 39 50000 1
14 4 142 140000 1
21 3 68 210000 1
13 1 52 130000 1
16 4 90 160000 1
28 1 77 280000 1
17 6 94 170000 1
13 10 122 130000 1
27 1 80 270000 1
22 5 164 220000 1
3 1 31 30000 1
19 5 144 190000 1
8 7 58 80000 1
17 10 127 170000 1
3 2 29 30000 1
14 2 94 140000 1
18 10 209 180000 1
23 4 233 230000 1
23 8 267 230000 1
4 2 47 40000 1
21 6 186 210000 1
13 4 108 130000 1
2 1 25 20000 1
4 1 31 40000 1
29 6 82 290000 1
17 8 169 170000 1
2 3 55 20000 1
16 4 130 160000 1
23 1 73 230000 1
15 10 54 150000 1
15 2 102 150000 1
2 1 33 20000 1
21 8 109 210000 1
15 9 119 150000 1
24 1 86 240000 1
28 2 79 280000 1
15 2 87 150000 1
27 11 187 270000 1
5 8 47 50000 1
28 4 152 280000 1
24 2 126 240000 1
18 4 66 180000 1
30 9 216 300000 1
23 1 69 230000 1
22 1 66 220000 1
26 2 72 260000 1
3 1 29 30000 1
23 2 69 230000 1
6 6 54 60000 1
7 6 74 70000 1
24 11 196 240000 1
9 1 41 90000 1
30 1 81 300000 1
22 10 112 220000 1
29 4 288 290000 1
18 4 176 180000 1
13 5 49 130000 1
27 8 138 270000 1
15 6 111 150000 1
4 5 84 40000 1
15 8 111 150000 1
21 2 85 210000 1
14 7 168 140000 1
7 3 35 70000 1
11 6 82 110000 1
19 4 192 190000 1
17 9 173 170000 1
30 1 81 300000 1
21 1 63 210000 1
28 8 384 280000 1
5 2 50 50000 1
5 6 25 50000 1
18 5 139 180000 1
27 4 192 270000 1
9 1 48 90000 1
8 5 94 80000 1
29 11 142 290000 1
3 1 35 30000 1
4 1 29 40000 1
3 4 57 30000 1
11 1 43 110000 1
29 1 84 290000 1
28 6 72 280000 1
5 4 46 50000 1
21 9 221 210000 1
4 5 50 40000 1
18 7 57 180000 1
6 3 70 60000 1
9 1 39 90000 1
22 1 65 220000 1
19 11 134 190000 1
7 4 69 70000 1
27 8 268 270000 1
23 6 189 230000 1
24 3 125 240000 1
10 3 70 100000 1
18 9 153 180000 1
13 5 103 130000 1
13 3 91 130000 1
30 4 278 300000 1
4 1 24 40000 1
19 6 114 190000 1
12 2 75 120000 1
21 2 116 210000 1
28 5 321 280000 1
6 1 34 60000 1
27 4 76 270000 1
7 1 34 70000 1
10 8 123 100000 1
13 1 48 130000 1
11 1 45 110000 1
27 5 187 270000 1
19 3 142 190000 1
7 1 69 70000 1
14 1 57 140000 1
11 4 72 110000 1
8 5 102 80000 1
21 1 89 210000 1
21 8 204 210000 1
16 1 61 160000 1
9 6 70 90000 1
28 5 262 280000 1
27 1 95 270000 1
7 2 51 70000 1
12 6 137 120000 1
30 11 211 300000 1
23 1 71 230000 1
8 7 39 80000 1
18 5 98 180000 1
6 5 43 60000 1
26 1 76 260000 1
4 6 49 40000 1
8 4 102 80000 1
9 2 66 90000 1
8 2 48 80000 1
21 8 207 210000 1
20 1 69 200000 1
10 1 43 100000 1
8 2 71 80000 1
18 3 145 180000 1
22 2 159 220000 1
25 1 72 250000 1
12 2 45 120000 1
17 1 58 170000 1
23 5 185 230000 1
2 4 24 20000 1
20 2 110 200000 1
7 4 87 70000 1
1 1 23 10000 1
35 1 91 350000 1
32 1 85 320000 1
1 1 35 10000 1
2 1 31 20000 1
4 2 58 40000 1
10 1 44 100000 1
444 1 914 4440000 1
358 1 734 3580000 1
12 8 127 120000 1
92 7 580 920000 1
1 1 23 10000 1
10 1 46 100000 1
96 3 605 960000 1
11 1 49 110000 1
165 6 695 1650000 1
226 11 2067 2260000 1
2 1 26 20000 1
98 1 217 980000 1
1 1 23 10000 1
1 1 27 10000 1
2 4 41 20000 1
1 1 38 10000 1
1 1 23 10000 1
1 1 31 10000 1
2 1 26 20000 1
771 3 3111 7710000 1
105 1 233 1050000 1
610 7 4918 6100000 1
1 1 30 10000 1
3 1 28 30000 1
3 5 27 30000 1
464 1 948 4640000 1
1 1 28 10000 1
150 4 321 1500000 1
286 3 1746 2860000 1
285 8 2325 2850000 1
184 3 1139 1840000 1
1 2 25 10000 1
2 2 32 20000 1
300 10 1831 3000000 1
1 1 23 10000 1
30 11 327 300000 1
1 1 44 10000 1
1 1 23 10000 1
2 3 23 20000 1
1 2 49 10000 1
21 1 66 210000 1
1 1 55 10000 1
9 5 58 90000 1
1 1 25 10000 1
3 2 29 30000 1
2 4 22 20000 1
194 2 808 1940000 1
37 9 174 370000 1
625 1 1271 6250000 1
1 1 57 10000 1
3 1 27 30000 1
410 8 1694 4100000 1
1 2 41 10000 1
1 1 34 10000 1
5 1 35 50000 1
13 4 141 130000 1
1 1 25 10000 1
1 1 36 10000 1
7 3 55 70000 1
2 1 25 20000 1
11 4 111 110000 1
48 8 417 480000 1
28 1 147 280000 1
4 5 76 40000 1
1 1 23 10000 1
11 4 90 110000 1
1 1 23 10000 1
45 7 369 450000 1
1 1 28 10000 1
2 2 49 20000 1
9 1 39 90000 1
1 1 31 10000 1
924 5 7427 9240000 1
1 1 29 10000 1
1 1 23 10000 1
91 9 413 910000 1
