14 1.87265917603
27 3.38345864662
13 2.76360544218
11 1.09126984127
27 1.07142857143
2 0.541125541126
14 3.14465408805
8 2.38095238095
8 1.20554550934
30 2.31910946197
6 2.04081632653
15 2.15146299484
5 0.915750915751
22 1.27138233934
24 1.2987012987
16 2.1645021645
9 2.74725274725
23 1.51275980005
30 4.25170068027
28 1.27226463104
3 0.776397515528
30 1.69262017603
13 1.50254276468
12 1.87969924812
10 2.58799171843
25 1.67201712146
22 3.40136054422
16 0.971817298348
13 1.4463729417
18 3.01810865191
24 1.0989010989
8 0.643500643501
14 3.40136054422
21 2.27272727273
5 1.52625152625
14 1.17370892019
21 3.67647058824
13 2.97619047619
16 2.1164021164
28 4.329004329
17 2.15298885512
13 1.26854020297
27 4.01785714286
22 1.59698025552
3 1.15207373272
19 1.57076719577
8 1.64203612479
17 1.59355080615
3 1.2315270936
14 1.77304964539
18 1.02529049897
23 1.17514817086
23 1.02550383449
4 1.01317122594
21 1.34408602151
13 1.43298059965
2 0.952380952381
4 1.53609831029
29 4.21022067364
17 1.19752042829
2 0.4329004329
16 1.4652014652
23 3.75081539465
15 3.30687830688
15 1.75070028011
2 0.721500721501
21 2.29357798165
15 1.5006002401
24 3.32225913621
28 4.2194092827
15 2.05254515599
27 1.71886936593
5 1.26646403242
28 2.19298245614
24 2.26757369615
18 3.24675324675
30 1.65343915344
23 3.96825396825
22 3.96825396825
26 4.29894179894
3 1.2315270936
23 3.96825396825
6 1.32275132275
7 1.12612612613
24 1.45772594752
9 2.61324041812
30 4.40917107584
22 2.33843537415
29 1.19874338624
18 1.21753246753
13 3.15840621963
27 2.32919254658
15 1.60875160875
4 0.566893424036
15 1.60875160875
21 2.94117647059
14 0.992063492063
7 2.38095238095
11 1.59698025552
19 1.17807539683
17 1.16983209469
30 4.40917107584
21 3.96825396825
28 0.868055555556
5 1.19047619048
5 2.38095238095
18 1.54162384378
27 1.67410714286
9 2.23214285714
8 1.01317122594
29 2.43125419182
3 1.02040816327
4 1.64203612479
3 0.62656641604
11 3.04540420819
29 4.10997732426
28 4.62962962963
5 1.29399585921
21 1.13122171946
4 0.952380952381
18 3.75939849624
6 1.02040816327
9 2.74725274725
22 4.0293040293
19 1.68798862829
7 1.2077294686
27 1.19936034115
23 1.4487276392
24 2.28571428571
10 1.70068027211
18 1.40056022409
13 1.50254276468
13 1.70068027211
30 1.28468653649
4 1.98412698413
19 1.98412698413
12 1.90476190476
21 2.15517241379
28 1.03842159917
6 2.10084033613
27 4.22932330827
7 2.45098039216
10 0.967866821525
13 3.22420634921
11 2.91005291005
27 1.71886936593
19 1.5928906774
7 1.2077294686
14 2.92397660819
11 1.81878306878
8 0.93370681606
21 2.80898876404
21 1.22549019608
16 3.12256049961
9 1.5306122449
28 1.27226463104
27 3.38345864662
7 1.6339869281
12 1.04275286757
30 1.69262017603
23 3.85647216633
8 2.442002442
18 2.18658892128
6 1.66112956811
26 4.07268170426
4 0.971817298348
8 0.93370681606
9 1.62337662338
8 1.98412698413
21 1.2077294686
20 3.45065562457
10 2.76854928018
8 1.34138162307
18 1.47783251232
22 1.64719976041
25 4.1335978836
12 3.1746031746
17 3.48932676519
23 1.48005148005
2 0.992063492063
20 2.1645021645
7 0.95785440613
1 0.517598343685
35 4.57875457875
32 4.48179271709
1 0.340136054422
2 0.768049155146
4 0.821018062397
10 2.70562770563
444 5.78305720538
358 5.80640975736
12 1.12485939258
92 1.88834154351
1 0.517598343685
10 2.58799171843
96 1.88902007084
11 2.67249757046
165 2.82631038027
226 1.30163337711
2 0.915750915751
98 5.37634408602
1 0.517598343685
1 0.440917107584
2 0.580720092915
1 0.31328320802
1 0.517598343685
1 0.384024577573
2 0.915750915751
771 2.95036047206
105 5.36480686695
610 1.47659714557
1 0.396825396825
3 1.27551020408
3 1.32275132275
464 5.82680329516
1 0.425170068027
150 5.56297285269
286 1.95003545519
285 1.45929339478
184 1.92315732263
1 0.47619047619
2 0.744047619048
300 1.95053444644
1 0.517598343685
30 1.09217999126
1 0.270562770563
1 0.517598343685
2 1.03519668737
1 0.242954324587
21 3.78787878788
1 0.21645021645
9 1.84729064039
1 0.47619047619
3 1.2315270936
2 1.08225108225
194 2.85832154644
37 2.53147235906
625 5.85403319471
1 0.208855472013
3 1.32275132275
410 2.88131781638
1 0.290360046458
1 0.350140056022
5 1.70068027211
13 1.09760216143
1 0.47619047619
1 0.330687830688
7 1.51515151515
2 0.952380952381
11 1.17975117975
48 1.37033230558
28 2.26757369615
4 0.62656641604
1 0.517598343685
11 1.45502645503
1 0.517598343685
45 1.45180023229
1 0.425170068027
2 0.485908649174
9 2.74725274725
1 0.384024577573
924 1.48108253669
1 0.410509031199
1 0.517598343685
91 2.62308313156
