8 1.0
7 1.0
8 1.0
6 1.0
6 1.0
3 1.0
11 1.0
8 1.0
7 1.0
7 1.0
4 1.0
12 1.0
7 1.0
3 1.0
8 1.0
11 1.0
8 1.0
8 1.0
7 1.0
12 1.0
8 1.0
12 1.0
7 1.0
9 1.0
4 1.0
13 1.0
14 1.0
7 1.0
6 1.0
9 1.0
13 1.0
4 1.0
5 1.0
6 1.0
6 1.0
3 1.0
10 1.0
6 1.0
9 1.0
5 1.0
12 1.0
6 1.0
8 1.0
11 1.0
8 1.0
4 1.0
11 1.0
5 1.0
6 1.0
2 1.0
1 1.0
8 1.0
9 1.0
10 1.0
4 1.0
9 1.0
11 1.0
10 1.0
10 1.0
9 1.0
9 1.0
6 1.0
5 1.0
7 1.0
5 1.0
10 1.0
3 1.0
4 1.0
9 1.0
6 1.0
6 1.0
2 1.0
8 1.0
11 1.0
8 1.0
8 1.0
3 1.0
3 1.0
7 1.0
3 1.0
9 1.0
3 1.0
12 1.0
3 1.0
5 1.0
13 1.0
11 1.0
1 1.0
10 1.0
6 1.0
8 1.0
3 1.0
11 1.0
6 1.0
8 1.0
11 1.0
5 1.0
1 1.0
6 1.0
8 1.0
6 1.0
3 1.0
4 1.0
10 1.0
3 1.0
13 1.0
6 1.0
13 1.0
9 1.0
4 1.0
6 1.0
4 1.0
11 1.0
10 1.0
11 1.0
6 1.0
4 1.0
6 1.0
5 1.0
4 1.0
8 1.0
5 1.0
12 1.0
10 1.0
7 1.0
12 1.0
2 1.0
10 1.0
1 1.0
6 1.0
10 1.0
12 1.0
9 1.0
6 1.0
9 1.0
12 1.0
10 1.0
4 1.0
10 1.0
2 1.0
3 1.0
7 1.0
2 1.0
1 1.0
3 1.0
10 1.0
10 1.0
7 1.0
6 1.0
5 1.0
12 1.0
2 1.0
3 1.0
13 1.0
8 1.0
5 1.0
1 1.0
11 1.0
5 1.0
10 1.0
12 1.0
4 1.0
1 1.0
2 1.0
7 1.0
13 1.0
14 1.0
2 1.0
5 1.0
1 1.0
6 1.0
10 1.0
10 1.0
6 1.0
6 1.0
10 1.0
7 1.0
1 1.0
10 1.0
5 1.0
12 1.0
2 1.0
11 1.0
3 1.0
1 1.0
108 1.0
206 1.0
1 1.0
1 1.0
18 1.0
7 1.0
1 1.0
112 1.0
94 1.0
2 1.0
1 1.0
215 1.0
19 1.0
1 1.0
263 1.0
1 1.0
1 1.0
400 1.0
3 1.0
1 1.0
1 1.0
23 1.0
5 1.0
5 1.0
1 1.0
1 1.0
1 1.0
17 1.0
6 1.0
31 1.0
1 1.0
3 1.0
42 1.0
1 1.0
4 1.0
11 1.0
190 1.0
10 1.0
8 1.0
1 1.0
33 1.0
40 1.0
8 1.0
66 1.0
1 1.0
2 1.0
3 1.0
1 1.0
1 1.0
1 1.0
1 1.0
2 1.0
23 1.0
67 1.0
1 1.0
74 1.0
1 1.0
11 1.0
4 1.0
3 1.0
1 1.0
1 1.0
56 1.0
9 1.0
1 1.0
1 1.0
4 1.0
3 1.0
1 1.0
25 1.0
83 1.0
1 1.0
22 1.0
7 1.0
9 1.0
124 1.0
11 1.0
5 1.0
1 1.0
11 1.0
