2 0.980392156863
10 0.98985801217
13 0.984243697479
12 0.980392156863
3 0.987745098039
6 0.986928104575
3 0.980392156863
11 0.984101748808
7 0.980392156863
7 0.980392156863
8 0.980392156863
11 0.980392156863
12 0.980392156863
1 0.980392156863
9 0.989495798319
3 0.986631016043
6 0.983193277311
7 0.980392156863
9 0.985859728507
7 0.982698961938
2 0.986631016043
5 0.986320109439
10 0.980392156863
4 0.983351831299
5 0.991349480969
3 0.985994397759
9 0.985652797704
3 0.984101748808
5 0.982174688057
6 0.980392156863
8 0.985294117647
13 0.980392156863
6 0.981617647059
7 0.985044865404
7 0.990808823529
1 0.980392156863
6 0.986425339367
13 0.982698961938
2 0.980392156863
10 0.988390092879
13 0.980392156863
13 0.980392156863
6 0.980392156863
10 0.980392156863
10 0.980392156863
12 0.981844589688
13 0.985994397759
9 0.991349480969
10 0.988901220866
3 0.98985801217
3 0.987212276215
9 0.980392156863
11 0.985994397759
10 0.980392156863
8 0.980392156863
12 0.986928104575
6 0.980392156863
7 0.983096686951
7 0.983193277311
7 0.98294970162
5 0.980392156863
4 0.984520123839
1 0.980392156863
1 0.980392156863
12 0.980392156863
13 0.991087344029
5 0.980392156863
1 0.980392156863
12 0.989106753813
5 0.980392156863
10 0.980392156863
12 0.980392156863
10 0.980392156863
2 0.989495798319
13 0.980392156863
8 0.991596638655
6 0.980392156863
12 0.980392156863
8 0.986830553117
11 0.988901220866
5 0.980392156863
6 0.986928104575
4 0.991087344029
3 0.980392156863
3 0.980392156863
11 0.990196078431
4 0.980392156863
8 1.0
13 0.980392156863
9 0.980392156863
3 0.980392156863
11 0.984355444305
3 0.983660130719
1 0.980392156863
14 0.980392156863
3 0.980392156863
1 0.980392156863
6 0.985652797704
1 0.980392156863
12 0.988465974625
11 0.980392156863
5 0.984520123839
11 0.980392156863
7 0.980392156863
1 0.980392156863
13 0.983660130719
10 0.980392156863
4 0.980392156863
1 0.980392156863
2 0.980392156863
7 0.990196078431
3 0.980392156863
7 0.980392156863
10 0.990196078431
2 0.987212276215
9 0.980392156863
3 0.980392156863
13 0.982698961938
2 0.980392156863
4 0.980392156863
6 0.980392156863
6 0.987212276215
11 0.99299719888
6 0.988235294118
11 0.991349480969
2 0.980392156863
6 0.980392156863
11 0.980392156863
8 0.992050874404
11 0.980392156863
6 0.985994397759
5 0.980392156863
4 0.980392156863
8 0.980392156863
7 0.990196078431
3 0.989495798319
13 0.980392156863
10 0.980392156863
6 0.980392156863
3 0.980392156863
4 0.980392156863
1 0.980392156863
11 0.980392156863
1 0.980392156863
8 0.980392156863
4 0.985294117647
8 0.980392156863
4 0.987745098039
11 0.980392156863
13 0.986631016043
13 0.987484355444
12 0.980392156863
1 0.980392156863
10 0.980392156863
12 0.980392156863
10 0.992826398852
12 0.989106753813
1 0.980392156863
6 0.980392156863
12 0.980392156863
3 0.980392156863
11 0.980392156863
4 0.983031674208
7 0.987745098039
2 0.980392156863
1 0.980392156863
9 0.980392156863
10 0.981744421907
6 0.980392156863
12 0.981406355646
3 0.990512333966
3 0.982698961938
12 0.980392156863
5 0.980392156863
13 0.986320109439
1 0.980392156863
6 0.986631016043
10 0.980392156863
2 0.987745098039
10 0.980392156863
4 0.980392156863
11 0.980392156863
1 0.980392156863
25 0.980392156863
12 0.980392156863
2 0.980392156863
1 0.980392156863
73 0.989588755856
9 0.983660130719
10 0.987745098039
6 0.980392156863
17 0.988235294118
20 0.988235294118
4 0.980392156863
24 0.980392156863
8 0.988235294118
1 0.980392156863
1 0.980392156863
70 0.989411764706
298 0.98985801217
7 0.980392156863
1 0.980392156863
1 0.980392156863
4 0.980392156863
1 0.980392156863
4 0.984520123839
15 0.980392156863
5 0.991087344029
2 0.988235294118
1 0.980392156863
12 0.980392156863
54 0.987795948255
328 0.987430869784
3 0.980392156863
87 0.987945998071
1 0.980392156863
10 0.980392156863
3 0.988687782805
2 0.981617647059
1 0.980392156863
22 0.991596638655
1 0.980392156863
1 0.980392156863
7 0.980392156863
53 0.980392156863
11 0.980392156863
1 0.980392156863
6 0.985294117647
19 0.980392156863
1 0.980392156863
2 0.980392156863
112 0.982069523975
4 0.980392156863
230 0.985294117647
76 0.980392156863
5 0.985535197686
1 0.980392156863
2 0.980392156863
1 0.980392156863
1 0.980392156863
1 0.980392156863
1 0.980392156863
123 0.981307990271
1 0.980392156863
5 0.990196078431
31 0.980392156863
9 0.988901220866
43 0.991349480969
6 0.980392156863
21 0.98614105328
5 0.980392156863
20 0.985994397759
1 0.980392156863
26 0.985145573381
1 0.980392156863
1 0.980392156863
2 0.980392156863
16 0.980392156863
1 0.980392156863
224 0.987212276215
16 0.980392156863
1 0.980392156863
1 0.980392156863
1 0.980392156863
83 0.982642237223
