3 9 12 30000 1
4 8 16 40000 1
3 1 7 21000 0
2 5 8 20000 1
10 12 40 100000 1
10 6 24 70000 0
3 4 12 30000 1
4 2 12 34000 0
9 1 6 18000 0
12 22 48 120000 1
6 20 24 60000 1
9 3 21 57000 0
10 24 40 100000 1
2 5 8 20000 1
5 11 20 50000 1
5 13 20 50000 1
9 1 5 15000 0
6 4 16 46000 0
13 11 52 130000 1
8 4 32 80000 1
8 10 32 80000 1
13 30 52 130000 1
13 32 52 130000 1
9 9 25 67000 0
12 32 48 120000 1
9 6 23 67000 0
13 32 52 130000 1
7 15 28 70000 1
3 1 7 19000 0
11 7 32 84000 0
4 4 16 40000 1
13 23 52 130000 1
13 2 6 18000 0
9 12 36 90000 1
12 1 4 12000 0
13 3 12 36000 0
13 14 52 130000 1
4 3 9 27000 0
11 8 44 110000 1
1 1 4 10000 1
2 2 8 20000 1
1 2 4 10000 1
3 3 12 30000 1
12 3 15 45000 0
2 2 7 19000 0
10 25 40 100000 1
2 5 8 20000 1
1 1 4 10000 1
12 26 48 120000 1
4 10 16 40000 1
11 20 44 110000 1
6 8 24 60000 1
10 1 4 12000 0
9 3 15 45000 0
2 5 8 20000 1
13 1 4 12000 0
3 10 12 30000 1
2 4 8 20000 1
1 1 4 10000 1
9 1 6 18000 0
9 15 36 90000 1
8 13 32 80000 1
6 2 12 36000 0
8 14 32 80000 1
3 3 12 30000 1
10 27 40 100000 1
11 22 44 110000 1
6 22 24 60000 1
4 1 3 9000 0
6 16 24 60000 1
1 1 4 10000 1
5 12 20 50000 1
6 17 24 60000 1
2 2 8 20000 1
11 10 44 110000 1
6 4 17 47000 0
8 15 32 80000 1
7 18 28 70000 1
8 21 32 80000 1
8 18 32 80000 1
8 16 32 80000 1
6 1 4 12000 0
11 21 44 110000 1
12 1 4 12000 0
13 17 52 130000 1
1 2 4 10000 1
5 22 20 50000 1
14 6 22 62000 0
5 5 20 50000 1
2 4 8 20000 1
5 1 6 18000 0
4 5 16 40000 1
11 1 6 18000 0
6 3 11 29000 0
3 1 4 12000 0
3 5 12 30000 1
2 6 8 20000 1
12 5 41 113000 0
4 12 16 40000 1
1 1 4 10000 1
1 2 4 10000 1
4 2 8 24000 0
4 11 16 40000 1
10 20 40 100000 1
13 9 40 108000 0
13 1 4 12000 0
12 25 48 120000 1
8 7 29 77000 0
5 10 20 50000 1
9 2 8 24000 0
7 14 28 70000 1
10 18 40 100000 1
12 14 48 120000 1
8 16 32 80000 1
8 6 24 70000 0
8 4 25 69000 0
13 27 52 130000 1
7 15 28 70000 1
12 19 48 120000 1
12 28 48 120000 1
12 6 30 88000 0
2 1 3 9000 0
9 1 4 12000 0
7 1 10 28000 0
8 18 32 80000 1
2 3 8 20000 1
2 8 8 20000 1
4 2 11 31000 0
7 17 28 70000 1
5 8 20 50000 1
7 3 14 40000 0
5 15 20 50000 1
6 4 22 58000 0
3 4 12 30000 1
11 7 27 77000 0
13 2 12 36000 0
4 4 14 38000 0
9 12 36 90000 1
8 2 14 38000 0
10 26 40 100000 1
9 15 36 90000 1
9 10 36 90000 1
6 7 24 60000 1
3 7 12 30000 1
7 8 28 70000 1
2 1 4 12000 0
10 20 40 100000 1
3 12 12 30000 1
8 8 32 80000 1
3 12 12 30000 1
12 25 48 120000 1
6 1 4 12000 0
8 20 32 80000 1
11 15 44 110000 1
2 2 8 20000 1
1 1 4 10000 1
6 19 24 60000 1
7 1 9 25000 0
12 1 9 27000 0
10 8 26 74000 0
9 11 36 90000 1
10 9 38 98000 0
2 4 8 20000 1
7 1 5 15000 0
7 1 5 15000 0
8 8 32 80000 1
4 6 16 40000 1
8 1 7 21000 0
12 22 48 120000 1
9 1 4 12000 0
8 3 21 57000 0
4 14 16 40000 1
11 8 28 80000 0
8 2 10 30000 0
10 23 40 100000 1
9 12 36 90000 1
8 16 32 80000 1
5 5 20 50000 1
13 20 52 130000 1
3 5 12 30000 1
12 1 4 12000 0
11 21 44 110000 1
1 1 4 10000 1
246 16 74 200000 0
29 19 116 290000 1
10 8 36 92000 0
408 5 23 67000 0
24 15 96 240000 1
121 4 26 76000 0
74 10 84 242000 0
62 11 90 260000 0
1 1 4 10000 1
71 11 37 105000 0
1 3 4 10000 1
43 28 172 430000 1
140 21 110 304000 0
11 31 44 110000 1
1 1 4 10000 1
1 1 4 10000 1
1 1 4 10000 1
2 1 4 12000 0
1 1 4 10000 1
1 1 4 10000 1
1 2 4 10000 1
104 26 197 535000 0
1 1 3 9000 0
1 1 4 10000 1
28 10 44 124000 0
1 1 4 10000 1
27 3 15 45000 0
160 3 19 55000 0
414 20 105 291000 0
8 10 32 80000 1
263 24 201 537000 0
403 9 46 128000 0
264 21 103 287000 0
51 20 147 411000 0
1 3 4 10000 1
11 10 44 110000 1
1 1 4 10000 1
1 1 3 9000 0
101 25 219 607000 0
20 9 60 164000 0
1 3 4 10000 1
77 12 92 268000 0
31 10 62 178000 0
242 25 205 557000 0
2 8 8 20000 1
175 33 679 1729000 0
241 11 61 173000 0
5 18 20 50000 1
10 10 40 100000 1
1 2 4 10000 1
1 2 4 10000 1
3 4 12 30000 1
2 2 8 20000 1
1 1 4 10000 1
1 1 4 10000 1
3 10 12 30000 1
15 2 7 21000 0
1 2 4 10000 1
3 10 12 30000 1
1 1 4 10000 1
2 3 8 20000 1
1 2 4 10000 1
3 6 12 30000 1
14 9 51 135000 0
8 15 32 80000 1
12 4 28 76000 0
9 19 36 90000 1
7 4 25 67000 0
13 15 47 123000 0
1 1 4 10000 1
1 1 4 10000 1
1 1 4 10000 1
1 1 3 9000 0
70 3 15 45000 0
79 12 50 142000 0
1 1 4 10000 1
69 24 127 353000 0
1 1 4 10000 1
1 1 4 10000 1
6 5 24 60000 1
1 1 4 10000 1
415 1 5 15000 0
