6 1 8 33600 0
10 1 4 16800 0
12 5 23 91400 0
5 1 6 25200 0
2 1 5 18400 0
3 4 9 30000 1
6 9 18 60000 1
9 4 21 80400 0
5 3 15 50000 1
4 1 9 35200 0
6 1 4 16800 0
9 12 27 90000 1
10 2 17 71400 0
5 3 15 50000 1
10 14 30 100000 1
4 1 7 29400 0
4 3 12 40000 1
11 2 10 42000 0
13 18 39 130000 1
2 4 6 20000 1
12 2 12 50400 0
12 4 16 64600 0
7 9 21 70000 1
8 5 24 80000 1
8 4 24 80000 1
11 6 27 100400 0
2 1 5 18400 0
7 2 10 42000 0
1 1 3 10000 1
3 3 9 30000 1
7 7 21 70000 1
10 5 28 96800 0
8 4 24 80000 1
7 1 5 21000 0
4 1 8 33600 0
10 5 23 88800 0
8 7 24 80000 1
7 6 21 70000 1
2 4 6 20000 1
5 4 15 50000 1
6 8 18 60000 1
11 11 33 110000 1
2 2 6 20000 1
2 1 6 20000 1
13 9 39 130000 1
4 4 12 40000 1
2 1 5 18400 0
9 1 4 16800 0
7 2 8 33600 0
10 5 30 100000 1
13 17 39 130000 1
4 1 4 16800 0
13 5 39 130000 1
6 3 15 55200 0
9 8 27 90000 1
12 4 32 113600 0
13 1 7 29400 0
2 1 6 20000 1
9 1 10 39400 0
10 1 6 25200 0
6 6 18 60000 1
7 1 7 29400 0
2 1 6 20000 1
12 1 5 21000 0
11 4 24 95600 0
11 14 33 110000 1
13 3 15 60400 0
13 1 4 16800 0
10 8 30 100000 1
7 8 21 70000 1
1 1 3 10000 1
1 1 3 10000 1
4 3 12 40000 1
12 7 36 120000 1
9 1 4 16800 0
4 7 12 40000 1
7 5 21 70000 1
9 6 27 90000 1
13 9 39 130000 1
12 13 36 120000 1
3 1 9 30000 1
9 15 27 90000 1
11 1 4 16800 0
12 1 5 21000 0
13 14 39 130000 1
12 13 36 120000 1
12 1 6 25200 0
7 6 21 70000 1
8 13 24 80000 1
7 9 21 70000 1
3 1 7 26800 0
11 5 33 110000 1
12 12 36 120000 1
1 1 3 10000 1
12 13 36 120000 1
6 5 18 60000 1
11 8 33 110000 1
1 1 3 10000 1
8 15 24 80000 1
10 8 30 100000 1
13 1 8 33600 0
4 7 12 40000 1
12 3 15 60400 0
3 1 5 21000 0
9 4 19 77200 0
9 10 27 90000 1
3 4 9 30000 1
11 8 33 110000 1
12 14 36 120000 1
5 1 8 28400 0
13 14 39 130000 1
12 2 12 50400 0
9 15 27 90000 1
10 3 21 85600 0
9 5 23 83600 0
10 12 30 100000 1
6 5 18 60000 1
4 3 12 40000 1
7 2 12 50400 0
13 14 39 130000 1
4 1 4 16800 0
2 4 6 20000 1
8 3 21 75200 0
8 12 24 80000 1
4 1 10 36800 0
4 2 12 40000 1
6 1 5 21000 0
3 3 9 30000 1
11 7 33 110000 1
10 7 30 100000 1
8 1 9 37800 0
1 1 3 10000 1
10 1 5 21000 0
4 5 12 40000 1
5 2 8 33600 0
5 1 9 35200 0
7 2 10 42000 0
7 3 21 70000 1
2 2 6 20000 1
8 8 24 80000 1
2 3 6 20000 1
10 1 11 46200 0
6 1 8 33600 0
10 5 30 100000 1
13 16 39 130000 1
1 1 3 10000 1
9 4 16 64600 0
11 14 33 110000 1
13 5 30 115600 0
13 2 8 33600 0
7 10 21 70000 1
10 4 30 100000 1
13 6 39 130000 1
5 3 15 50000 1
4 1 7 29400 0
5 9 15 50000 1
7 4 21 70000 1
7 3 21 70000 1
5 3 15 50000 1
11 3 18 73000 0
7 1 6 25200 0
11 1 7 29400 0
2 5 6 20000 1
9 3 17 68800 0
4 2 12 40000 1
5 2 10 39400 0
4 2 12 40000 1
5 8 15 50000 1
10 1 10 42000 0
5 5 15 50000 1
3 1 6 25200 0
9 6 27 90000 1
5 2 8 33600 0
13 5 39 130000 1
4 5 12 40000 1
13 16 39 130000 1
2 2 6 20000 1
12 7 36 120000 1
10 6 30 100000 1
8 7 24 80000 1
9 1 5 21000 0
9 3 27 90000 1
1 1 3 10000 1
1 1 3 10000 1
7 1 6 25200 0
2 2 6 20000 1
31 11 56 222200 0
1 1 3 10000 1
7 3 21 70000 1
1 2 3 10000 1
97 18 176 632600 0
1 1 3 10000 1
50 1 4 16800 0
1 1 3 10000 1
7 4 20 68400 0
1 1 3 10000 1
86 11 82 331400 0
1 1 3 10000 1
2 1 6 20000 1
1 1 3 10000 1
176 20 446 1589800 0
1 1 3 10000 1
5 3 15 50000 1
1 1 3 10000 1
143 15 131 508600 0
48 13 80 299600 0
1 1 3 10000 1
2 2 6 20000 1
1 1 3 10000 1
56 4 20 81400 0
51 1 4 16800 0
2 4 6 20000 1
105 2 17 71400 0
75 15 88 335800 0
4 6 12 40000 1
1 2 3 10000 1
1 1 3 10000 1
45 7 67 273600 0
1 1 3 10000 1
1 1 3 10000 1
2 1 5 18400 0
1 1 3 10000 1
1 2 3 10000 1
20 2 12 50400 0
387 22 411 1411600 0
2 1 6 20000 1
1 1 3 10000 1
1 1 3 10000 1
78 11 113 456400 0
5 3 15 50000 1
2 1 4 16800 0
204 23 612 2040000 1
55 8 70 286200 0
1 1 3 10000 1
8 13 24 80000 1
1 1 3 10000 1
27 9 45 181200 0
4 2 10 36800 0
3 1 7 26800 0
46 15 73 265000 0
1 1 3 10000 1
1 1 3 10000 1
60 7 51 206400 0
7 6 21 70000 1
2 5 6 20000 1
1 1 3 10000 1
1 2 3 10000 1
1 1 3 10000 1
28 21 84 280000 1
150 11 60 231200 0
40 20 120 400000 1
53 13 159 530000 1
1 1 3 10000 1
1 2 3 10000 1
1 1 3 10000 1
91 20 239 850400 0
1 1 3 10000 1
304 8 41 161800 0
1 1 3 10000 1
1 1 3 10000 1
2 1 6 20000 1
1 1 3 10000 1
265 3 32 131800 0
3 3 9 30000 1
22 2 9 37800 0
