6 1.0
10 1.0
12 0.946169772257
5 1.0
2 0.87619047619
3 0.793650793651
6 0.793650793651
9 0.91156462585
5 0.793650793651
4 0.931216931217
6 1.0
9 0.793650793651
10 1.0
5 0.793650793651
10 0.793650793651
4 1.0
4 0.793650793651
11 1.0
13 0.793650793651
2 0.793650793651
12 1.0
12 0.96130952381
7 0.793650793651
8 0.793650793651
8 0.793650793651
11 0.885361552028
2 0.87619047619
7 1.0
1 0.793650793651
3 0.793650793651
7 0.793650793651
10 0.823129251701
8 0.793650793651
7 1.0
4 1.0
10 0.919254658385
8 0.793650793651
7 0.793650793651
2 0.793650793651
5 0.793650793651
6 0.793650793651
11 0.793650793651
2 0.793650793651
2 0.793650793651
13 0.793650793651
4 0.793650793651
2 0.87619047619
9 1.0
7 1.0
10 0.793650793651
13 0.793650793651
4 1.0
13 0.793650793651
6 0.87619047619
9 0.793650793651
12 0.845238095238
13 1.0
2 0.793650793651
9 0.938095238095
10 1.0
6 0.793650793651
7 1.0
2 0.793650793651
12 1.0
11 0.948412698413
11 0.793650793651
13 0.95873015873
13 1.0
10 0.793650793651
7 0.793650793651
1 0.793650793651
1 0.793650793651
4 0.793650793651
12 0.793650793651
9 1.0
4 0.793650793651
7 0.793650793651
9 0.793650793651
13 0.793650793651
12 0.793650793651
3 0.793650793651
9 0.793650793651
11 1.0
12 1.0
13 0.793650793651
12 0.793650793651
12 1.0
7 0.793650793651
8 0.793650793651
7 0.793650793651
3 0.91156462585
11 0.793650793651
12 0.793650793651
1 0.793650793651
12 0.793650793651
6 0.793650793651
11 0.793650793651
1 0.793650793651
8 0.793650793651
10 0.793650793651
13 1.0
4 0.793650793651
12 0.95873015873
3 1.0
9 0.967418546366
9 0.793650793651
3 0.793650793651
11 0.793650793651
12 0.793650793651
5 0.845238095238
13 0.793650793651
12 1.0
9 0.793650793651
10 0.97052154195
9 0.865424430642
10 0.793650793651
6 0.793650793651
4 0.793650793651
7 1.0
13 0.793650793651
4 1.0
2 0.793650793651
8 0.852607709751
8 0.793650793651
4 0.87619047619
4 0.793650793651
6 1.0
3 0.793650793651
11 0.793650793651
10 0.793650793651
8 1.0
1 0.793650793651
10 1.0
4 0.793650793651
5 1.0
5 0.931216931217
7 1.0
7 0.793650793651
2 0.793650793651
8 0.793650793651
2 0.793650793651
10 1.0
6 1.0
10 0.793650793651
13 0.793650793651
1 0.793650793651
9 0.96130952381
11 0.793650793651
13 0.91746031746
13 1.0
7 0.793650793651
10 0.793650793651
13 0.793650793651
5 0.793650793651
4 1.0
5 0.793650793651
7 0.793650793651
7 0.793650793651
5 0.793650793651
11 0.965608465608
7 1.0
11 1.0
2 0.793650793651
9 0.963585434174
4 0.793650793651
5 0.938095238095
4 0.793650793651
5 0.793650793651
10 1.0
5 0.793650793651
3 1.0
9 0.793650793651
5 1.0
13 0.793650793651
4 0.793650793651
13 0.793650793651
2 0.793650793651
12 0.793650793651
10 0.793650793651
8 0.793650793651
9 1.0
9 0.793650793651
1 0.793650793651
1 0.793650793651
7 1.0
2 0.793650793651
31 0.944727891156
1 0.793650793651
7 0.793650793651
1 0.793650793651
97 0.85579004329
1 0.793650793651
50 1.0
1 0.793650793651
7 0.814285714286
1 0.793650793651
86 0.962253193961
1 0.793650793651
2 0.793650793651
1 0.793650793651
176 0.848708093103
1 0.793650793651
5 0.793650793651
1 0.793650793651
143 0.924391130498
48 0.891666666667
1 0.793650793651
2 0.793650793651
1 0.793650793651
56 0.969047619048
51 1.0
2 0.793650793651
105 1.0
75 0.90854978355
4 0.793650793651
1 0.793650793651
1 0.793650793651
45 0.972281449893
1 0.793650793651
1 0.793650793651
2 0.87619047619
1 0.793650793651
1 0.793650793651
20 1.0
387 0.817749971035
2 0.793650793651
1 0.793650793651
1 0.793650793651
78 0.961651917404
5 0.793650793651
2 1.0
204 0.793650793651
55 0.973469387755
1 0.793650793651
8 0.793650793651
1 0.793650793651
27 0.95873015873
4 0.87619047619
3 0.91156462585
46 0.864318330072
1 0.793650793651
1 0.793650793651
60 0.963585434174
7 0.793650793651
2 0.793650793651
1 0.793650793651
1 0.793650793651
1 0.793650793651
28 0.793650793651
150 0.91746031746
40 0.793650793651
53 0.793650793651
1 0.793650793651
1 0.793650793651
1 0.793650793651
91 0.847180713289
1 0.793650793651
304 0.939605110337
1 0.793650793651
1 0.793650793651
2 0.793650793651
1 0.793650793651
265 0.980654761905
3 0.793650793651
22 1.0
