3 4 8 29275 0
13 31 31 130000 1
3 10 9 30000 1
14 14 30 140000 1
6 17 15 60000 1
2 9 6 20000 1
5 1 2 11942 0
13 1 3 16201 0
3 15 9 30000 1
5 11 13 50000 1
11 12 25 110000 1
5 17 14 50000 1
3 3 6 24372 0
3 3 6 24424 0
4 1 3 16535 0
7 22 17 70000 1
7 19 18 70000 1
1 2 4 10000 1
7 5 13 66864 0
13 8 22 115569 0
6 4 8 34089 0
8 6 18 78823 0
9 5 12 65400 0
6 3 6 29970 0
2 3 3 13215 0
10 19 24 100000 1
13 6 18 101909 0
2 1 2 8810 0
13 33 29 130000 1
3 1 2 8810 0
9 1 2 11166 0
12 1 3 18469 0
8 26 20 80000 1
8 15 19 80000 1
1 1 2 6092 0
2 5 6 20000 1
8 21 19 80000 1
10 13 23 100000 1
11 1 3 15498 0
1 1 2 6092 0
11 23 27 110000 1
11 2 4 21926 0
5 10 12 50000 1
2 5 6 20000 1
7 13 17 70000 1
4 23 11 40000 1
7 28 17 70000 1
4 19 11 40000 1
8 4 12 61617 0
11 1 3 19492 0
3 9 7 30000 1
3 1 2 10656 0
13 19 28 130000 1
3 11 9 30000 1
1 1 2 6092 0
6 13 15 60000 1
9 19 22 90000 1
7 30 16 70000 1
5 15 12 50000 1
3 2 4 19361 0
4 24 11 40000 1
11 23 26 110000 1
5 1 2 10169 0
7 15 17 70000 1
1 1 2 6092 0
13 3 9 52300 0
12 12 27 120000 1
10 1 3 17678 0
13 14 30 130000 1
2 1 2 8810 0
6 8 14 60000 1
8 6 11 53507 0
10 18 21 100000 1
10 5 12 64260 0
4 14 11 40000 1
7 1 2 10416 0
2 1 3 13597 0
11 46 25 110000 1
13 15 27 130000 1
7 5 10 51592 0
6 1 2 10916 0
5 17 14 50000 1
3 8 9 30000 1
2 8 6 20000 1
2 11 7 20000 1
12 9 18 89591 0
12 17 26 120000 1
4 1 2 10814 0
12 30 25 120000 1
10 14 24 100000 1
2 8 6 20000 1
6 18 14 60000 1
1 2 4 10000 1
9 1 3 16857 0
10 11 21 100000 1
8 6 15 75763 0
7 20 19 70000 1
3 9 9 30000 1
12 9 21 105999 0
13 4 11 60403 0
7 1 2 11049 0
7 13 17 70000 1
1 1 2 6092 0
4 30 11 40000 1
13 5 12 65711 0
3 3 6 25942 0
5 16 13 50000 1
3 5 8 30000 1
3 16 8 30000 1
9 23 20 90000 1
2 1 2 9192 0
2 16 6 20000 1
2 17 7 20000 1
4 5 9 35764 0
12 17 29 120000 1
1 3 3 9138 0
4 6 9 40000 1
3 1 2 10169 0
5 6 9 38818 0
8 17 19 80000 1
10 8 13 67181 0
4 16 11 40000 1
8 23 19 80000 1
12 13 25 115934 0
13 5 17 93639 0
11 15 25 110000 1
5 6 12 50000 1
12 16 28 120000 1
5 6 12 50000 1
8 5 15 73294 0
2 11 6 20000 1
12 1 4 23706 0
12 21 27 120000 1
7 9 16 70000 1
10 7 15 77769 0
10 1 4 21916 0
3 18 9 30000 1
9 11 20 86795 0
1 5 4 10000 1
6 6 11 48043 0
3 1 3 13746 0
3 8 9 30000 1
6 5 10 50156 0
4 1 2 10169 0
4 30 11 40000 1
3 4 8 29557 0
12 35 29 120000 1
4 11 11 40000 1
4 6 11 40000 1
12 31 29 120000 1
2 3 5 20000 1
10 2 6 33657 0
7 24 15 70000 1
5 3 6 32964 0
9 13 22 90000 1
10 5 9 50403 0
6 18 17 60000 1
5 21 13 50000 1
2 2 4 15436 0
2 1 2 8810 0
7 1 2 12196 0
13 9 29 130000 1
8 34 20 80000 1
7 6 13 62817 0
4 21 11 40000 1
13 9 19 97723 0
6 5 10 42853 0
10 3 6 36121 0
2 1 1 4405 0
3 11 9 30000 1
13 9 27 130000 1
4 24 12 40000 1
10 13 23 100000 1
2 11 6 20000 1
3 14 9 30000 1
8 14 19 80000 1
3 8 9 30000 1
1 1 2 6092 0
12 4 10 51742 0
10 17 23 100000 1
10 8 23 100000 1
6 7 14 59991 0
94 13 50 278679 0
6 6 13 52059 0
266 13 42 219538 0
256 17 474 2560000 1
1 6 4 10000 1
4 18 12 40000 1
6 21 15 60000 1
104 7 29 183099 0
8 4 9 45359 0
16 14 35 160000 1
2 3 5 20000 1
1 1 2 6092 0
148 26 284 1480000 1
189 3 8 47460 0
349 3 10 62082 0
6 12 15 60000 1
16 19 36 160000 1
1 1 2 6092 0
1 3 4 10000 1
7 8 17 70000 1
23 23 44 230000 1
1 6 4 10000 1
9 22 21 90000 1
146 21 287 1460000 1
78 11 69 422524 0
15 5 20 110512 0
2 1 2 8810 0
87 26 174 870000 1
1 1 2 6092 0
1 4 4 10000 1
20 39 45 200000 1
1 1 2 6092 0
50 16 99 500000 1
14 2 5 29702 0
72 4 17 99404 0
353 24 710 3530000 1
2 8 6 20000 1
1 3 3 9138 0
1 1 2 6092 0
22 7 25 143506 0
1 6 4 10000 1
40 11 61 352082 0
1 6 4 10000 1
2 5 6 20000 1
141 11 45 262176 0
1 1 1 3046 0
4 4 11 40000 1
12 22 26 120000 1
1 2 4 10000 1
59 18 119 590000 1
270 17 175 928023 0
1 4 4 10000 1
1 1 2 6092 0
2 1 3 13645 0
94 9 23 137258 0
434 16 58 291260 0
8 22 19 80000 1
1 5 4 10000 1
1 4 4 10000 1
115 15 113 688612 0
4 18 10 40000 1
1 8 4 10000 1
25 2 5 28517 0
95 13 48 267430 0
1 1 1 3046 0
406 11 51 319214 0
2 3 5 20000 1
33 12 57 320871 0
3 9 9 30000 1
1 3 4 10000 1
6 1 2 11240 0
389 24 694 3890000 1
12 14 26 120000 1
170 3 12 73664 0
1 1 2 6092 0
295 2 7 41802 0
384 5 31 202059 0
53 35 98 530000 1
1 1 2 6092 0
1 3 3 9138 0
2 1 2 9132 0
1 5 4 10000 1
21 14 44 210000 1
