4 5 5 40000 1
12 7 12 120000 1
6 4 6 60000 1
3 1 2 24507 0
1 2 2 10000 1
11 1 8 109522 0
3 1 3 30000 1
7 3 7 70000 1
13 9 13 130000 1
11 1 7 102831 0
5 2 6 50000 1
6 3 6 60000 1
11 2 7 100049 0
10 1 3 49691 0
7 2 7 70000 1
8 3 8 80000 1
3 1 3 30000 1
7 1 5 64821 0
8 5 8 80000 1
4 2 4 37243 0
9 1 3 48145 0
3 1 2 23865 0
2 1 3 20000 1
9 2 5 79334 0
11 5 11 110000 1
11 1 2 28942 0
4 4 5 40000 1
8 1 5 70663 0
13 2 11 130000 1
12 3 11 120000 1
5 6 5 50000 1
9 1 6 85048 0
10 1 4 66384 0
10 9 10 100000 1
11 1 6 91507 0
6 6 6 60000 1
4 1 3 34902 0
8 6 8 80000 1
13 6 12 130000 1
12 1 6 100072 0
4 2 4 39380 0
8 3 8 80000 1
4 3 5 40000 1
4 1 3 38562 0
7 5 8 70000 1
5 6 6 50000 1
3 2 4 30000 1
3 4 4 30000 1
8 5 7 80000 1
11 1 6 97340 0
11 1 3 50115 0
7 5 7 70000 1
11 1 4 63831 0
3 1 3 30000 1
2 1 3 20000 1
11 4 9 110000 1
3 3 3 30000 1
13 6 12 130000 1
1 1 2 10000 1
13 5 12 130000 1
13 1 7 110374 0
11 7 11 110000 1
8 1 4 69264 0
5 3 6 50000 1
7 1 5 64813 0
2 1 2 18760 0
9 2 8 90000 1
11 7 11 110000 1
9 8 10 90000 1
1 1 2 10000 1
11 2 9 107178 0
8 3 9 80000 1
11 1 5 86135 0
12 8 11 120000 1
5 2 6 50000 1
11 2 10 110000 1
13 1 8 119960 0
2 1 3 20000 1
12 5 10 120000 1
14 9 14 140000 1
8 3 7 80000 1
9 1 4 71026 0
10 3 9 100000 1
4 3 5 40000 1
1 1 2 10000 1
1 1 2 10000 1
4 1 3 39543 0
7 5 7 70000 1
3 1 2 16623 0
1 1 2 10000 1
13 5 12 130000 1
13 1 3 50847 0
1 1 2 10000 1
2 2 3 20000 1
2 1 3 20000 1
9 1 4 67238 0
2 2 3 20000 1
8 4 7 80000 1
11 3 10 110000 1
13 7 11 130000 1
3 2 4 30000 1
3 1 4 30000 1
11 2 10 110000 1
11 1 7 98872 0
1 1 2 10000 1
3 2 4 30000 1
7 1 4 62937 0
6 5 6 60000 1
3 1 2 25892 0
13 5 12 130000 1
7 2 6 70000 1
2 1 2 18760 0
7 3 8 70000 1
12 1 3 56873 0
6 7 7 60000 1
3 1 3 30000 1
12 1 5 80833 0
4 1 5 40000 1
1 1 2 10000 1
5 1 4 50000 1
12 1 4 68815 0
10 5 9 100000 1
9 1 6 83117 0
4 3 5 40000 1
10 1 4 60315 0
13 2 9 130000 1
11 1 4 71604 0
4 1 2 26487 0
2 1 3 20000 1
12 1 4 68977 0
6 1 3 45765 0
3 2 4 30000 1
9 1 4 69896 0
6 4 6 60000 1
12 8 10 120000 1
5 2 5 50000 1
5 1 3 36626 0
8 1 5 66432 0
2 1 2 18760 0
2 1 3 20000 1
5 4 6 50000 1
5 6 5 50000 1
5 1 3 43958 0
11 4 9 110000 1
3 1 3 28726 0
4 1 3 36316 0
11 2 7 102153 0
7 3 7 70000 1
2 1 2 19380 0
11 2 8 110000 1
2 1 3 20000 1
10 1 3 46758 0
3 1 2 23865 0
3 1 4 30000 1
8 7 8 80000 1
5 5 5 50000 1
6 3 6 60000 1
12 8 11 120000 1
1 1 2 10000 1
6 1 5 59979 0
10 4 9 100000 1
10 1 4 68441 0
12 4 11 120000 1
4 1 2 25349 0
3 2 4 30000 1
6 1 5 57765 0
4 2 5 40000 1
7 1 6 70000 1
5 4 5 50000 1
3 3 4 30000 1
9 1 6 85963 0
8 1 5 64286 0
9 6 9 90000 1
6 1 3 44260 0
6 6 7 60000 1
10 1 6 90044 0
6 2 5 60000 1
3 1 3 30000 1
4 3 5 40000 1
2 1 2 19350 0
5 5 5 50000 1
7 1 2 34353 0
153 1 3 53714 0
2 1 2 18760 0
144 1 7 151945 0
166 11 162 1660000 1
147 2 8 131334 0
11 1 5 83677 0
38 1 5 86897 0
1 1 2 10000 1
17 1 7 123545 0
127 2 16 253999 0
123 1 6 126930 0
1 1 2 10000 1
2 1 2 18760 0
11 7 10 110000 1
21 8 18 210000 1
1 1 2 10000 1
5 3 5 50000 1
10 1 5 76931 0
4 4 4 40000 1
29 4 23 290000 1
1 2 2 10000 1
73 4 59 730000 1
10 1 5 80666 0
238 1 5 93860 0
5 4 6 50000 1
1 1 2 10000 1
258 11 208 2580000 1
4 1 4 40000 1
323 7 243 3230000 1
352 6 274 3520000 1
1 1 2 10000 1
37 3 20 316907 0
12 6 10 120000 1
1 1 2 10000 1
2 2 3 20000 1
3 3 4 30000 1
3 1 4 30000 1
3 2 3 30000 1
326 1 3 52049 0
8 4 7 80000 1
1 1 2 10000 1
26 1 5 83138 0
1 1 2 10000 1
411 3 15 237187 0
210 4 165 2100000 1
2 2 3 20000 1
1 2 2 10000 1
1 2 2 10000 1
1 1 2 10000 1
3 1 3 30000 1
1 1 2 10000 1
1 1 2 10000 1
1 1 2 10000 1
4 2 5 40000 1
1 1 2 10000 1
358 7 285 3580000 1
1 1 2 10000 1
317 1 4 73452 0
69 1 4 65504 0
61 7 51 610000 1
2 1 3 20000 1
1 2 2 10000 1
40 5 34 400000 1
5 1 5 50000 1
1 1 2 10000 1
2 1 3 20000 1
1 1 2 10000 1
204 7 159 2040000 1
264 11 165 2640000 1
53 2 21 383145 0
1 2 2 10000 1
255 4 199 2550000 1
1 1 2 10000 1
1 1 2 10000 1
184 3 22 326737 0
9 4 9 90000 1
1 1 2 10000 1
7 1 4 49595 0
1 1 2 10000 1
79 3 38 595945 0
34 6 29 340000 1
248 8 201 2480000 1
51 1 8 166230 0
