4 1.40350877193
12 1.75438596491
6 1.75438596491
3 2.14973684211
1 0.877192982456
11 2.40179824561
3 1.75438596491
7 1.75438596491
13 1.75438596491
11 2.57721804511
5 1.46198830409
6 1.75438596491
11 2.50749373434
10 2.90590643275
7 1.75438596491
8 1.75438596491
3 1.75438596491
7 2.27442105263
8 1.75438596491
4 1.63346491228
9 2.81549707602
3 2.09342105263
2 1.16959064327
9 2.78364912281
11 1.75438596491
11 2.53877192982
4 1.40350877193
8 2.47940350877
13 2.07336523126
12 1.91387559809
5 1.75438596491
9 2.48678362573
10 2.91157894737
10 1.75438596491
11 2.67564327485
6 1.75438596491
4 2.04105263158
8 1.75438596491
13 1.90058479532
12 2.92608187135
4 1.72719298246
8 1.75438596491
4 1.40350877193
4 2.2550877193
7 1.5350877193
5 1.46198830409
3 1.31578947368
3 1.31578947368
8 2.00501253133
11 2.84619883041
11 2.93070175439
7 1.75438596491
11 2.79960526316
3 1.75438596491
2 1.16959064327
11 2.14424951267
3 1.75438596491
13 1.90058479532
1 0.877192982456
13 1.90058479532
13 2.76626566416
11 1.75438596491
8 3.03789473684
5 1.46198830409
7 2.27414035088
2 1.64561403509
9 1.97368421053
11 1.75438596491
9 1.57894736842
1 0.877192982456
11 2.08923976608
8 1.55945419103
11 3.02228070175
12 1.91387559809
5 1.46198830409
11 1.9298245614
13 2.63070175439
2 1.16959064327
12 2.10526315789
14 1.75438596491
8 2.00501253133
9 3.1151754386
10 1.94931773879
4 1.40350877193
1 0.877192982456
1 0.877192982456
4 2.31245614035
7 1.75438596491
3 1.45815789474
1 0.877192982456
13 1.90058479532
13 2.97350877193
1 0.877192982456
2 1.16959064327
2 1.16959064327
9 2.94903508772
2 1.16959064327
8 2.00501253133
11 1.9298245614
13 2.07336523126
3 1.31578947368
3 1.31578947368
11 1.9298245614
11 2.47799498747
1 0.877192982456
3 1.31578947368
7 2.76039473684
6 1.75438596491
3 2.27122807018
13 1.90058479532
7 2.04678362573
2 1.64561403509
7 1.5350877193
12 3.32590643275
6 1.5037593985
3 1.75438596491
12 2.83624561404
4 1.40350877193
1 0.877192982456
5 2.19298245614
12 3.01820175439
10 1.94931773879
9 2.43032163743
4 1.40350877193
10 2.64539473684
13 2.53411306043
11 3.14052631579
4 2.32342105263
2 1.16959064327
12 3.02530701754
6 2.67631578947
3 1.31578947368
9 3.06561403509
6 1.75438596491
12 2.10526315789
5 1.75438596491
5 2.14187134503
8 2.33094736842
2 1.64561403509
2 1.16959064327
5 1.46198830409
5 1.75438596491
5 2.57064327485
11 2.14424951267
3 1.67988304094
4 2.12374269006
11 2.56022556391
7 1.75438596491
2 1.7
11 2.41228070175
2 1.16959064327
10 2.73438596491
3 2.09342105263
3 1.31578947368
8 1.75438596491
5 1.75438596491
6 1.75438596491
12 1.91387559809
1 0.877192982456
6 2.10452631579
10 1.94931773879
10 3.00179824561
12 1.91387559809
4 2.22359649123
3 1.31578947368
6 2.02684210526
4 1.40350877193
7 2.04678362573
5 1.75438596491
3 1.31578947368
9 2.5135380117
8 2.25564912281
9 1.75438596491
6 2.58830409357
6 1.5037593985
10 2.63286549708
6 2.10526315789
3 1.75438596491
4 1.40350877193
2 1.69736842105
5 1.75438596491
7 3.01342105263
153 3.14116959064
2 1.64561403509
144 3.80814536341
166 1.79770413689
147 2.88013157895
11 2.93603508772
38 3.04901754386
1 0.877192982456
17 3.09636591479
127 2.78507675439
123 3.71140350877
1 0.877192982456
2 1.64561403509
11 1.9298245614
21 2.04678362573
1 0.877192982456
5 1.75438596491
10 2.69933333333
4 1.75438596491
29 2.2120518688
1 0.877192982456
73 2.17068093964
10 2.83038596491
238 3.29333333333
5 1.46198830409
1 0.877192982456
258 2.17611336032
4 1.75438596491
323 2.33196159122
352 2.25380970675
1 0.877192982456
37 2.77988596491
12 2.10526315789
1 0.877192982456
2 1.16959064327
3 1.31578947368
3 1.31578947368
3 1.75438596491
326 3.04380116959
8 2.00501253133
1 0.877192982456
26 2.91712280702
1 0.877192982456
411 2.77411695906
210 2.23285486443
2 1.16959064327
1 0.877192982456
1 0.877192982456
1 0.877192982456
3 1.75438596491
1 0.877192982456
1 0.877192982456
1 0.877192982456
4 1.40350877193
1 0.877192982456
358 2.20375500154
1 0.877192982456
317 3.22157894737
69 2.87298245614
61 2.09838321293
2 1.16959064327
1 0.877192982456
40 2.06398348813
5 1.75438596491
1 0.877192982456
2 1.16959064327
1 0.877192982456
204 2.2509102946
264 2.80701754386
53 3.20087719298
1 0.877192982456
255 2.24808251785
1 0.877192982456
1 0.877192982456
184 2.60555821372
9 1.75438596491
1 0.877192982456
7 2.17521929825
1 0.877192982456
79 2.75136195753
34 2.05686630369
248 2.1646155189
51 3.64539473684
