9 9 13 90000 1
9 8 13 90000 1
11 6 13 110000 1
10 5 11 100000 1
1 1 3 10000 1
8 20 17 80000 1
8 8 11 80000 1
5 11 8 50000 1
9 2 6 72450 0
3 3 7 30000 1
7 1 3 42981 0
9 9 13 90000 1
4 1 4 37593 0
3 1 5 30000 1
11 10 14 110000 1
8 11 16 80000 1
2 3 6 20000 1
3 7 8 30000 1
8 12 15 80000 1
7 9 13 70000 1
1 1 3 10000 1
10 23 15 100000 1
1 1 3 10000 1
8 3 9 80000 1
8 7 11 80000 1
9 14 15 90000 1
4 8 8 40000 1
4 1 5 40000 1
11 6 14 110000 1
7 7 9 70000 1
9 7 12 90000 1
10 3 11 100000 1
8 6 12 80000 1
11 3 9 94527 0
10 6 13 100000 1
9 14 16 90000 1
3 3 4 30000 1
12 8 14 120000 1
5 1 4 44439 0
1 1 3 10000 1
5 1 3 32137 0
7 12 15 70000 1
7 13 14 70000 1
8 2 6 68539 0
11 7 13 110000 1
11 5 15 110000 1
8 16 12 80000 1
6 1 3 38238 0
6 1 3 37826 0
9 3 10 90000 1
6 3 9 60000 1
8 23 15 80000 1
1 2 3 10000 1
10 20 24 100000 1
8 5 12 80000 1
6 16 11 60000 1
7 1 4 57056 0
5 9 11 50000 1
7 4 10 70000 1
11 7 14 110000 1
8 5 10 80000 1
11 4 12 110000 1
5 2 6 49712 0
11 12 18 110000 1
2 2 5 20000 1
10 4 12 100000 1
12 1 3 39377 0
5 1 4 44325 0
5 10 9 50000 1
8 1 3 39380 0
8 14 15 80000 1
13 16 23 130000 1
6 15 16 60000 1
9 7 13 90000 1
13 4 12 123411 0
5 8 10 50000 1
8 11 16 80000 1
7 13 16 70000 1
8 3 9 80000 1
3 1 5 30000 1
7 1 4 50679 0
13 11 20 130000 1
4 9 11 40000 1
3 1 3 23874 0
2 1 3 19843 0
6 4 9 60000 1
4 2 6 40000 1
10 10 17 100000 1
12 15 18 120000 1
13 8 15 130000 1
9 10 14 90000 1
7 1 4 53344 0
5 4 8 50000 1
1 1 3 10000 1
4 4 7 40000 1
4 1 5 40000 1
10 2 8 93200 0
12 12 20 120000 1
8 1 3 39947 0
7 6 12 70000 1
1 2 3 10000 1
1 1 3 10000 1
9 6 12 90000 1
8 6 10 80000 1
1 1 3 10000 1
3 2 5 30000 1
5 3 8 50000 1
13 3 11 130000 1
11 14 17 110000 1
9 2 8 90000 1
8 3 9 74864 0
10 8 14 100000 1
6 4 9 60000 1
10 13 16 100000 1
5 4 7 50000 1
13 10 15 130000 1
13 4 13 130000 1
13 15 24 130000 1
12 14 20 120000 1
5 3 7 50000 1
6 1 3 36029 0
5 10 10 50000 1
11 10 13 110000 1
8 6 12 80000 1
5 3 8 50000 1
4 1 5 40000 1
8 14 13 80000 1
13 10 18 130000 1
11 17 21 110000 1
5 8 10 50000 1
3 8 9 30000 1
5 3 6 50000 1
3 2 6 30000 1
8 10 13 80000 1
7 6 10 70000 1
10 8 15 100000 1
12 23 27 120000 1
6 4 8 60000 1
5 12 9 50000 1
2 3 6 20000 1
2 1 3 20000 1
10 14 16 100000 1
5 12 12 50000 1
12 10 14 120000 1
10 12 15 100000 1
13 10 14 130000 1
2 1 4 20000 1
8 22 21 80000 1
7 15 12 70000 1
2 2 4 20000 1
6 4 8 60000 1
2 1 4 20000 1
11 6 15 110000 1
9 1 4 56084 0
13 1 3 37710 0
8 5 10 80000 1
12 6 15 120000 1
5 7 9 50000 1
3 4 7 30000 1
4 6 7 40000 1
5 2 6 50000 1
10 8 14 100000 1
8 3 9 78691 0
8 13 17 80000 1
10 22 23 100000 1
6 9 13 60000 1
1 1 3 10000 1
13 1 3 48474 0
5 6 8 50000 1
9 9 13 90000 1
7 2 6 61909 0
5 11 14 50000 1
12 21 17 120000 1
2 1 4 20000 1
13 4 14 130000 1
12 11 18 120000 1
11 1 4 60157 0
7 8 11 70000 1
4 6 9 40000 1
6 9 11 60000 1
4 11 12 40000 1
9 13 13 90000 1
304 17 68 465512 0
1 2 3 10000 1
58 6 23 355464 0
6 6 8 60000 1
178 21 237 1780000 1
1 1 3 10000 1
47 14 57 470000 1
10 5 13 100000 1
3 3 6 30000 1
31 13 37 310000 1
1 1 3 10000 1
4 2 6 40000 1
1 1 3 10000 1
39 11 42 390000 1
37 1 3 48909 0
42 5 20 285331 0
181 5 23 346912 0
37 12 41 370000 1
2 1 3 16937 0
1 1 3 10000 1
315 6 18 219429 0
108 9 35 438929 0
1 1 3 10000 1
1 2 3 10000 1
2 1 4 20000 1
18 10 22 180000 1
1 1 3 10000 1
3 8 9 30000 1
1 1 3 10000 1
3 5 7 30000 1
204 3 15 250859 0
64 36 166 640000 1
206 25 176 2060000 1
186 21 296 1860000 1
20 4 17 200000 1
2 1 4 20000 1
15 15 20 150000 1
1 1 3 10000 1
1 1 3 10000 1
5 12 13 50000 1
1 1 3 10000 1
6 9 9 60000 1
1 1 3 10000 1
1 1 3 10000 1
1 1 3 10000 1
13 11 15 130000 1
2 1 3 20000 1
23 2 6 89760 0
145 1 5 112209 0
258 23 297 2580000 1
26 13 31 260000 1
1 1 3 10000 1
120 13 121 1200000 1
2 1 3 20000 1
5 8 12 50000 1
11 18 19 110000 1
1 1 3 10000 1
404 22 589 4040000 1
68 1 6 167147 0
1 1 3 10000 1
74 25 109 740000 1
88 6 18 220319 0
14 5 15 140000 1
77 11 55 568434 0
76 6 18 227694 0
1 2 3 10000 1
12 1 3 37899 0
19 16 35 190000 1
124 2 7 121742 0
17 23 34 170000 1
1 1 3 10000 1
99 20 148 990000 1
1 1 3 10000 1
12 16 17 120000 1
1 1 3 10000 1
1 2 3 10000 1
1 2 3 10000 1
3 6 9 30000 1
121 31 263 1210000 1
156 19 229 1560000 1
12 2 9 120000 1
1 1 3 10000 1
1 1 3 10000 1
