13 8 15 130000 1
4 5 7 40000 1
9 5 9 90000 1
10 1 6 100000 1
7 1 5 70000 1
12 2 8 120000 1
11 1 5 99152 0
1 1 2 10000 1
12 7 12 120000 1
5 1 4 50000 1
7 4 6 70000 1
9 6 10 90000 1
7 4 8 70000 1
1 1 2 10000 1
3 1 3 30000 1
13 6 10 130000 1
6 1 4 60000 1
4 1 4 40000 1
8 1 6 80000 1
5 1 5 50000 1
12 9 9 120000 1
2 1 3 20000 1
4 3 5 40000 1
7 3 7 70000 1
1 1 2 10000 1
7 4 8 70000 1
10 1 3 67628 0
11 1 5 97329 0
9 3 8 90000 1
12 1 7 120000 1
11 7 12 110000 1
12 1 4 96062 0
5 1 5 50000 1
8 3 8 80000 1
3 1 3 30000 1
2 1 2 20000 1
6 5 8 60000 1
2 1 2 20000 1
3 1 3 30000 1
9 2 7 90000 1
2 2 4 20000 1
1 1 2 10000 1
10 6 10 100000 1
12 2 6 110371 0
12 9 14 120000 1
4 3 5 40000 1
12 1 3 64835 0
13 8 11 130000 1
2 1 3 20000 1
8 1 3 63886 0
12 2 6 112240 0
2 1 2 20000 1
12 1 3 74264 0
4 4 6 40000 1
3 2 4 30000 1
2 2 4 20000 1
6 5 8 60000 1
7 1 3 53815 0
5 1 4 50000 1
12 3 9 120000 1
12 7 13 120000 1
9 2 6 87096 0
4 5 6 40000 1
4 2 5 40000 1
2 1 3 20000 1
1 1 2 10000 1
2 1 3 20000 1
13 5 11 130000 1
3 1 3 30000 1
2 1 2 20000 1
12 1 4 89302 0
8 4 9 80000 1
12 1 3 74678 0
2 1 3 20000 1
2 1 3 20000 1
12 2 7 120000 1
3 1 3 30000 1
5 3 6 50000 1
2 2 4 20000 1
4 1 4 40000 1
7 4 7 70000 1
13 10 14 130000 1
3 2 4 30000 1
9 2 6 87290 0
7 1 3 63932 0
9 6 10 90000 1
6 5 7 60000 1
4 4 6 40000 1
11 1 4 94279 0
7 1 5 70000 1
5 1 3 45588 0
8 7 9 80000 1
9 1 4 84580 0
2 1 2 20000 1
5 2 5 50000 1
6 1 3 51520 0
3 1 3 30000 1
3 1 3 30000 1
2 1 3 20000 1
7 1 4 68956 0
5 6 8 50000 1
6 1 4 59382 0
4 2 5 40000 1
9 1 4 86898 0
1 1 2 10000 1
6 1 5 60000 1
7 2 7 70000 1
3 2 3 30000 1
12 1 6 120000 1
11 2 7 110000 1
6 8 9 60000 1
3 1 3 30000 1
13 4 10 130000 1
10 3 8 100000 1
3 2 4 30000 1
10 6 10 100000 1
13 1 5 123099 0
7 1 3 56338 0
1 1 2 10000 1
12 1 4 90327 0
2 2 4 20000 1
2 1 3 20000 1
5 4 6 50000 1
3 1 3 30000 1
3 2 4 30000 1
5 1 5 50000 1
13 2 8 130000 1
1 1 2 10000 1
13 3 10 130000 1
11 10 12 110000 1
2 1 3 20000 1
8 4 8 80000 1
10 3 9 100000 1
6 3 7 60000 1
2 1 3 20000 1
12 6 12 120000 1
10 1 6 100000 1
6 3 6 60000 1
10 1 5 95625 0
12 5 10 120000 1
9 2 7 90000 1
11 7 9 110000 1
6 3 7 60000 1
10 4 9 100000 1
8 6 8 80000 1
2 1 3 20000 1
5 1 5 50000 1
2 1 3 20000 1
7 3 7 70000 1
4 1 3 40000 1
6 3 5 60000 1
3 1 3 30000 1
1 1 2 10000 1
12 8 13 120000 1
10 1 3 68292 0
11 7 12 110000 1
11 2 8 110000 1
6 4 7 60000 1
11 3 8 110000 1
10 2 6 95032 0
1 1 2 10000 1
7 1 4 70000 1
4 4 6 40000 1
5 1 4 50000 1
6 3 6 60000 1
1 1 2 10000 1
13 3 9 129881 0
5 4 4 50000 1
9 4 7 90000 1
9 4 7 90000 1
10 3 7 100000 1
9 3 8 90000 1
8 1 3 61737 0
9 1 4 85483 0
11 6 8 110000 1
1 1 2 10000 1
5 1 4 50000 1
7 1 4 68504 0
4 5 6 40000 1
6 3 6 60000 1
3 3 5 30000 1
9 3 8 90000 1
18 5 12 180000 1
6 6 8 60000 1
1 1 2 10000 1
225 9 174 2250000 1
4 5 7 40000 1
60 16 82 600000 1
69 2 11 384617 0
6 6 9 60000 1
243 7 59 938976 0
70 23 114 700000 1
2 1 3 20000 1
1 1 2 10000 1
1 1 2 10000 1
38 1 3 67855 0
1 1 2 10000 1
1 1 2 10000 1
125 5 24 473041 0
56 4 23 537368 0
1 1 2 10000 1
7 1 5 70000 1
4 3 5 40000 1
1 1 2 10000 1
1 1 2 10000 1
1 1 2 10000 1
199 2 8 211139 0
25 11 25 250000 1
18 4 11 180000 1
3 1 3 30000 1
106 9 75 1060000 1
4 3 5 40000 1
346 1 4 115507 0
1 1 2 10000 1
1 1 2 10000 1
25 8 22 250000 1
1 1 2 10000 1
13 4 11 130000 1
1 1 2 10000 1
2 2 3 20000 1
1 1 2 10000 1
83 5 20 370642 0
3 3 5 30000 1
70 2 8 232555 0
92 5 15 246955 0
4 1 4 40000 1
45 8 34 450000 1
1 1 2 10000 1
2 1 2 20000 1
2 1 3 20000 1
1 1 2 10000 1
154 1 6 227685 0
3 1 3 30000 1
189 12 194 1890000 1
47 12 53 470000 1
413 6 215 4130000 1
3 3 5 30000 1
1 1 2 10000 1
121 9 97 1210000 1
1 1 2 10000 1
1 1 2 10000 1
1 1 2 10000 1
140 7 88 1400000 1
1 1 2 10000 1
1 1 2 10000 1
62 9 52 620000 1
55 22 59 550000 1
15 5 12 150000 1
19 1 4 111988 0
90 1 4 116068 0
1 1 2 10000 1
14 13 19 140000 1
1 1 2 10000 1
353 26 597 3530000 1
1 1 2 10000 1
1 1 2 10000 1
37 4 19 370000 1
2 1 3 20000 1
1 1 2 10000 1
1 1 2 10000 1
1 1 2 10000 1
155 12 110 1550000 1
3 1 3 30000 1
1 1 2 10000 1
27 3 9 169168 0
