10 1.0
5 0.9
10 1.0
11 0.833333333333
3 0.833333333333
6 1.0
6 1.0
11 0.833333333333
13 0.966666666667
1 0.833333333333
11 0.958333333333
10 1.0
8 0.833333333333
10 0.833333333333
7 0.833333333333
7 0.833333333333
7 0.833333333333
6 0.833333333333
10 1.0
2 0.833333333333
12 0.833333333333
13 0.833333333333
12 0.833333333333
6 0.833333333333
4 1.0
13 0.952380952381
3 0.833333333333
4 0.833333333333
13 0.833333333333
6 0.833333333333
11 0.833333333333
1 0.833333333333
5 0.833333333333
13 0.833333333333
13 1.0
5 0.833333333333
13 0.833333333333
7 0.833333333333
5 0.833333333333
4 0.833333333333
10 0.833333333333
8 0.833333333333
9 0.833333333333
8 1.0
4 1.0
5 0.833333333333
13 0.966666666667
10 0.833333333333
8 1.0
11 0.966666666667
11 0.933333333333
5 0.833333333333
6 0.833333333333
7 0.888888888889
9 0.833333333333
9 1.0
3 0.928571428571
2 0.833333333333
4 0.833333333333
4 0.833333333333
5 1.0
1 0.833333333333
11 0.833333333333
11 0.833333333333
1 0.833333333333
2 0.9
11 0.931818181818
3 1.0
5 0.833333333333
4 0.833333333333
6 0.833333333333
2 0.833333333333
9 0.833333333333
5 1.0
5 1.0
9 0.833333333333
8 0.833333333333
13 0.833333333333
7 0.833333333333
3 0.833333333333
6 1.0
6 0.875
11 0.833333333333
3 0.833333333333
5 1.0
3 1.0
13 0.833333333333
2 0.833333333333
11 0.833333333333
2 0.833333333333
6 0.916666666667
2 0.833333333333
10 0.833333333333
11 0.833333333333
13 1.0
2 0.833333333333
3 1.0
5 1.0
9 0.833333333333
6 0.9375
10 0.833333333333
5 0.833333333333
8 0.833333333333
13 0.833333333333
3 0.833333333333
8 0.833333333333
3 0.833333333333
13 0.833333333333
7 0.833333333333
2 0.833333333333
7 0.944444444444
1 0.833333333333
12 1.0
2 0.833333333333
6 1.0
8 0.833333333333
1 0.833333333333
7 0.833333333333
7 1.0
2 0.833333333333
10 0.833333333333
5 0.833333333333
10 0.833333333333
2 0.833333333333
1 0.833333333333
11 0.833333333333
2 0.833333333333
2 1.0
8 0.833333333333
2 0.833333333333
12 0.833333333333
4 0.916666666667
11 0.833333333333
11 0.833333333333
12 0.958333333333
6 0.833333333333
1 0.833333333333
5 1.0
9 0.833333333333
12 0.833333333333
8 0.833333333333
6 1.0
11 1.0
2 0.833333333333
11 0.833333333333
6 0.875
12 0.833333333333
11 0.833333333333
2 0.833333333333
11 0.833333333333
2 0.833333333333
12 1.0
3 0.833333333333
7 0.833333333333
1 0.833333333333
5 0.833333333333
7 0.833333333333
3 1.0
10 0.833333333333
5 1.0
2 0.9
5 1.0
7 0.833333333333
7 0.833333333333
10 0.833333333333
6 0.833333333333
2 0.833333333333
2 0.833333333333
8 0.833333333333
3 1.0
8 0.833333333333
4 0.928571428571
4 0.833333333333
3 0.833333333333
2 0.833333333333
9 1.0
1 0.833333333333
8 0.833333333333
13 0.964285714286
8 0.833333333333
5 1.0
4 0.833333333333
1 0.833333333333
1 0.833333333333
2 0.9
18 0.833333333333
2 0.9
94 0.833333333333
14 0.833333333333
1 0.833333333333
372 0.923611111111
1 0.833333333333
98 0.931818181818
20 0.833333333333
4 0.833333333333
104 0.955056179775
1 0.833333333333
5 0.833333333333
6 1.0
4 0.833333333333
3 0.833333333333
2 1.0
1 0.833333333333
1 0.833333333333
29 0.833333333333
46 0.833333333333
2 0.9
1 0.833333333333
1 0.833333333333
16 0.833333333333
1 0.833333333333
15 0.833333333333
3 0.833333333333
2 0.833333333333
1 0.833333333333
374 0.933333333333
20 1.0
1 0.833333333333
1 0.833333333333
1 0.833333333333
1 0.833333333333
14 0.97619047619
1 0.833333333333
310 1.0
1 0.833333333333
3 0.833333333333
2 0.833333333333
417 0.833333333333
2 0.833333333333
2 0.9
1 0.833333333333
16 0.833333333333
48 0.923728813559
1 0.833333333333
27 1.0
34 0.965753424658
1 0.833333333333
1 0.833333333333
1 0.833333333333
4 0.833333333333
1 0.833333333333
1 0.833333333333
402 0.833333333333
1 0.833333333333
4 0.833333333333
1 0.833333333333
1 0.833333333333
8 0.966666666667
2 1.0
1 0.833333333333
1 0.833333333333
1 0.833333333333
11 0.970588235294
54 0.833333333333
8 0.833333333333
2 0.9
5 0.833333333333
21 1.0
20 0.833333333333
1 0.833333333333
66 0.926470588235
6 0.833333333333
310 0.877300613497
1 0.833333333333
