10 4 20 100000 1
3 2 6 30000 1
7 1 6 36000 0
13 1 5 30000 0
4 1 5 28000 0
8 2 16 80000 1
14 6 28 140000 1
7 1 5 30000 0
5 3 10 50000 1
9 2 9 52000 0
8 5 16 80000 1
12 1 4 24000 0
7 1 5 30000 0
5 2 8 42000 0
11 1 5 30000 0
12 1 5 30000 0
5 2 10 50000 1
3 2 6 30000 1
12 1 7 42000 0
13 2 19 102000 0
10 4 20 100000 1
7 1 5 30000 0
12 1 5 30000 0
6 3 12 60000 1
9 1 8 48000 0
6 2 12 60000 1
13 6 26 130000 1
3 2 6 30000 1
7 6 14 70000 1
9 6 18 90000 1
9 1 6 36000 0
6 1 11 56000 0
13 1 10 60000 0
10 1 9 52000 0
11 4 22 110000 1
8 3 16 80000 1
3 2 6 30000 1
12 6 24 120000 1
12 1 11 64000 0
12 1 6 36000 0
4 3 8 40000 1
2 1 4 20000 1
6 1 7 40000 0
8 1 9 52000 0
12 1 6 36000 0
11 7 22 110000 1
11 5 22 110000 1
13 1 7 42000 0
2 1 4 20000 1
13 2 14 82000 0
9 6 18 90000 1
14 4 28 140000 1
10 3 20 100000 1
9 3 18 90000 1
9 2 10 58000 0
8 1 8 48000 0
1 1 2 10000 1
8 1 9 52000 0
7 6 14 70000 1
7 5 14 70000 1
3 1 6 30000 1
11 4 22 110000 1
3 1 6 30000 1
1 1 2 10000 1
6 4 12 60000 1
2 1 4 20000 1
10 3 20 100000 1
5 1 6 34000 0
6 5 12 60000 1
12 4 23 116000 0
9 1 9 54000 0
2 1 4 20000 1
11 1 12 70000 0
4 1 8 40000 1
8 3 16 80000 1
6 1 10 52000 0
12 1 8 48000 0
4 1 5 28000 0
6 1 5 30000 0
7 2 14 70000 1
6 3 12 60000 1
9 6 18 90000 1
8 1 11 60000 0
13 6 26 130000 1
2 1 4 20000 1
1 1 2 10000 1
14 1 6 36000 0
11 7 22 110000 1
4 2 8 40000 1
7 1 6 36000 0
6 1 9 48000 0
3 2 6 30000 1
12 1 6 36000 0
10 1 7 42000 0
7 3 14 70000 1
10 1 5 30000 0
3 1 5 26000 0
8 2 11 60000 0
12 2 22 112000 0
12 7 24 120000 1
13 1 8 48000 0
3 1 6 30000 1
12 5 24 120000 1
10 7 20 100000 1
2 1 4 20000 1
5 2 10 50000 1
4 3 8 40000 1
3 2 6 30000 1
6 2 12 60000 1
2 1 4 20000 1
4 1 6 32000 0
3 2 6 30000 1
5 3 10 50000 1
10 1 5 30000 0
2 1 4 20000 1
2 1 4 20000 1
1 1 2 10000 1
2 1 4 20000 1
4 1 6 32000 0
5 4 10 50000 1
6 4 12 60000 1
13 1 13 76000 0
11 2 11 64000 0
7 6 14 70000 1
5 1 10 50000 1
4 1 5 28000 0
7 1 5 30000 0
12 3 22 112000 0
6 2 12 60000 1
3 1 6 30000 1
13 1 7 42000 0
11 4 22 110000 1
6 1 6 36000 0
2 1 4 20000 1
12 4 24 120000 1
6 1 7 40000 0
2 1 4 20000 1
7 1 8 46000 0
10 1 12 68000 0
12 4 24 120000 1
7 1 7 42000 0
2 1 4 20000 1
3 1 6 30000 1
11 1 9 52000 0
5 1 6 34000 0
9 1 4 24000 0
11 1 6 36000 0
11 5 22 110000 1
13 4 26 130000 1
1 1 2 10000 1
5 1 6 34000 0
11 4 22 110000 1
7 1 10 54000 0
11 7 22 110000 1
6 2 12 60000 1
2 1 4 20000 1
4 1 6 32000 0
2 1 4 20000 1
10 3 19 96000 0
12 6 24 120000 1
5 1 4 24000 0
6 2 11 56000 0
6 5 12 60000 1
5 1 9 46000 0
8 3 16 80000 1
4 1 7 36000 0
11 1 8 46000 0
6 1 11 56000 0
11 3 22 110000 1
10 1 11 62000 0
5 3 10 50000 1
3 1 5 26000 0
2 1 4 20000 1
12 1 6 36000 0
3 1 6 30000 1
10 1 6 36000 0
3 2 6 30000 1
9 2 18 90000 1
8 3 16 80000 1
13 1 10 60000 0
11 7 22 110000 1
8 1 10 56000 0
1 1 2 10000 1
1 1 2 10000 1
52 6 43 252000 0
11 2 22 110000 1
3 1 6 30000 1
3 1 5 26000 0
4 1 8 40000 1
115 1 6 36000 0
1 1 2 10000 1
49 12 98 490000 1
14 3 26 132000 0
2 1 4 20000 1
7 2 12 62000 0
1 1 2 10000 1
14 1 13 76000 0
65 4 27 156000 0
1 1 2 10000 1
21 6 32 170000 0
1 1 2 10000 1
5 4 10 50000 1
2 1 4 20000 1
46 11 92 460000 1
380 13 760 3800000 1
227 6 36 210000 0
52 1 10 60000 0
37 4 26 150000 0
85 6 70 414000 0
153 3 15 88000 0
1 1 2 10000 1
5 2 10 50000 1
107 4 20 116000 0
4 1 8 40000 1
29 6 41 222000 0
1 1 2 10000 1
320 5 49 288000 0
1 1 2 10000 1
1 1 2 10000 1
2 1 4 20000 1
8 1 13 68000 0
1 1 2 10000 1
9 6 18 90000 1
6 1 12 60000 1
1 1 2 10000 1
1 1 2 10000 1
3 1 6 30000 1
2 1 4 20000 1
19 1 8 48000 0
1 1 2 10000 1
117 13 234 1170000 1
24 2 16 94000 0
183 12 366 1830000 1
91 2 14 82000 0
223 1 4 24000 0
112 3 23 136000 0
1 1 2 10000 1
5 1 6 34000 0
1 1 2 10000 1
126 4 30 174000 0
89 8 67 366000 0
46 5 92 460000 1
60 4 42 244000 0
89 5 31 180000 0
4 1 8 40000 1
6 3 12 60000 1
1 1 2 10000 1
1 1 2 10000 1
6 1 8 44000 0
100 7 46 256000 0
1 1 2 10000 1
217 2 10 58000 0
193 1 6 36000 0
15 4 30 150000 1
4 3 8 40000 1
41 3 25 148000 0
33 4 28 162000 0
3 1 4 22000 0
1 1 2 10000 1
2 1 4 20000 1
1 1 2 10000 1
56 3 19 112000 0
2 1 4 20000 1
2 1 4 20000 1
