10 0.833333333333
3 0.833333333333
7 1.0
13 1.0
4 0.933333333333
8 0.833333333333
14 0.833333333333
7 1.0
5 0.833333333333
9 0.962962962963
8 0.833333333333
12 1.0
7 1.0
5 0.875
11 1.0
12 1.0
5 0.833333333333
3 0.833333333333
12 1.0
13 0.894736842105
10 0.833333333333
7 1.0
12 1.0
6 0.833333333333
9 1.0
6 0.833333333333
13 0.833333333333
3 0.833333333333
7 0.833333333333
9 0.833333333333
9 1.0
6 0.848484848485
13 1.0
10 0.962962962963
11 0.833333333333
8 0.833333333333
3 0.833333333333
12 0.833333333333
12 0.969696969697
12 1.0
4 0.833333333333
2 0.833333333333
6 0.952380952381
8 0.962962962963
12 1.0
11 0.833333333333
11 0.833333333333
13 1.0
2 0.833333333333
13 0.97619047619
9 0.833333333333
14 0.833333333333
10 0.833333333333
9 0.833333333333
9 0.966666666667
8 1.0
1 0.833333333333
8 0.962962962963
7 0.833333333333
7 0.833333333333
3 0.833333333333
11 0.833333333333
3 0.833333333333
1 0.833333333333
6 0.833333333333
2 0.833333333333
10 0.833333333333
5 0.944444444444
6 0.833333333333
12 0.840579710145
9 1.0
2 0.833333333333
11 0.972222222222
4 0.833333333333
8 0.833333333333
6 0.866666666667
12 1.0
4 0.933333333333
6 1.0
7 0.833333333333
6 0.833333333333
9 0.833333333333
8 0.909090909091
13 0.833333333333
2 0.833333333333
1 0.833333333333
14 1.0
11 0.833333333333
4 0.833333333333
7 1.0
6 0.888888888889
3 0.833333333333
12 1.0
10 1.0
7 0.833333333333
10 1.0
3 0.866666666667
8 0.909090909091
12 0.848484848485
12 0.833333333333
13 1.0
3 0.833333333333
12 0.833333333333
10 0.833333333333
2 0.833333333333
5 0.833333333333
4 0.833333333333
3 0.833333333333
6 0.833333333333
2 0.833333333333
4 0.888888888889
3 0.833333333333
5 0.833333333333
10 1.0
2 0.833333333333
2 0.833333333333
1 0.833333333333
2 0.833333333333
4 0.888888888889
5 0.833333333333
6 0.833333333333
13 0.974358974359
11 0.969696969697
7 0.833333333333
5 0.833333333333
4 0.933333333333
7 1.0
12 0.848484848485
6 0.833333333333
3 0.833333333333
13 1.0
11 0.833333333333
6 1.0
2 0.833333333333
12 0.833333333333
6 0.952380952381
2 0.833333333333
7 0.958333333333
10 0.944444444444
12 0.833333333333
7 1.0
2 0.833333333333
3 0.833333333333
11 0.962962962963
5 0.944444444444
9 1.0
11 1.0
11 0.833333333333
13 0.833333333333
1 0.833333333333
5 0.944444444444
11 0.833333333333
7 0.9
11 0.833333333333
6 0.833333333333
2 0.833333333333
4 0.888888888889
2 0.833333333333
10 0.842105263158
12 0.833333333333
5 1.0
6 0.848484848485
6 0.833333333333
5 0.851851851852
8 0.833333333333
4 0.857142857143
11 0.958333333333
6 0.848484848485
11 0.833333333333
10 0.939393939394
5 0.833333333333
3 0.866666666667
2 0.833333333333
12 1.0
3 0.833333333333
10 1.0
3 0.833333333333
9 0.833333333333
8 0.833333333333
13 1.0
11 0.833333333333
8 0.933333333333
1 0.833333333333
1 0.833333333333
52 0.976744186047
11 0.833333333333
3 0.833333333333
3 0.866666666667
4 0.833333333333
115 1.0
1 0.833333333333
49 0.833333333333
14 0.846153846154
2 0.833333333333
7 0.861111111111
1 0.833333333333
14 0.974358974359
65 0.962962962963
1 0.833333333333
21 0.885416666667
1 0.833333333333
5 0.833333333333
2 0.833333333333
46 0.833333333333
380 0.833333333333
227 0.972222222222
52 1.0
37 0.961538461538
85 0.985714285714
153 0.977777777778
1 0.833333333333
5 0.833333333333
107 0.966666666667
4 0.833333333333
29 0.90243902439
1 0.833333333333
320 0.979591836735
1 0.833333333333
1 0.833333333333
2 0.833333333333
8 0.871794871795
1 0.833333333333
9 0.833333333333
6 0.833333333333
1 0.833333333333
1 0.833333333333
3 0.833333333333
2 0.833333333333
19 1.0
1 0.833333333333
117 0.833333333333
24 0.979166666667
183 0.833333333333
91 0.97619047619
223 1.0
112 0.985507246377
1 0.833333333333
5 0.944444444444
1 0.833333333333
126 0.966666666667
89 0.910447761194
46 0.833333333333
60 0.968253968254
89 0.967741935484
4 0.833333333333
6 0.833333333333
1 0.833333333333
1 0.833333333333
6 0.916666666667
100 0.927536231884
1 0.833333333333
217 0.966666666667
193 1.0
15 0.833333333333
4 0.833333333333
41 0.986666666667
33 0.964285714286
3 0.916666666667
1 0.833333333333
2 0.833333333333
1 0.833333333333
56 0.982456140351
2 0.833333333333
2 0.833333333333
