6 0.675675675676
3 0.675675675676
2 0.675675675676
12 0.675675675676
4 0.722007722008
5 0.711711711712
8 0.675675675676
6 0.675675675676
2 0.675675675676
11 0.675675675676
12 0.675675675676
12 0.675675675676
7 0.675675675676
13 0.675675675676
13 0.708108108108
5 0.675675675676
12 0.675675675676
2 0.675675675676
10 0.675675675676
8 0.711711711712
10 0.675675675676
2 0.675675675676
10 0.716216216216
6 0.675675675676
7 0.675675675676
1 0.675675675676
11 0.711711711712
12 0.675675675676
10 0.675675675676
12 0.675675675676
4 0.740540540541
13 0.711711711712
11 0.711711711712
10 0.711711711712
10 0.700623700624
3 0.675675675676
12 0.675675675676
10 0.694753577107
9 0.675675675676
1 0.675675675676
2 0.675675675676
10 0.756756756757
12 0.722007722008
9 0.675675675676
2 0.675675675676
1 0.675675675676
13 0.722007722008
4 0.675675675676
13 0.675675675676
9 0.722007722008
5 0.675675675676
5 0.675675675676
9 0.70515970516
11 0.711711711712
11 0.675675675676
10 0.70515970516
9 0.675675675676
4 0.722007722008
8 0.70515970516
8 0.675675675676
6 0.675675675676
12 0.675675675676
7 0.740540540541
11 0.692745376956
9 0.72972972973
12 0.675675675676
2 0.675675675676
2 0.675675675676
4 0.675675675676
2 0.675675675676
9 0.675675675676
13 0.675675675676
8 0.675675675676
12 0.675675675676
5 0.675675675676
13 0.675675675676
12 0.722007722008
2 0.675675675676
4 0.675675675676
3 0.675675675676
11 0.675675675676
7 0.675675675676
3 0.675675675676
5 0.675675675676
4 0.675675675676
8 0.675675675676
11 0.675675675676
5 0.675675675676
6 0.675675675676
5 0.711711711712
6 0.70515970516
11 0.675675675676
10 0.675675675676
1 0.675675675676
1 0.675675675676
8 0.675675675676
10 0.70515970516
13 0.675675675676
4 0.675675675676
5 0.675675675676
3 0.675675675676
5 0.675675675676
10 0.675675675676
10 0.70515970516
10 0.692745376956
11 0.675675675676
3 0.675675675676
8 0.675675675676
2 0.675675675676
7 0.675675675676
3 0.675675675676
10 0.675675675676
12 0.711711711712
2 0.675675675676
1 0.675675675676
13 0.675675675676
10 0.675675675676
6 0.675675675676
13 0.700623700624
11 0.675675675676
1 0.675675675676
8 0.675675675676
2 0.675675675676
2 0.675675675676
9 0.675675675676
8 0.675675675676
10 0.675675675676
12 0.675675675676
3 0.675675675676
2 0.675675675676
10 0.675675675676
9 0.675675675676
5 0.675675675676
7 0.675675675676
1 0.675675675676
10 0.700623700624
10 0.740540540541
5 0.711711711712
7 0.70515970516
3 0.675675675676
9 0.70515970516
9 0.756756756757
13 0.694753577107
8 0.675675675676
11 0.72972972973
7 0.722007722008
7 0.70515970516
6 0.675675675676
8 0.675675675676
11 0.756756756757
6 0.675675675676
2 0.675675675676
8 0.697297297297
9 0.675675675676
3 0.675675675676
4 0.675675675676
5 0.675675675676
10 0.722007722008
10 0.675675675676
6 0.675675675676
9 0.697297297297
8 0.675675675676
10 0.675675675676
6 0.675675675676
6 0.675675675676
12 0.75051975052
12 0.722007722008
9 0.697297297297
2 0.675675675676
10 0.675675675676
4 0.722007722008
2 0.675675675676
13 0.675675675676
4 0.675675675676
5 0.675675675676
1 0.675675675676
1 0.675675675676
7 0.711711711712
7 0.675675675676
3 0.675675675676
1 0.675675675676
7 0.675675675676
1 0.675675675676
4 0.675675675676
18 0.675675675676
40 0.680823680824
2 0.675675675676
3 0.675675675676
28 0.722007722008
10 0.675675675676
2 0.675675675676
1 0.675675675676
67 0.675675675676
3 0.675675675676
1 0.675675675676
1 0.675675675676
138 0.675675675676
54 0.694753577107
6 0.675675675676
18 0.675675675676
70 0.675675675676
3 0.675675675676
253 0.708108108108
9 0.722007722008
334 0.711711711712
154 0.722007722008
1 0.675675675676
1 0.675675675676
17 0.675675675676
1 0.675675675676
1 0.675675675676
1 0.675675675676
1 0.675675675676
28 0.700623700624
1 0.675675675676
168 0.675675675676
1 0.675675675676
214 0.676435217419
2 0.675675675676
11 0.675675675676
273 0.675675675676
12 0.675675675676
1 0.675675675676
8 0.697297297297
389 0.722007722008
1 0.675675675676
1 0.675675675676
143 0.686859273066
10 0.675675675676
1 0.675675675676
1 0.675675675676
15 0.687687687688
1 0.675675675676
17 0.675675675676
353 0.675675675676
7 0.675675675676
1 0.675675675676
385 0.689776733255
1 0.675675675676
248 0.75051975052
1 0.675675675676
1 0.675675675676
333 0.711711711712
1 0.675675675676
1 0.675675675676
1 0.675675675676
1 0.675675675676
23 0.722007722008
237 0.685095884266
4 0.675675675676
3 0.740540540541
38 0.675675675676
1 0.675675675676
1 0.675675675676
171 0.692745376956
1 0.675675675676
1 0.675675675676
3 0.675675675676
8 0.675675675676
226 0.675675675676
1 0.675675675676
1 0.675675675676
1 0.675675675676
114 0.740540540541
