3 22 95 30000 1
9 2 57 48210 0
10 12 222 100000 1
4 3 55 25899 0
7 15 125 70000 1
6 29 123 60000 1
5 23 130 50000 1
8 15 217 80000 1
4 4 83 37154 0
11 6 123 73144 0
6 19 150 60000 1
6 37 125 60000 1
11 13 202 110000 1
1 1 20 3057 0
6 18 124 60000 1
5 22 134 50000 1
5 4 78 50000 1
6 17 123 60000 1
9 16 188 90000 1
4 8 95 40000 1
5 23 118 50000 1
8 4 112 80000 1
12 11 185 120000 1
6 21 162 60000 1
12 19 248 120000 1
12 6 103 51155 0
7 3 64 40216 0
8 11 170 80000 1
8 11 135 80000 1
12 25 183 120000 1
7 22 122 70000 1
12 26 175 120000 1
9 28 195 90000 1
6 16 120 60000 1
6 7 116 60000 1
2 8 73 20000 1
1 14 71 10000 1
1 17 73 10000 1
4 24 143 40000 1
5 29 136 50000 1
7 21 159 70000 1
9 22 175 90000 1
2 7 85 19096 0
10 6 132 100000 1
2 2 37 10246 0
10 4 73 49576 0
5 19 132 50000 1
7 1 24 19643 0
3 12 102 30000 1
13 7 163 130000 1
5 11 113 50000 1
13 3 110 124476 0
7 25 179 70000 1
8 4 110 75547 0
7 5 140 70000 1
9 2 78 41210 0
5 2 26 18217 0
13 13 215 130000 1
6 1 30 14913 0
6 11 125 60000 1
3 1 26 8927 0
8 19 179 80000 1
2 4 75 20000 1
7 23 136 70000 1
6 19 146 60000 1
4 6 85 40000 1
9 18 143 90000 1
6 3 67 49681 0
9 2 49 38449 0
9 13 170 90000 1
12 1 30 28455 0
6 16 144 60000 1
1 20 69 10000 1
2 9 87 20000 1
13 4 93 76151 0
2 25 77 20000 1
1 5 64 9395 0
5 7 116 50000 1
13 4 119 103499 0
7 8 120 70000 1
4 3 69 25425 0
5 10 118 50000 1
10 21 235 100000 1
5 17 127 50000 1
13 1 30 33735 0
2 6 72 18579 0
5 3 62 31517 0
2 5 71 20000 1
9 16 118 90000 1
2 18 101 20000 1
10 12 137 100000 1
5 1 16 12472 0
4 4 88 33521 0
4 17 142 40000 1
1 1 14 2715 0
4 19 99 40000 1
12 22 216 120000 1
11 5 95 90088 0
1 3 41 7003 0
3 29 105 30000 1
4 24 116 40000 1
11 2 34 31253 0
10 8 146 86827 0
8 16 192 80000 1
6 11 101 60000 1
9 8 147 90000 1
12 5 130 120000 1
6 20 126 60000 1
2 27 88 20000 1
5 16 159 50000 1
5 13 147 50000 1
3 17 94 30000 1
13 19 260 130000 1
4 9 129 40000 1
10 18 215 100000 1
7 17 123 70000 1
5 26 129 50000 1
5 26 110 50000 1
11 3 93 102798 0
10 22 205 100000 1
3 16 86 30000 1
12 32 303 120000 1
4 9 125 40000 1
8 2 74 54115 0
2 12 83 20000 1
9 12 131 90000 1
9 20 131 90000 1
8 1 21 14851 0
5 5 116 50000 1
4 10 111 31573 0
13 4 135 130000 1
3 23 101 30000 1
2 8 74 20000 1
12 13 212 120000 1
11 12 189 110000 1
8 1 28 17630 0
10 2 57 53028 0
9 18 175 90000 1
6 15 117 60000 1
4 6 76 28450 0
6 5 117 52392 0
5 25 124 50000 1
12 5 192 120000 1
13 25 303 130000 1
10 10 160 100000 1
2 1 20 6555 0
3 15 125 30000 1
9 35 214 90000 1
8 25 147 80000 1
5 7 101 50000 1
3 19 111 30000 1
12 35 272 120000 1
5 9 119 50000 1
9 12 132 90000 1
4 19 114 40000 1
11 30 258 110000 1
12 24 224 120000 1
3 7 84 24107 0
13 8 178 130000 1
5 31 116 50000 1
8 1 31 23688 0
13 1 24 19498 0
10 2 61 46600 0
7 3 60 43917 0
7 8 99 70000 1
2 13 91 20000 1
8 19 160 80000 1
13 28 205 130000 1
4 10 88 40000 1
10 13 173 100000 1
7 23 150 70000 1
9 40 205 90000 1
3 19 100 30000 1
11 29 180 110000 1
12 11 183 120000 1
3 9 118 30000 1
8 7 179 80000 1
13 3 136 125980 0
9 7 136 90000 1
7 27 152 70000 1
1 3 39 5372 0
11 6 159 110000 1
2 6 78 19651 0
62 22 1092 620000 1
6 5 121 60000 1
6 1 23 13776 0
1 6 66 8504 0
1 18 86 10000 1
1 11 62 10000 1
1 6 61 10000 1
1 17 68 10000 1
35 23 583 350000 1
3 27 102 30000 1
8 6 96 42359 0
5 5 95 48778 0
28 7 303 280000 1
1 1 14 2753 0
157 12 1626 1570000 1
1 1 18 2930 0
8 16 171 80000 1
33 1 43 70055 0
1 1 18 2620 0
135 1 12 13345 0
1 4 66 10000 1
13 14 179 130000 1
2 6 57 8503 0
2 2 42 10793 0
1 17 75 10000 1
64 8 775 640000 1
53 12 779 530000 1
1 8 76 10000 1
214 2 60 73690 0
1 19 69 10000 1
1 1 19 2357 0
1 17 66 10000 1
1 6 70 10000 1
1 9 64 10000 1
1 1 12 1936 0
1 10 70 10000 1
1 6 63 6419 0
1 7 78 10000 1
1 5 64 10000 1
75 19 1153 750000 1
126 18 871 1260000 1
1 24 82 10000 1
11 8 175 110000 1
2 15 80 20000 1
99 17 1239 990000 1
113 4 595 1130000 1
37 1 56 49140 0
3 11 73 30000 1
21 13 255 210000 1
1 13 69 10000 1
310 13 3427 3100000 1
1 11 79 10000 1
1 1 18 2149 0
1 2 41 5369 0
181 3 72 90012 0
91 7 843 910000 1
1 14 70 10000 1
35 14 510 350000 1
2 7 74 20000 1
122 8 1051 1220000 1
1 1 16 2289 0
1 3 43 7106 0
1 5 52 6821 0
1 15 66 10000 1
1 10 64 10000 1
1 18 73 10000 1
5 22 123 50000 1
1 7 86 10000 1
1 22 80 10000 1
35 7 250 147515 0
1 2 37 5537 0
1 1 9 1451 0
8 14 138 80000 1
1 15 74 10000 1
15 25 295 150000 1
1 19 64 10000 1
32 13 359 320000 1
1 8 74 10000 1
2 8 74 20000 1
2 17 88 20000 1
351 11 3110 3510000 1
