3 0.789473684211
9 2.11447368421
10 1.12612612613
4 1.17722727273
7 1.4
6 1.21951219512
5 0.961538461538
8 0.921658986175
4 1.11909638554
11 1.48666666667
6 1.0
6 1.2
11 1.36138613861
1 0.382125
6 1.20967741935
5 0.932835820896
5 1.60256410256
6 1.21951219512
9 1.19680851064
4 1.05263157895
5 1.0593220339
8 1.78571428571
12 1.62162162162
6 0.925925925926
12 1.20967741935
12 1.24162621359
7 1.5709375
8 1.17647058824
8 1.48148148148
12 1.6393442623
7 1.43442622951
12 1.71428571429
9 1.15384615385
6 1.25
6 1.29310344828
2 0.684931506849
1 0.352112676056
1 0.342465753425
4 0.699300699301
5 0.919117647059
7 1.10062893082
9 1.28571428571
2 0.561647058824
10 1.89393939394
2 0.692297297297
10 1.69780821918
5 0.94696969697
7 2.04614583333
3 0.735294117647
13 1.99386503067
5 1.10619469027
13 2.829
7 0.977653631285
8 1.71697727273
7 1.25
9 1.32083333333
5 1.75163461538
13 1.51162790698
6 1.24275
6 1.2
3 0.858365384615
8 1.11731843575
2 0.666666666667
7 1.28676470588
6 1.02739726027
4 1.17647058824
9 1.57342657343
6 1.85376865672
9 1.96168367347
9 1.32352941176
12 2.37125
6 1.04166666667
1 0.36231884058
2 0.574712643678
13 2.04706989247
2 0.649350649351
1 0.3669921875
5 1.0775862069
13 2.1743487395
7 1.45833333333
4 0.921195652174
5 1.0593220339
10 1.06382978723
5 0.984251968504
13 2.81125
2 0.645104166667
5 1.27084677419
2 0.704225352113
9 1.90677966102
2 0.49504950495
10 1.82481751825
5 1.94875
4 0.952301136364
4 0.704225352113
1 0.484821428571
4 1.0101010101
12 1.38888888889
11 2.37073684211
1 0.427012195122
3 0.714285714286
4 0.862068965517
11 2.29801470588
10 1.48676369863
8 1.04166666667
6 1.48514851485
9 1.5306122449
12 2.30769230769
6 1.19047619048
2 0.568181818182
5 0.786163522013
5 0.850340136054
3 0.797872340426
13 1.25
4 0.77519379845
10 1.16279069767
7 1.42276422764
5 0.968992248062
5 1.13636363636
11 2.76338709677
10 1.21951219512
3 0.872093023256
12 0.990099009901
4 0.8
8 1.82820945946
2 0.602409638554
9 1.71755725191
9 1.71755725191
8 1.76797619048
5 1.0775862069
4 0.711103603604
13 2.40740740741
3 0.742574257426
2 0.675675675676
12 1.41509433962
11 1.45502645503
8 1.57410714286
10 2.32578947368
9 1.28571428571
6 1.28205128205
4 0.935855263158
6 1.11948717949
5 1.00806451613
12 1.5625
13 1.07260726073
10 1.5625
2 0.819375
3 0.6
9 1.05140186916
8 1.36054421769
5 1.23762376238
3 0.675675675676
12 1.10294117647
5 1.05042016807
9 1.70454545455
4 0.877192982456
11 1.06589147287
12 1.33928571429
3 0.717470238095
13 1.82584269663
5 1.0775862069
8 1.91032258065
13 2.03104166667
10 1.90983606557
7 1.829875
7 1.76767676768
2 0.549450549451
8 1.25
13 1.58536585366
4 1.13636363636
10 1.4450867052
7 1.16666666667
9 1.09756097561
3 0.75
11 1.52777777778
12 1.6393442623
3 0.635593220339
8 1.11731843575
13 2.31580882353
9 1.65441176471
7 1.15131578947
1 0.344358974359
11 1.72955974843
2 0.62983974359
62 1.41941391941
6 1.23966942149
6 1.49739130435
1 0.322121212121
1 0.290697674419
1 0.403225806452
1 0.409836065574
1 0.367647058824
35 1.50085763293
3 0.735294117647
8 1.10309895833
5 1.28363157895
28 2.3102310231
1 0.491607142857
157 2.41389913899
1 0.406944444444
8 1.16959064327
33 4.07296511628
1 0.363888888889
135 2.78020833333
1 0.378787878788
13 1.8156424581
2 0.372938596491
2 0.64244047619
1 0.333333333333
64 2.06451612903
53 1.70089858793
1 0.328947368421
214 3.07041666667
1 0.36231884058
1 0.310131578947
1 0.378787878788
1 0.357142857143
1 0.390625
1 0.403333333333
1 0.357142857143
1 0.254722222222
1 0.320512820513
1 0.390625
75 1.6261925412
126 3.61653272101
1 0.30487804878
11 1.57142857143
2 0.625
99 1.99757869249
113 4.74789915966
37 2.19375
3 1.02739726027
21 2.05882352941
1 0.36231884058
310 2.26145316603
1 0.316455696203
1 0.298472222222
1 0.32737804878
181 3.12541666667
91 2.69869513642
1 0.357142857143
35 1.71568627451
2 0.675675675676
122 2.90199809705
1 0.35765625
1 0.413139534884
1 0.327932692308
1 0.378787878788
1 0.390625
1 0.342465753425
5 1.0162601626
1 0.290697674419
1 0.3125
35 1.47515
1 0.374121621622
1 0.403055555556
8 1.44927536232
1 0.337837837838
15 1.27118644068
1 0.390625
32 2.22841225627
1 0.337837837838
2 0.675675675676
2 0.568181818182
351 2.82154340836
