11 1 21 25985 0
4 1 18 15500 0
7 23 127 70000 1
7 9 100 70000 1
4 3 51 33548 0
13 7 116 130000 1
7 4 82 70000 1
2 3 41 17573 0
6 22 88 60000 1
9 15 116 90000 1
2 12 63 20000 1
12 22 172 120000 1
13 22 164 130000 1
9 23 119 90000 1
7 4 73 70000 1
5 22 103 50000 1
12 13 147 120000 1
8 14 169 80000 1
12 5 123 120000 1
7 15 126 70000 1
7 12 112 70000 1
2 6 49 20000 1
2 10 62 20000 1
10 18 123 100000 1
3 13 55 30000 1
2 2 53 20000 1
5 5 65 50000 1
2 8 59 20000 1
11 12 102 110000 1
6 7 92 60000 1
8 20 112 80000 1
5 20 85 50000 1
1 5 39 10000 1
2 1 24 12164 0
2 10 62 20000 1
9 12 132 90000 1
8 13 139 80000 1
3 5 62 30000 1
11 13 118 110000 1
13 3 94 130000 1
10 14 118 100000 1
2 1 22 9182 0
5 10 85 50000 1
1 1 16 4085 0
12 6 98 120000 1
7 16 117 70000 1
3 8 44 30000 1
5 10 89 50000 1
13 20 247 130000 1
4 1 28 19968 0
2 4 61 20000 1
12 8 96 120000 1
11 1 31 49415 0
7 9 110 70000 1
8 21 125 80000 1
7 3 98 70000 1
5 20 80 50000 1
5 11 77 50000 1
7 9 76 70000 1
11 7 91 110000 1
11 13 91 110000 1
3 7 62 30000 1
1 10 66 10000 1
7 8 98 70000 1
3 17 61 30000 1
1 6 48 10000 1
9 2 60 90000 1
9 1 44 49861 0
2 3 51 16558 0
12 8 139 120000 1
3 20 51 30000 1
12 4 80 120000 1
5 18 94 50000 1
4 4 60 40000 1
12 8 151 120000 1
9 6 94 90000 1
10 6 94 100000 1
3 4 54 30000 1
12 10 144 120000 1
10 8 123 100000 1
4 5 63 40000 1
13 10 160 130000 1
7 8 94 70000 1
2 12 62 20000 1
11 24 140 110000 1
7 4 85 70000 1
1 5 68 10000 1
6 4 69 60000 1
11 9 103 110000 1
4 12 83 40000 1
8 7 109 80000 1
4 8 75 40000 1
4 12 67 40000 1
8 13 110 80000 1
1 3 38 10000 1
11 12 174 110000 1
5 18 119 50000 1
6 14 67 60000 1
11 15 133 110000 1
4 18 79 40000 1
3 8 69 30000 1
4 7 70 40000 1
10 4 87 100000 1
2 9 45 20000 1
13 5 91 130000 1
8 16 83 80000 1
5 11 60 50000 1
12 1 50 67244 0
8 1 28 34946 0
2 1 28 11250 0
12 5 96 120000 1
9 4 79 90000 1
8 5 89 80000 1
5 1 49 38048 0
1 7 56 10000 1
9 4 68 62313 0
9 14 97 90000 1
11 20 136 110000 1
9 14 133 90000 1
12 7 125 120000 1
11 8 135 110000 1
2 1 39 15513 0
12 21 144 120000 1
8 5 73 80000 1
8 5 86 80000 1
7 20 110 70000 1
1 1 32 5670 0
14 4 103 140000 1
5 13 63 50000 1
8 5 122 80000 1
3 4 56 30000 1
6 18 107 60000 1
1 1 15 3828 0
1 1 31 6182 0
11 12 153 110000 1
11 6 179 110000 1
4 8 79 40000 1
9 10 129 90000 1
1 5 43 10000 1
8 17 94 80000 1
5 1 24 21175 0
12 4 108 120000 1
4 4 70 40000 1
9 6 180 90000 1
4 1 38 28297 0
8 1 24 23382 0
7 10 87 70000 1
3 7 45 30000 1
8 12 118 80000 1
11 12 110 110000 1
4 4 62 40000 1
13 6 94 130000 1
13 18 146 130000 1
8 14 88 80000 1
7 16 89 70000 1
2 20 68 20000 1
10 1 33 59075 0
12 10 129 120000 1
3 19 56 30000 1
2 1 36 11745 0
7 6 79 70000 1
9 8 82 90000 1
6 9 71 60000 1
13 12 169 130000 1
9 2 56 75715 0
5 9 102 50000 1
1 12 55 10000 1
2 17 50 20000 1
13 10 123 130000 1
10 5 107 100000 1
12 15 170 120000 1
6 12 103 60000 1
2 9 56 20000 1
10 4 127 100000 1
6 8 98 60000 1
9 1 41 56817 0
8 6 97 80000 1
2 1 24 11341 0
13 3 85 130000 1
7 23 119 70000 1
12 22 180 120000 1
9 25 162 90000 1
16 7 186 160000 1
156 10 1173 1560000 1
1 1 26 5743 0
7 9 85 70000 1
69 24 694 690000 1
1 4 40 10000 1
250 1 58 250060 0
2 8 95 20000 1
1 1 24 5355 0
237 19 2550 2370000 1
16 12 188 160000 1
1 4 42 10000 1
12 5 114 120000 1
96 23 720 960000 1
111 19 1107 1110000 1
1 2 47 10000 1
2 7 47 20000 1
1 10 52 10000 1
25 9 217 250000 1
1 1 14 3204 0
1 10 71 10000 1
84 2 92 251959 0
1 1 27 5134 0
37 8 319 370000 1
10 18 150 100000 1
2 18 61 20000 1
1 1 19 4861 0
149 18 1918 1490000 1
2 19 58 20000 1
25 15 315 250000 1
1 3 46 10000 1
3 1 23 13360 0
1 7 54 10000 1
81 14 1085 810000 1
1 2 46 10000 1
92 3 374 920000 1
1 1 31 5336 0
60 18 587 600000 1
23 3 142 230000 1
2 7 70 20000 1
4 3 51 40000 1
5 10 73 50000 1
21 18 283 210000 1
40 17 380 400000 1
2 2 38 14410 0
1 4 45 10000 1
8 7 95 80000 1
264 1 49 122985 0
3 7 64 30000 1
38 19 487 380000 1
6 6 79 60000 1
1 10 45 10000 1
3 15 59 30000 1
2 12 59 20000 1
27 13 315 270000 1
1 8 46 10000 1
2 6 52 20000 1
1 2 39 10000 1
5 2 65 50000 1
1 4 44 10000 1
1 2 38 8845 0
14 11 149 140000 1
158 4 819 1580000 1
5 15 83 50000 1
1 1 32 6819 0
215 27 2091 2150000 1
20 27 303 200000 1
12 2 95 120000 1
1 6 58 10000 1
90 13 692 900000 1
4 4 59 40000 1
4 6 67 40000 1
1 1 25 5721 0
11 4 115 110000 1
364 17 2661 3640000 1
1 7 45 10000 1
14 1 39 68787 0
43 7 239 430000 1
269 14 2549 2690000 1
9 8 81 90000 1
3 14 88 30000 1
2 1 25 10650 0
