11 2.20960884354
4 1.5376984127
7 0.984251968504
7 1.25
4 1.17464985994
13 2.00123152709
7 1.5243902439
2 0.76537456446
6 1.21753246753
9 1.3854679803
2 0.566893424036
12 1.24584717608
13 1.41550522648
9 1.35054021609
7 1.71232876712
5 0.866851595007
12 1.45772594752
8 0.845308537616
12 1.74216027875
7 0.992063492063
7 1.11607142857
2 0.728862973761
2 0.576036866359
10 1.45180023229
3 0.974025974026
2 0.673854447439
5 1.37362637363
2 0.605326876513
11 1.92577030812
6 1.16459627329
8 1.27551020408
5 1.05042016807
1 0.457875457875
2 0.90505952381
2 0.576036866359
9 1.21753246753
8 1.02774922919
3 0.864055299539
11 1.66464891041
13 2.46960486322
10 1.51331719128
2 0.745292207792
5 1.05042016807
1 0.455915178571
12 2.18658892128
7 1.06837606838
3 1.21753246753
5 1.00321027287
13 0.93984962406
4 1.27346938776
2 0.585480093677
12 2.23214285714
11 2.84648617512
7 1.13636363636
8 1.14285714286
7 1.27551020408
5 1.11607142857
5 1.15955473098
7 1.64473684211
11 2.15855572998
11 2.15855572998
3 0.864055299539
1 0.270562770563
7 1.27551020408
3 0.878220140515
1 0.372023809524
9 2.67857142857
9 2.02357954545
2 0.579761904762
12 1.54162384378
3 1.05042016807
12 2.67857142857
5 0.949848024316
4 1.19047619048
12 1.41911069063
9 1.70972644377
10 1.89969604863
3 0.992063492063
12 1.4880952381
10 1.45180023229
4 1.13378684807
13 1.45089285714
7 1.32978723404
2 0.576036866359
11 1.40306122449
7 1.47058823529
1 0.262605042017
6 1.55279503106
11 1.90707350902
4 0.860585197935
8 1.31061598952
4 0.952380952381
4 1.06609808102
8 1.2987012987
1 0.46992481203
11 1.1288998358
5 0.750300120048
6 1.59914712154
11 1.47690655209
4 0.904159132007
3 0.776397515528
4 1.02040816327
10 2.05254515599
2 0.793650793651
13 2.55102040816
8 1.72117039587
5 1.4880952381
12 2.40157142857
8 2.22869897959
2 0.717474489796
12 2.23214285714
9 2.03435804702
8 1.6051364366
5 1.38658892128
1 0.31887755102
9 1.63637079832
9 1.65684830633
11 1.44432773109
9 1.20837808808
12 1.71428571429
11 1.45502645503
2 0.710302197802
12 1.4880952381
8 1.95694716243
8 1.66112956811
7 1.13636363636
1 0.31640625
14 2.42718446602
5 1.41723356009
8 1.17096018735
3 0.956632653061
6 1.00133511348
1 0.455714285714
1 0.356105990783
11 1.28384687208
11 1.09736632083
4 0.904159132007
9 1.24584717608
1 0.415282392027
8 1.51975683891
5 1.57552083333
12 1.98412698413
4 1.02040816327
9 0.892857142857
4 1.3297462406
8 1.73973214286
7 1.4367816092
3 1.19047619048
8 1.21065375303
11 1.78571428571
4 1.15207373272
13 2.46960486322
13 1.59001956947
8 1.62337662338
7 1.40449438202
2 0.525210084034
10 3.1966991342
12 1.66112956811
3 0.956632653061
2 0.582589285714
7 1.58227848101
9 1.95993031359
6 1.50905432596
13 1.37362637363
9 2.41438137755
5 0.875350140056
1 0.324675324675
2 0.714285714286
13 1.88734030197
10 1.66889185581
12 1.26050420168
6 1.04022191401
2 0.637755102041
10 1.40607424072
6 1.09329446064
9 2.47460801394
8 1.47275405007
2 0.843824404762
13 2.73109243697
7 1.05042016807
12 1.19047619048
9 0.992063492063
16 1.53609831029
156 2.37486298867
1 0.394436813187
7 1.47058823529
69 1.77542198436
1 0.446428571429
250 7.69889162562
2 0.375939849624
1 0.3984375
237 1.65966386555
16 1.51975683891
1 0.425170068027
12 1.87969924812
96 2.38095238095
111 1.79055361982
1 0.379939209726
2 0.759878419453
1 0.343406593407
25 2.05727452271
1 0.408673469388
1 0.251509054326
84 4.89050854037
1 0.33955026455
37 2.07120465741
10 1.19047619048
2 0.585480093677
1 0.456860902256
149 1.38723372561
2 0.615763546798
25 1.41723356009
1 0.388198757764
3 1.03726708075
1 0.330687830688
81 1.33311389072
1 0.388198757764
92 4.39266615737
1 0.307373271889
60 1.82526162083
23 2.89235412475
2 0.510204081633
4 1.40056022409
5 1.22309197652
21 1.32508833922
40 1.87969924812
2 0.677161654135
1 0.396825396825
8 1.5037593985
264 4.4819606414
3 0.837053571429
38 1.39337048988
6 1.35623869801
1 0.396825396825
3 0.90799031477
2 0.605326876513
27 1.5306122449
1 0.388198757764
2 0.686813186813
1 0.457875457875
5 1.37362637363
1 0.405844155844
1 0.415648496241
14 1.67785234899
158 3.44496773068
5 1.07573149742
1 0.380524553571
215 1.83610029378
20 1.1786892975
12 2.25563909774
1 0.307881773399
90 2.32246077622
4 1.21065375303
4 1.06609808102
1 0.408642857143
11 1.70807453416
364 2.44269071778
1 0.396825396825
14 3.14958791209
43 3.21279139271
269 1.88449251807
9 1.98412698413
3 0.608766233766
2 0.760714285714
