5 17 89 50000 1
10 6 93 100000 1
10 18 121 100000 1
4 15 100 40000 1
6 19 90 60000 1
7 21 104 70000 1
9 8 86 90000 1
11 8 99 110000 1
8 5 83 80000 1
6 8 87 60000 1
4 2 44 40000 1
13 1 26 73239 0
7 21 114 70000 1
9 6 115 90000 1
11 7 106 110000 1
5 8 42 50000 1
12 10 111 120000 1
5 17 66 50000 1
12 20 90 120000 1
3 10 40 30000 1
4 6 43 40000 1
10 7 123 100000 1
1 3 41 10000 1
4 11 67 40000 1
6 5 71 60000 1
9 3 65 90000 1
13 9 155 130000 1
8 4 83 80000 1
13 11 115 130000 1
8 7 132 80000 1
11 10 135 110000 1
6 7 92 60000 1
9 2 82 90000 1
2 11 56 20000 1
6 14 96 60000 1
9 1 23 40873 0
6 15 123 60000 1
12 19 152 120000 1
11 8 90 110000 1
9 10 151 90000 1
6 12 97 60000 1
2 1 25 15783 0
3 1 33 22996 0
5 9 91 50000 1
3 9 92 30000 1
7 7 95 70000 1
6 1 36 43630 0
3 8 63 30000 1
3 5 52 30000 1
10 14 147 100000 1
11 8 99 110000 1
10 9 121 100000 1
10 1 29 51796 0
12 2 88 120000 1
12 10 162 120000 1
2 2 53 20000 1
8 1 33 46006 0
12 9 126 120000 1
8 1 45 56157 0
3 1 28 19243 0
4 2 36 40000 1
10 1 32 50864 0
4 2 42 40000 1
2 4 43 20000 1
5 5 65 50000 1
5 1 39 40567 0
4 3 52 40000 1
6 14 113 60000 1
1 5 45 10000 1
9 10 63 90000 1
12 5 109 120000 1
9 11 73 90000 1
9 15 138 90000 1
6 11 45 60000 1
2 1 23 13705 0
1 1 20 5551 0
8 13 112 80000 1
8 4 83 80000 1
13 11 123 130000 1
3 1 26 18829 0
1 4 43 10000 1
9 1 17 35820 0
8 21 119 80000 1
11 22 147 110000 1
3 15 64 30000 1
12 20 162 120000 1
4 15 81 40000 1
4 11 56 40000 1
7 3 53 70000 1
11 6 127 110000 1
12 22 233 120000 1
7 12 139 70000 1
4 5 54 40000 1
4 16 74 40000 1
4 3 47 40000 1
6 1 33 38185 0
3 11 38 30000 1
8 13 111 80000 1
14 2 55 132254 0
8 8 75 80000 1
4 1 25 30614 0
13 8 139 130000 1
7 1 29 40340 0
10 23 254 100000 1
6 7 82 60000 1
8 1 16 28781 0
6 12 123 60000 1
3 13 61 30000 1
3 10 51 30000 1
9 5 92 90000 1
6 1 48 50669 0
12 1 30 61551 0
1 2 28 10000 1
12 10 154 120000 1
4 1 25 22856 0
10 1 28 56474 0
6 11 104 60000 1
10 13 135 100000 1
1 2 39 10000 1
11 10 120 110000 1
10 3 60 100000 1
10 19 102 100000 1
10 2 55 100000 1
4 16 59 40000 1
6 11 116 60000 1
11 12 200 110000 1
2 13 56 20000 1
4 12 95 40000 1
1 1 20 5242 0
2 6 52 20000 1
10 20 119 100000 1
13 19 155 130000 1
3 7 62 30000 1
5 3 48 50000 1
3 1 35 23560 0
10 3 69 100000 1
9 4 77 90000 1
6 3 64 60000 1
1 1 33 7857 0
12 15 139 120000 1
6 2 61 60000 1
3 11 73 30000 1
11 11 133 110000 1
6 3 60 60000 1
12 2 57 120000 1
8 16 136 80000 1
5 16 89 50000 1
7 6 85 70000 1
5 1 27 38634 0
11 1 49 110000 1
9 3 83 90000 1
9 7 112 90000 1
10 3 98 100000 1
10 7 105 100000 1
5 16 127 50000 1
6 4 66 60000 1
1 6 38 10000 1
8 1 44 44462 0
2 12 69 20000 1
11 11 162 110000 1
13 11 161 130000 1
8 3 69 80000 1
1 3 41 10000 1
9 2 74 90000 1
13 9 146 130000 1
3 3 68 30000 1
2 1 35 16880 0
9 4 113 90000 1
4 3 50 40000 1
11 3 73 110000 1
10 15 145 100000 1
1 3 38 10000 1
8 8 117 80000 1
3 2 38 30000 1
13 9 142 130000 1
2 12 59 20000 1
10 9 94 100000 1
8 3 109 80000 1
7 9 53 70000 1
11 2 65 110000 1
9 14 160 90000 1
11 1 34 73711 0
26 7 255 260000 1
7 5 83 70000 1
56 3 246 560000 1
1 1 28 8029 0
1 5 48 10000 1
20 12 225 200000 1
1 8 36 10000 1
13 5 95 130000 1
1 1 23 6826 0
103 2 328 1030000 1
1 1 26 7324 0
283 6 1730 2830000 1
1 11 37 10000 1
161 3 615 1610000 1
2 2 39 20000 1
1 10 41 10000 1
66 1 58 183752 0
10 19 144 100000 1
1 1 23 7144 0
1 7 36 10000 1
1 2 30 10000 1
1 6 66 10000 1
94 7 717 940000 1
2 7 55 20000 1
1 8 43 10000 1
1 1 30 8243 0
1 9 44 10000 1
42 1 31 123861 0
1 9 42 10000 1
9 14 139 90000 1
4 1 32 31091 0
121 9 615 1210000 1
306 20 4431 3060000 1
3 5 46 30000 1
107 8 940 1070000 1
1 9 41 10000 1
1 1 16 5739 0
5 4 54 50000 1
1 8 47 10000 1
2 9 35 20000 1
1 9 50 10000 1
3 1 31 24813 0
1 1 38 8933 0
1 2 39 10000 1
76 4 312 760000 1
37 17 311 370000 1
5 8 100 50000 1
1 1 40 10000 1
12 8 185 120000 1
3 6 60 30000 1
1 1 17 5022 0
1 1 33 8983 0
278 3 1028 2780000 1
82 5 523 820000 1
138 13 1303 1380000 1
15 2 73 150000 1
2 4 58 20000 1
1 8 44 10000 1
1 2 36 10000 1
1 2 43 10000 1
2 9 59 20000 1
1 4 34 10000 1
1 6 32 10000 1
27 1 33 99960 0
18 13 219 180000 1
1 1 21 7550 0
1 1 34 7791 0
47 2 145 470000 1
4 2 38 40000 1
1 10 45 10000 1
1 4 37 10000 1
1 9 38 10000 1
1 9 39 10000 1
1 1 29 7765 0
4 1 34 24315 0
1 9 42 10000 1
2 7 50 20000 1
7 4 66 70000 1
164 9 831 1640000 1
1 6 39 10000 1
13 10 197 130000 1
1 1 25 6346 0
