4 1 13 3900 0
3 13 102 30000 1
3 12 77 22900 0
9 1 9 2700 0
2 27 68 20000 1
4 14 136 40000 1
5 15 170 50000 1
9 6 77 22900 0
6 30 204 60000 1
8 4 55 16500 0
2 1 11 3300 0
9 19 306 90000 1
8 16 272 80000 1
8 7 163 48500 0
8 31 272 80000 1
5 8 82 24400 0
2 16 68 20000 1
9 15 261 77300 0
9 7 103 30900 0
6 15 204 60000 1
5 13 146 43200 0
2 30 68 20000 1
6 13 164 48800 0
8 2 25 7500 0
5 6 111 32900 0
9 22 306 90000 1
9 21 306 90000 1
2 13 65 19300 0
4 4 47 14100 0
2 17 68 20000 1
7 8 170 50600 0
7 5 67 20100 0
1 7 34 10000 1
7 12 141 41900 0
8 17 272 80000 1
9 13 196 58400 0
3 28 102 30000 1
5 2 24 7200 0
4 9 73 21700 0
2 5 51 15100 0
4 2 21 6300 0
1 12 34 10000 1
9 39 306 90000 1
7 1 22 6600 0
2 1 11 3300 0
8 14 199 59100 0
2 19 68 20000 1
3 5 90 26600 0
6 24 204 60000 1
9 11 105 31500 0
3 12 78 23200 0
1 21 34 10000 1
9 10 162 48000 0
6 8 121 35900 0
8 21 272 80000 1
9 10 136 40800 0
3 5 61 18100 0
5 6 57 17100 0
7 12 148 44000 0
2 21 68 20000 1
6 8 102 30400 0
3 17 102 30000 1
6 37 204 60000 1
1 20 34 10000 1
5 3 51 15300 0
3 14 102 30000 1
3 24 102 30000 1
1 3 19 5700 0
3 5 54 16000 0
5 5 58 17400 0
1 16 34 10000 1
4 6 103 30500 0
4 18 136 40000 1
7 16 211 62500 0
3 30 102 30000 1
6 7 103 30700 0
8 1 10 3000 0
2 16 68 20000 1
1 2 15 4500 0
9 1 23 6900 0
3 11 91 26900 0
8 5 81 24100 0
3 8 81 24100 0
1 15 34 10000 1
5 9 102 30400 0
2 14 68 20000 1
8 16 272 80000 1
5 2 34 10200 0
2 11 68 20000 1
3 21 102 30000 1
8 21 272 80000 1
5 8 71 21300 0
8 5 88 26400 0
3 3 35 10500 0
3 11 102 30000 1
1 23 34 10000 1
2 5 53 15700 0
9 9 141 41900 0
9 17 306 90000 1
7 19 221 65500 0
2 18 68 20000 1
6 12 161 47700 0
8 9 120 35800 0
7 4 78 23400 0
5 42 170 50000 1
6 18 204 60000 1
7 19 238 70000 1
9 3 24 7200 0
3 1 8 2400 0
9 45 306 90000 1
4 11 115 34100 0
5 2 24 7200 0
2 16 68 20000 1
6 19 204 60000 1
7 8 127 37700 0
5 18 170 50000 1
9 22 306 90000 1
3 3 28 8400 0
8 8 164 48800 0
5 19 170 50000 1
5 15 170 50000 1
6 7 55 16500 0
1 24 34 10000 1
8 1 24 7200 0
3 1 17 5100 0
10 18 340 100000 1
9 7 98 29400 0
9 10 144 43000 0
7 9 215 63500 0
9 3 37 11100 0
2 4 36 10800 0
5 19 170 50000 1
5 6 39 11700 0
8 12 272 80000 1
8 37 272 80000 1
8 20 272 80000 1
9 28 306 90000 1
5 6 80 23800 0
3 17 102 30000 1
2 9 68 20000 1
6 10 109 32500 0
5 31 170 50000 1
5 20 170 50000 1
3 2 23 6900 0
8 18 272 80000 1
5 6 67 19900 0
7 42 238 70000 1
9 18 306 90000 1
1 7 34 10000 1
2 4 37 11100 0
1 18 34 10000 1
3 2 23 6900 0
3 33 102 30000 1
2 23 68 20000 1
2 24 68 20000 1
4 2 24 7200 0
7 26 238 70000 1
8 43 272 80000 1
8 24 272 80000 1
2 2 19 5700 0
5 12 138 41000 0
9 19 306 90000 1
8 1 6 1800 0
6 41 204 60000 1
9 1 23 6900 0
2 11 68 20000 1
3 11 78 23200 0
9 19 306 90000 1
7 5 74 22200 0
5 1 13 3900 0
8 3 52 15600 0
3 3 33 9900 0
6 3 30 9000 0
2 4 54 16000 0
4 14 127 37500 0
3 14 102 30000 1
7 1 14 4200 0
6 4 97 29100 0
4 18 136 40000 1
3 6 61 18100 0
7 7 99 29500 0
3 17 102 30000 1
9 27 306 90000 1
3 10 102 30000 1
1 14 34 10000 1
1 23 34 10000 1
60 1 11 3300 0
8 18 238 70600 0
1 6 34 10000 1
25 1 8 2400 0
11 35 374 110000 1
1 1 11 3300 0
1 23 34 10000 1
17 5 49 14700 0
79 15 407 120500 0
1 4 23 6900 0
1 18 34 10000 1
9 31 306 90000 1
14 18 451 133100 0
1 21 34 10000 1
3 14 102 30000 1
1 1 9 2700 0
1 16 34 10000 1
6 35 204 60000 1
112 21 3808 1120000 1
213 4 144 43200 0
6 3 22 6600 0
8 10 201 59700 0
230 8 186 55200 0
1 28 34 10000 1
2 12 68 20000 1
12 12 316 93600 0
203 4 132 39600 0
19 16 646 190000 1
1 19 34 10000 1
225 4 93 27700 0
1 6 27 8100 0
3 1 11 3300 0
182 3 40 12000 0
31 20 430 127600 0
1 18 34 10000 1
75 11 179 53300 0
2 33 68 20000 1
5 31 170 50000 1
1 27 34 10000 1
3 2 17 5100 0
1 29 34 10000 1
5 5 69 20500 0
41 7 165 49300 0
7 42 238 70000 1
1 7 34 10000 1
1 29 34 10000 1
30 28 1020 300000 1
13 8 147 43500 0
25 9 262 78000 0
1 22 34 10000 1
1 17 34 10000 1
1 8 34 10000 1
151 2 45 13500 0
1 10 34 10000 1
1 21 34 10000 1
1 2 20 6000 0
22 18 600 178200 0
2 17 68 20000 1
1 6 34 10000 1
1 1 6 1800 0
1 10 34 10000 1
21 3 27 8100 0
154 14 461 137100 0
1 4 34 10000 1
1 22 34 10000 1
1 6 17 5100 0
1 1 5 1500 0
1 8 34 10000 1
24 18 562 165800 0
3 4 44 13200 0
6 27 204 60000 1
46 8 288 86000 0
6 18 204 60000 1
1 24 34 10000 1
16 6 140 42000 0
1 1 8 2400 0
28 4 61 18100 0
2 16 68 20000 1
