8 1.0
2 1.0
9 1.0
2 0.995464852608
6 0.992063492063
8 0.996598639456
3 1.0
4 1.0
7 0.992063492063
8 0.99395313681
2 0.992063492063
4 0.994047619048
1 0.992063492063
6 0.992063492063
6 0.992063492063
7 0.992063492063
2 0.992063492063
3 1.0
7 0.996151996152
3 1.0
4 0.995238095238
4 0.996927803379
6 1.0
3 0.992063492063
7 0.992063492063
7 0.997023809524
7 0.994157172071
9 0.992063492063
6 0.994659546061
8 0.992792792793
8 0.992063492063
8 1.0
6 0.992063492063
8 0.992063492063
1 1.0
2 1.0
9 1.0
2 0.992063492063
5 0.992063492063
6 0.995989974937
9 0.992063492063
2 0.992063492063
2 0.992063492063
9 0.992063492063
7 0.992063492063
5 0.992063492063
3 0.996598639456
7 0.992063492063
8 0.992063492063
7 0.992063492063
4 0.992063492063
5 0.992063492063
2 0.992063492063
7 0.992063492063
1 0.992063492063
4 1.0
4 0.992063492063
8 0.992063492063
3 0.995464852608
7 1.0
9 0.992063492063
1 1.0
2 1.0
7 0.992063492063
8 1.0
9 0.992063492063
4 0.993579454254
3 1.0
4 0.996336996337
6 0.992063492063
3 0.992063492063
5 0.995767195767
3 0.992063492063
9 0.995410212278
6 0.992063492063
3 0.992063492063
7 0.995464852608
8 0.994297120046
6 0.992063492063
9 0.994851994852
6 0.992063492063
7 0.992063492063
8 0.992063492063
3 0.996031746032
8 0.995198079232
6 0.992063492063
6 0.992063492063
4 0.992063492063
9 0.992063492063
8 0.992063492063
5 0.994285714286
8 0.9978106185
5 0.992063492063
6 0.996771589992
5 0.992063492063
7 1.0
8 0.994920634921
9 0.992063492063
4 0.992063492063
4 0.992063492063
7 0.992063492063
4 1.0
1 1.0
8 0.992063492063
9 0.992063492063
4 0.992063492063
3 0.992063492063
6 0.992063492063
5 0.993355481728
4 0.992063492063
4 0.992063492063
6 0.995238095238
5 0.997023809524
3 0.994987468672
8 0.992063492063
6 0.996031746032
7 0.992063492063
7 0.992063492063
7 0.996336996337
3 0.992063492063
8 0.992063492063
6 1.0
7 0.992063492063
5 0.992063492063
9 0.993162393162
1 0.992063492063
3 0.992063492063
5 0.996472663139
7 0.992063492063
8 0.992063492063
4 0.992063492063
6 1.0
6 0.992063492063
7 0.997278911565
1 0.992063492063
5 0.992063492063
1 0.992063492063
2 0.992063492063
2 0.992063492063
9 0.993374741201
6 0.992063492063
6 0.992063492063
7 0.992063492063
6 0.996336996337
4 0.992063492063
3 0.992063492063
7 0.992063492063
6 0.992063492063
1 0.992063492063
1 0.992063492063
4 0.992063492063
8 0.993855606759
1 1.0
1 0.992063492063
2 0.992063492063
3 0.995570321152
4 0.993788819876
5 0.992063492063
9 0.99706959707
9 0.996265172736
6 0.992063492063
8 1.0
5 0.992063492063
6 1.0
8 0.996927803379
2 0.992063492063
6 0.994397759104
2 0.992063492063
9 0.992063492063
4 0.992063492063
1 0.992063492063
1 1.0
6 0.992063492063
2 0.992063492063
5 0.995238095238
1 0.992063492063
4 0.992063492063
9 0.992063492063
1 0.992063492063
5 1.0
8 0.992063492063
5 0.994851994852
66 0.995918367347
6 0.993148338472
9 0.992063492063
38 0.994388590133
2 1.0
4 0.992063492063
1 0.992063492063
36 0.995354239257
5 0.994285714286
4 0.994781474234
3 0.992063492063
1 1.0
1 0.992063492063
7 0.992063492063
3 1.0
3 0.992063492063
1 0.992063492063
20 0.995570321152
6 1.0
1 1.0
3 0.992063492063
14 0.992063492063
1 0.992063492063
1 1.0
84 0.994832041344
1 0.992063492063
4 0.993855606759
150 0.993264103284
1 0.992063492063
1 1.0
1 1.0
7 0.992063492063
88 0.992904898349
6 0.992063492063
3 1.0
1 0.992063492063
1 0.992063492063
11 0.992063492063
1 0.992063492063
2 0.992063492063
4 0.992063492063
1 1.0
111 0.992063492063
1 0.992063492063
6 0.992063492063
35 0.992063492063
4 0.995177817963
1 1.0
138 0.996031746032
1 1.0
235 1.0
1 1.0
1 0.992063492063
2 0.995115995116
2 1.0
5 0.997493734336
8 0.997354497354
82 0.992063492063
48 1.0
5 0.992063492063
42 0.993299832496
1 0.992063492063
5 0.992063492063
2 0.992063492063
1 1.0
34 0.992063492063
1 1.0
1 1.0
83 0.997705106139
39 0.99395313681
12 1.0
1 0.992063492063
17 0.995115995116
2 0.992063492063
241 1.0
1 0.992063492063
1 0.992063492063
1 0.992063492063
1 0.992063492063
3 0.992063492063
2 0.992063492063
5 0.993855606759
