4 12 80 40000 1
4 4 80 40000 1
10 13 200 100000 1
6 1 23 11730 0
8 8 160 80000 1
5 6 100 50000 1
6 2 51 25610 0
5 1 28 14280 0
1 3 20 10000 1
9 4 160 80200 0
6 5 120 60000 1
9 11 180 90000 1
3 10 60 30000 1
6 1 41 20710 0
10 1 19 9690 0
5 4 100 50000 1
2 1 21 10710 0
3 1 20 10200 0
4 1 22 11220 0
2 6 40 20000 1
8 9 160 80000 1
5 1 24 12240 0
9 6 180 90000 1
1 5 20 10000 1
3 3 60 30000 1
7 7 140 70000 1
9 8 180 90000 1
3 2 60 30000 1
5 3 91 45610 0
6 2 54 27140 0
8 1 23 11730 0
7 14 140 70000 1
9 6 180 90000 1
5 1 23 11730 0
8 3 109 54790 0
3 10 60 30000 1
3 6 60 30000 1
2 4 40 20000 1
7 7 140 70000 1
1 2 20 10000 1
9 3 177 88670 0
8 6 160 80000 1
3 11 60 30000 1
4 3 80 40000 1
7 1 44 22240 0
3 11 60 30000 1
5 2 29 14590 0
8 6 160 80000 1
3 10 60 30000 1
6 6 120 60000 1
9 11 180 90000 1
3 7 60 30000 1
4 2 45 22750 0
1 1 19 9690 0
9 1 15 7650 0
7 3 86 43260 0
2 2 40 20000 1
10 6 200 100000 1
7 5 140 70000 1
8 7 160 80000 1
5 1 32 16120 0
2 1 28 14080 0
3 1 34 17140 0
8 1 28 14280 0
6 11 120 60000 1
3 2 54 27140 0
9 1 30 15300 0
1 4 20 10000 1
9 8 180 90000 1
9 8 180 90000 1
7 3 90 45100 0
9 1 27 13570 0
9 2 47 23770 0
4 10 80 40000 1
5 4 100 50000 1
3 4 60 30000 1
3 1 14 7140 0
2 4 40 20000 1
8 12 160 80000 1
4 1 28 14080 0
4 6 80 40000 1
9 3 60 30200 0
8 1 17 8670 0
6 10 120 60000 1
3 1 25 12550 0
2 8 40 20000 1
1 3 20 10000 1
2 1 14 7140 0
2 2 40 20000 1
6 5 120 60000 1
7 6 140 70000 1
8 5 125 62950 0
4 1 43 21730 0
4 9 80 40000 1
9 8 180 90000 1
5 2 63 31730 0
1 4 20 10000 1
6 2 66 33260 0
9 1 18 9180 0
7 1 17 8670 0
8 2 43 21730 0
9 14 180 90000 1
6 1 31 15810 0
7 11 140 70000 1
1 4 20 10000 1
6 11 120 60000 1
9 11 180 90000 1
8 4 143 71730 0
4 13 80 40000 1
5 7 100 50000 1
3 2 60 30000 1
5 10 100 50000 1
3 9 60 30000 1
2 5 40 20000 1
7 6 140 70000 1
1 2 20 10000 1
5 2 49 24790 0
7 3 70 35300 0
5 2 100 50000 1
6 2 53 26630 0
9 4 126 63260 0
9 6 180 90000 1
9 9 180 90000 1
7 8 140 70000 1
7 12 140 70000 1
6 1 43 21730 0
1 1 12 6120 0
9 1 26 13060 0
9 1 28 14080 0
8 9 160 80000 1
4 8 80 40000 1
7 7 140 70000 1
4 1 32 16120 0
3 9 60 30000 1
4 1 19 9690 0
5 1 18 9180 0
8 1 30 15100 0
4 8 80 40000 1
3 7 60 30000 1
8 6 160 80000 1
8 6 160 80000 1
1 3 20 10000 1
7 3 75 37650 0
6 8 120 60000 1
4 2 51 25610 0
3 1 23 11730 0
7 10 140 70000 1
8 1 22 11220 0
8 8 160 80000 1
4 1 16 8160 0
8 4 160 80000 1
9 1 40 20200 0
1 2 20 10000 1
5 5 100 50000 1
1 1 20 10000 1
3 1 26 13260 0
3 3 60 30000 1
8 5 158 79180 0
8 2 75 37850 0
8 3 135 67850 0
7 6 140 70000 1
2 3 40 20000 1
2 3 40 20000 1
9 15 180 90000 1
3 7 60 30000 1
6 9 120 60000 1
2 5 40 20000 1
6 3 111 55610 0
4 8 80 40000 1
4 3 80 40000 1
2 9 40 20000 1
2 3 40 20000 1
9 1 57 28870 0
6 1 39 19690 0
3 9 60 30000 1
4 7 80 40000 1
4 3 71 35610 0
4 6 80 40000 1
1 1 20 10000 1
7 5 140 70000 1
6 11 120 60000 1
1 1 15 7650 0
1 1 20 10000 1
234 10 4680 2340000 1
7 1 30 15300 0
77 12 1540 770000 1
1 6 20 10000 1
203 15 4060 2030000 1
1 1 13 6630 0
187 4 256 128360 0
8 7 160 80000 1
69 15 1380 690000 1
16 7 320 160000 1
34 1 33 16830 0
8 4 160 80000 1
7 9 140 70000 1
36 1 20 10200 0
1 2 20 10000 1
20 1 25 12750 0
1 3 20 10000 1
30 10 600 300000 1
13 4 88 44280 0
227 2 61 30910 0
297 15 5940 2970000 1
298 7 1476 738360 0
6 1 20 10200 0
1 1 16 8160 0
5 1 13 6630 0
6 13 120 60000 1
62 12 1240 620000 1
22 1 36 18160 0
21 9 420 210000 1
1 6 20 10000 1
15 10 300 150000 1
1 3 20 10000 1
1 1 12 6120 0
1 1 18 9180 0
1 2 20 10000 1
1 1 17 8670 0
4 4 80 40000 1
189 5 148 74680 0
1 1 20 10000 1
15 6 203 102130 0
1 3 20 10000 1
15 16 300 150000 1
20 3 97 48670 0
1 3 20 10000 1
1 5 20 10000 1
1 1 20 10000 1
1 7 20 10000 1
1 3 20 10000 1
4 9 80 40000 1
1 7 20 10000 1
1 1 20 10000 1
4 3 77 38670 0
30 1 18 9180 0
153 9 3060 1530000 1
1 1 20 10000 1
184 18 3680 1840000 1
37 9 740 370000 1
70 11 1400 700000 1
2 2 40 20000 1
1 3 20 10000 1
1 2 20 10000 1
11 12 220 110000 1
2 1 26 13060 0
1 1 16 8160 0
1 1 19 9690 0
7 1 32 16120 0
99 4 133 66630 0
197 1 18 9180 0
2 3 40 20000 1
1 1 14 7140 0
73 13 1460 730000 1
1 3 20 10000 1
3 1 14 7140 0
13 12 260 130000 1
1 1 19 9690 0
2 2 40 20000 1
32 5 224 112240 0
1 2 20 10000 1
6 2 61 30710 0
20 2 62 31220 0
251 6 849 424790 0
