9 1.0
9 0.892857142857
8 1.0
5 0.892857142857
3 0.892857142857
8 1.0
9 0.892857142857
10 0.892857142857
5 0.892857142857
9 0.892857142857
1 1.0
2 0.892857142857
8 0.892857142857
2 0.892857142857
7 0.892857142857
6 0.892857142857
3 1.0
1 0.892857142857
3 0.892857142857
7 0.892857142857
1 1.0
5 1.0
4 1.0
9 1.0
4 0.892857142857
8 1.0
3 0.892857142857
5 0.892857142857
1 0.892857142857
8 0.980519480519
1 1.0
7 0.892857142857
7 1.0
1 0.892857142857
1 0.892857142857
1 0.892857142857
2 0.892857142857
7 0.892857142857
5 1.0
8 0.892857142857
7 1.0
7 1.0
7 1.0
4 1.0
1 0.892857142857
5 0.892857142857
3 0.892857142857
5 0.892857142857
2 1.0
4 0.892857142857
6 0.892857142857
7 0.892857142857
5 1.0
6 1.0
5 0.892857142857
3 0.892857142857
3 0.892857142857
7 0.973214285714
1 0.892857142857
3 0.892857142857
6 0.892857142857
8 1.0
3 0.892857142857
8 1.0
1 0.892857142857
4 0.892857142857
8 0.892857142857
4 1.0
1 0.892857142857
5 0.892857142857
8 0.892857142857
7 0.892857142857
9 0.892857142857
6 1.0
3 0.892857142857
5 0.892857142857
1 0.892857142857
3 0.892857142857
3 1.0
2 0.892857142857
3 0.892857142857
9 0.892857142857
1 0.892857142857
4 0.892857142857
1 0.892857142857
7 0.892857142857
1 1.0
6 0.892857142857
7 0.892857142857
4 0.892857142857
7 0.892857142857
6 0.892857142857
7 0.973214285714
7 1.0
2 1.0
7 0.892857142857
4 1.0
8 0.892857142857
3 0.892857142857
8 0.892857142857
7 1.0
5 0.892857142857
9 0.968253968254
4 1.0
6 0.892857142857
4 0.892857142857
6 0.949579831933
4 0.892857142857
5 0.892857142857
7 0.892857142857
8 1.0
7 0.892857142857
5 0.892857142857
5 0.892857142857
1 0.892857142857
8 0.892857142857
1 0.892857142857
4 0.892857142857
6 0.892857142857
9 0.978571428571
7 1.0
6 0.892857142857
2 0.892857142857
6 1.0
8 0.926108374384
4 1.0
1 0.892857142857
2 0.892857142857
10 0.892857142857
8 1.0
1 0.892857142857
2 0.892857142857
1 0.892857142857
4 0.892857142857
8 0.977443609023
9 1.0
9 0.892857142857
2 0.892857142857
3 1.0
6 1.0
8 1.0
7 0.892857142857
5 1.0
7 1.0
6 1.0
4 0.892857142857
4 0.892857142857
1 0.892857142857
8 0.892857142857
5 0.892857142857
8 1.0
1 0.892857142857
2 0.892857142857
6 0.892857142857
2 0.892857142857
8 0.892857142857
6 0.892857142857
2 0.928571428571
1 0.892857142857
3 0.892857142857
2 1.0
6 0.892857142857
8 0.892857142857
2 0.892857142857
8 0.892857142857
8 1.0
1 0.892857142857
10 0.892857142857
5 1.0
6 1.0
6 0.892857142857
9 1.0
3 0.892857142857
8 0.892857142857
1 0.892857142857
4 0.892857142857
8 0.973214285714
3 0.892857142857
4 0.892857142857
6 0.892857142857
4 0.892857142857
2 0.892857142857
1 0.892857142857
3 1.0
1 0.892857142857
2 0.892857142857
1 1.0
4 0.892857142857
3 0.892857142857
14 0.892857142857
28 0.945454545455
104 0.892857142857
6 0.892857142857
7 0.892857142857
7 0.892857142857
1 0.892857142857
1 0.892857142857
112 0.892857142857
1 0.892857142857
5 1.0
44 0.98250728863
1 0.892857142857
1 0.892857142857
6 1.0
157 1.0
1 1.0
176 0.957142857143
12 1.0
1 0.892857142857
115 0.973214285714
7 0.892857142857
1 1.0
1 0.892857142857
14 0.892857142857
2 0.892857142857
1 0.892857142857
166 1.0
1 0.892857142857
4 0.892857142857
2 1.0
151 0.892857142857
5 1.0
1 0.892857142857
48 0.973214285714
1 0.892857142857
2 0.892857142857
1 0.892857142857
41 0.984693877551
70 0.892857142857
8 1.0
29 0.892857142857
1 0.892857142857
12 0.986607142857
43 1.0
1 1.0
294 1.0
1 0.892857142857
112 0.96218487395
6 0.892857142857
2 0.892857142857
1 0.892857142857
9 1.0
22 0.982142857143
36 1.0
1 0.892857142857
22 1.0
4 1.0
142 0.948571428571
2 0.892857142857
1 0.892857142857
1 1.0
1 0.892857142857
1 0.892857142857
2 0.892857142857
20 0.892857142857
68 1.0
2 0.892857142857
1 0.892857142857
1 0.892857142857
285 1.0
12 0.892857142857
255 0.933333333333
1 1.0
81 0.982142857143
