2 3 6 20000 1
6 1 7 23800 0
8 2 8 27200 0
7 1 6 20400 0
1 1 3 10000 1
4 3 12 40000 1
1 1 3 10000 1
5 1 5 17000 0
5 5 15 50000 1
9 6 27 90000 1
4 5 12 40000 1
4 1 4 13600 0
3 1 4 13600 0
1 1 3 10000 1
6 1 5 17000 0
7 1 5 17000 0
8 7 24 80000 1
6 1 5 17000 0
9 3 12 40600 0
2 1 4 13600 0
4 1 8 27200 0
3 2 9 30000 1
2 1 4 13600 0
3 2 9 30000 1
5 1 4 13600 0
7 1 4 13600 0
9 1 4 13600 0
10 5 30 100000 1
4 1 6 20400 0
2 1 6 20000 1
4 2 12 40000 1
5 4 15 50000 1
5 1 4 13600 0
8 6 24 80000 1
7 3 15 50800 0
3 1 6 20400 0
8 1 9 30600 0
2 3 6 20000 1
3 1 8 26800 0
3 2 9 30000 1
7 5 21 70000 1
8 5 24 80000 1
3 2 9 30000 1
4 6 12 40000 1
9 5 27 90000 1
9 9 27 90000 1
1 2 3 10000 1
9 9 27 90000 1
3 5 9 30000 1
9 5 27 90000 1
8 1 4 13600 0
8 2 8 27200 0
3 5 9 30000 1
4 1 5 17000 0
8 1 5 17000 0
4 6 12 40000 1
7 3 21 70000 1
2 1 6 20000 1
1 1 3 10000 1
6 4 18 60000 1
1 1 3 10000 1
5 1 6 20400 0
9 8 27 90000 1
7 1 4 13600 0
4 1 7 23800 0
1 2 3 10000 1
9 3 13 44000 0
9 1 4 13600 0
8 4 16 54200 0
4 4 12 40000 1
9 1 5 17000 0
6 1 5 17000 0
6 8 18 60000 1
1 2 3 10000 1
3 3 9 30000 1
4 1 9 30400 0
7 6 21 70000 1
8 1 5 17000 0
2 1 5 16800 0
4 4 12 40000 1
7 5 21 70000 1
2 1 6 20000 1
6 5 18 60000 1
7 1 5 17000 0
2 1 5 16800 0
3 1 7 23600 0
6 3 18 60000 1
1 2 3 10000 1
4 5 12 40000 1
1 2 3 10000 1
5 1 4 13600 0
6 8 18 60000 1
7 8 21 70000 1
8 8 24 80000 1
4 2 12 40000 1
8 6 24 80000 1
10 2 14 47600 0
7 1 5 17000 0
6 5 18 60000 1
8 1 4 13600 0
7 3 21 70000 1
7 3 15 50800 0
7 1 6 20400 0
1 2 3 10000 1
1 2 3 10000 1
5 6 15 50000 1
3 4 9 30000 1
8 7 24 80000 1
8 1 6 20400 0
9 1 6 20400 0
3 1 9 30000 1
2 1 4 13600 0
5 1 4 13600 0
7 5 21 70000 1
7 1 4 13600 0
5 4 15 50000 1
2 1 6 20000 1
2 3 6 20000 1
2 2 6 20000 1
7 3 14 47400 0
1 2 3 10000 1
4 2 12 40000 1
4 3 12 40000 1
1 2 3 10000 1
2 1 6 20000 1
2 1 4 13600 0
9 2 8 27200 0
1 1 3 10000 1
8 1 5 17000 0
2 2 6 20000 1
5 1 6 20400 0
1 1 3 10000 1
5 4 15 50000 1
8 1 5 17000 0
3 1 6 20400 0
9 2 8 27200 0
7 1 5 17000 0
9 7 27 90000 1
4 2 8 27200 0
6 1 6 20400 0
4 1 6 20400 0
8 1 7 23800 0
2 2 6 20000 1
3 1 5 17000 0
4 2 8 27200 0
6 1 4 13600 0
5 6 15 50000 1
9 4 23 77200 0
5 7 15 50000 1
8 9 24 80000 1
8 1 10 34000 0
6 2 12 40800 0
3 1 6 20400 0
9 2 12 40800 0
2 1 6 20000 1
5 1 5 17000 0
9 5 27 90000 1
9 1 5 17000 0
8 5 24 80000 1
8 5 24 80000 1
6 3 18 60000 1
3 1 7 23600 0
2 2 6 20000 1
4 2 12 40000 1
2 1 4 13600 0
3 1 5 17000 0
1 1 3 10000 1
5 4 15 50000 1
8 7 24 80000 1
2 1 6 20000 1
9 1 7 23800 0
7 7 21 70000 1
5 3 15 50000 1
7 4 21 70000 1
9 4 27 90000 1
2 1 5 16800 0
9 1 9 30600 0
8 3 12 40600 0
1 1 3 10000 1
6 5 18 60000 1
3 1 9 30000 1
3 1 7 23600 0
1 1 3 10000 1
1 1 3 10000 1
1 2 3 10000 1
1 2 3 10000 1
17 12 51 170000 1
3 5 9 30000 1
2 2 6 20000 1
1 1 3 10000 1
1 1 3 10000 1
1 2 3 10000 1
1 1 3 10000 1
1 1 3 10000 1
3 1 5 17000 0
3 4 9 30000 1
3 3 9 30000 1
1 2 3 10000 1
1 2 3 10000 1
2 1 6 20000 1
113 1 4 13600 0
4 4 12 40000 1
8 7 24 80000 1
32 3 15 50800 0
19 6 57 190000 1
1 1 3 10000 1
77 1 5 17000 0
109 3 18 61000 0
1 1 3 10000 1
3 4 9 30000 1
1 1 3 10000 1
65 1 5 17000 0
5 3 15 50000 1
49 5 23 77800 0
3 2 9 30000 1
1 2 3 10000 1
3 2 9 30000 1
1 1 3 10000 1
39 12 117 390000 1
44 1 4 13600 0
1 1 3 10000 1
173 5 28 94800 0
1 1 3 10000 1
11 4 33 110000 1
74 1 8 27200 0
3 1 8 26800 0
3 1 5 17000 0
1 1 3 10000 1
5 1 6 20400 0
1 1 3 10000 1
2 2 6 20000 1
48 5 25 84600 0
212 7 140 469200 0
16 4 19 64400 0
7 1 7 23800 0
31 1 4 13600 0
30 1 7 23800 0
4 1 7 23800 0
1 2 3 10000 1
46 3 18 61000 0
2 1 4 13600 0
1 1 3 10000 1
1 2 3 10000 1
14 5 23 77800 0
129 1 4 13600 0
26 1 5 17000 0
1 1 3 10000 1
217 5 36 121800 0
3 1 9 30000 1
1 1 3 10000 1
11 1 4 13600 0
1 1 3 10000 1
50 10 150 500000 1
152 1 4 13600 0
29 8 87 290000 1
1 1 3 10000 1
3 5 9 30000 1
1 1 3 10000 1
2 1 5 16800 0
1 1 3 10000 1
84 2 8 27200 0
271 6 39 131400 0
1 1 3 10000 1
4 4 12 40000 1
