5 1.0155
4 1.01925
5 1.01855
4 1.0
5 1.0
6 1.0
7 1.0
2 1.0
8 1.0155
1 1.0155
4 1.017375
8 1.0
7 1.00845454545
2 1.0155
8 1.0155
1 1.0
5 1.00811904762
1 1.0
3 1.0
8 1.00772222222
4 1.00953846154
7 1.0
6 1.0155
9 1.0155
8 1.0
5 1.00688888889
9 1.01925
5 1.0
3 1.0
7 1.00688888889
2 1.0
7 1.0
3 1.0
3 1.0
5 1.00775
7 1.0155
9 1.0
1 1.0155
3 1.00258333333
6 1.0
3 1.0058125
7 1.00375757576
8 1.0155
6 1.00996428571
5 1.00775
8 1.00638235294
7 1.01180952381
4 1.0155
1 1.0
6 1.0
5 1.0155
8 1.00848387097
1 1.0155
5 1.0
6 1.0
9 1.00375757576
8 1.0
4 1.0
4 1.00953846154
1 1.0
9 1.00953846154
6 1.00527272727
2 1.0
2 1.0
7 1.0
3 1.00688888889
8 1.012
3 1.019375
9 1.00442857143
1 1.0
8 1.0
5 1.00845454545
8 1.00981818182
7 1.01142105263
9 1.0155
8 1.0
1 1.0155
8 1.0155
6 1.0
9 1.01142105263
2 1.0
5 1.0
2 1.0
1 1.0155
4 1.00845454545
6 1.00904166667
5 1.0
4 1.0
6 1.0
3 1.0
4 1.0155
7 1.0
9 1.0
2 1.0
9 1.00140909091
5 1.01065625
6 1.0
9 1.0
1 1.0
9 1.01094117647
2 1.0
7 1.0
2 1.0
4 1.0
1 1.0
5 1.0
1 1.0155
9 1.0
7 1.01033333333
3 1.00772222222
8 1.008
5 1.00539130435
7 1.0
4 1.0155
2 1.0
1 1.0155
3 1.0
8 1.00410294118
5 1.0
9 1.01065625
9 1.0155
6 1.00845454545
8 1.01023214286
8 1.00122368421
5 1.00734210526
4 1.00845454545
9 1.00892424242
1 1.0
9 1.00774137931
2 1.0
6 1.0
7 1.0155
8 1.0
6 1.0
5 1.01657142857
8 1.0
9 1.0155
5 1.0
2 1.0
8 1.0155
2 1.0
7 1.0
7 1.0
6 1.0
5 1.0155
4 1.00096875
9 1.00158974359
5 1.0155
9 1.01142105263
8 1.0
3 1.00258333333
2 1.0
2 1.0
7 1.00913636364
10 1.0
2 1.0
8 1.0
4 1.0
3 1.0
5 1.00904166667
9 1.0
6 1.0
3 1.00904166667
1 1.0
4 1.0
1 1.0155
6 1.00258333333
6 1.0
7 1.0155
5 1.0
1 1.0155
4 1.0155
2 1.0
5 1.0155
1 1.0
9 1.0
3 1.0
3 1.0
9 1.00953846154
5 1.00527272727
3 1.0
4 1.018
1 1.0
31 1.00876086957
182 1.011625
5 1.0
4 1.0
1 1.0155
12 1.00105084746
1 1.0155
1 1.0
55 1.00730821918
148 1.00845454545
10 1.01657142857
1 1.0155
263 1.0
93 1.00904166667
87 1.0
1 1.0155
3 1.0
3 1.0
1 1.0
103 1.00406557377
12 1.00993589744
98 1.01262962963
1 1.0155
103 1.01633333333
1 1.0155
87 1.00713461538
1 1.0
40 1.0
34 1.0
3 1.00775
1 1.0155
15 1.00630508475
21 1.00773958333
1 1.0
1 1.0
114 1.0
10 1.00953846154
1 1.0
1 1.0
143 1.0
1 1.0
6 1.00442857143
164 1.00836507937
1 1.0
1 1.0155
9 1.0
1 1.0155
1 1.0155
26 1.0155
29 1.0
152 1.0
1 1.0
289 1.0
1 1.0155
17 1.0155
1 1.0
1 1.0
1 1.0155
24 1.01075510204
37 1.0058125
7 1.00324193548
12 1.0
15 1.0
2 1.0
11 1.01023214286
2 1.0155
157 1.00086915888
2 1.0
4 1.0
1 1.0
82 1.01119444444
1 1.0155
191 1.0
47 1.0
1 1.0
1 1.0155
18 1.0155
60 1.01258333333
1 1.0
184 1.0
105 1.0
