1 1 2 6884 0
2 10 6 20000 1
1 2 3 10000 1
3 4 8 26884 0
3 8 9 30000 1
9 1 2 6884 0
9 9 27 90000 1
6 10 18 60000 1
6 7 18 60000 1
7 1 3 10633 0
3 5 9 30000 1
7 11 21 70000 1
2 4 6 20000 1
6 5 18 60000 1
3 6 9 30000 1
7 1 4 13768 0
7 7 21 70000 1
6 7 18 60000 1
6 5 14 47578 0
2 5 6 20000 1
3 2 7 23768 0
4 1 4 13768 0
8 8 24 80000 1
8 1 5 17210 0
6 1 4 14986 0
3 1 2 6884 0
6 1 3 11027 0
5 2 6 20652 0
4 6 12 40000 1
1 3 3 10000 1
5 12 15 50000 1
7 12 21 70000 1
2 3 5 16884 0
6 8 18 60000 1
2 8 6 20000 1
3 1 3 10368 0
2 6 6 20000 1
3 7 9 30000 1
7 6 19 63768 0
5 1 3 10326 0
7 2 5 17210 0
2 2 6 20000 1
7 12 21 70000 1
3 1 2 7118 0
9 2 4 13768 0
4 6 12 40000 1
4 2 7 23442 0
5 1 4 13768 0
2 1 2 6884 0
5 6 15 50000 1
3 2 5 17210 0
5 1 4 14169 0
6 1 4 13768 0
7 1 4 14511 0
3 2 4 13768 0
9 13 27 90000 1
8 4 11 37210 0
6 1 3 10326 0
9 1 2 6884 0
1 1 2 6884 0
7 11 21 70000 1
5 7 15 50000 1
3 1 4 13768 0
5 6 15 50000 1
6 1 3 10326 0
2 6 6 20000 1
1 1 2 6884 0
1 1 2 6884 0
8 2 9 31916 0
7 6 21 70000 1
4 10 12 40000 1
2 1 2 6884 0
6 1 3 10326 0
4 9 12 40000 1
6 3 14 48812 0
2 2 4 13768 0
1 1 1 3442 0
9 1 4 15641 0
6 5 15 50652 0
7 3 17 57210 0
2 5 6 20000 1
3 1 1 3442 0
3 2 5 16884 0
10 4 15 50652 0
5 1 3 10326 0
8 3 17 57536 0
5 2 4 13768 0
9 1 3 10326 0
8 9 24 80000 1
6 10 18 60000 1
4 4 7 23768 0
2 5 6 20000 1
3 6 9 30000 1
3 7 9 30000 1
1 3 3 10000 1
2 2 4 13768 0
7 10 21 70000 1
9 1 6 20652 0
2 7 6 20000 1
4 1 4 13768 0
4 3 9 30652 0
10 4 26 89214 0
1 1 2 6884 0
8 1 2 6926 0
6 4 18 60000 1
5 9 15 50000 1
7 10 21 70000 1
2 4 6 20000 1
7 4 14 49112 0
7 4 13 44094 0
4 2 4 13768 0
8 1 3 10326 0
2 1 2 6884 0
8 1 3 11027 0
2 1 3 10326 0
6 11 18 60000 1
4 1 3 10326 0
9 1 3 10326 0
6 2 7 24837 0
3 1 2 6926 0
7 12 21 70000 1
2 2 6 20000 1
1 1 2 6884 0
5 6 15 50000 1
5 1 3 10326 0
9 7 27 90000 1
6 2 8 27747 0
2 10 6 20000 1
1 3 3 10000 1
3 6 9 30000 1
8 1 4 13768 0
5 5 15 50000 1
7 5 13 44094 0
4 1 2 7522 0
6 3 15 50652 0
6 10 18 60000 1
7 1 3 11442 0
5 4 14 46884 0
1 5 3 10000 1
5 5 15 50000 1
9 1 3 10326 0
8 8 24 80000 1
4 3 6 20326 0
4 1 2 6884 0
8 7 24 80000 1
8 6 24 80000 1
7 7 21 70000 1
1 3 3 10000 1
6 2 5 17653 0
2 1 2 6884 0
9 4 11 37536 0
9 3 9 30652 0
8 9 24 80000 1
1 5 3 10000 1
5 3 7 23768 0
7 8 21 70000 1
9 5 14 47210 0
5 1 3 10326 0
8 4 13 44420 0
1 4 3 10000 1
9 5 19 65670 0
6 10 18 60000 1
6 6 18 60000 1
4 1 5 17210 0
5 3 12 40326 0
3 1 3 10326 0
7 9 21 70000 1
3 1 4 13768 0
9 4 17 63385 0
5 2 6 21189 0
5 8 15 50000 1
9 13 27 90000 1
7 3 7 23768 0
3 1 3 10326 0
4 1 5 17210 0
4 1 2 7522 0
4 3 6 20326 0
4 3 8 27118 0
6 2 5 17210 0
4 11 12 40000 1
6 8 18 60000 1
3 7 9 30000 1
1 3 3 10000 1
1 4 3 10000 1
157 1 8 27536 0
1 1 2 6884 0
1 1 2 6884 0
2 4 6 20000 1
108 2 5 18825 0
1 5 3 10000 1
43 3 7 23768 0
1 1 2 6884 0
1 1 2 6884 0
53 12 159 530000 1
168 1 3 10326 0
1 1 2 6884 0
153 1 3 10727 0
3 1 5 17210 0
34 5 24 81630 0
1 1 1 3442 0
221 1 3 11048 0
2 11 6 20000 1
260 3 11 37937 0
1 2 2 6884 0
1 3 3 10000 1
1 2 3 10000 1
39 1 8 27578 0
8 2 7 24870 0
53 10 159 530000 1
194 9 582 1940000 1
2 4 6 20000 1
5 1 2 7142 0
1 1 2 6884 0
1 2 2 6884 0
11 1 5 18612 0
44 8 36 121311 0
105 1 2 6884 0
39 1 3 10326 0
6 1 3 10326 0
1 3 3 10000 1
3 8 9 30000 1
2 7 6 20000 1
1 1 2 6884 0
1 2 2 6884 0
9 2 9 33088 0
4 1 3 10560 0
3 1 4 13768 0
1 2 3 10000 1
1 4 3 10000 1
1 3 3 10000 1
3 4 9 30000 1
4 1 3 10560 0
1 4 3 10000 1
1 2 3 10000 1
1 4 3 10000 1
7 1 4 13768 0
270 7 42 143347 0
2 1 2 6884 0
1 1 2 6884 0
1 1 2 6884 0
2 10 6 20000 1
14 8 42 140000 1
4 10 12 40000 1
1 1 1 3442 0
2 7 6 20000 1
246 2 9 30978 0
2 5 6 20000 1
1 5 3 10000 1
10 6 30 100000 1
2 1 2 6884 0
1 5 3 10000 1
5 5 14 46884 0
2 1 3 10326 0
5 14 15 50000 1
5 6 15 50000 1
139 1 6 22692 0
2 2 6 20000 1
4 5 11 36884 0
2 1 3 10326 0
2 8 6 20000 1
1 5 3 10000 1
1 4 3 10000 1
30 4 12 40978 0
1 1 2 6884 0
