8 0.877192982456
5 1.04153508772
8 1.18013157895
7 1.12986842105
6 1.01026315789
9 1.04348370927
3 0.877192982456
9 1.26860902256
4 0.877192982456
9 0.910931174089
6 1.38460526316
9 1.07529239766
4 0.877192982456
7 1.13134210526
9 1.32321052632
8 1.10984210526
3 1.09
6 1.06861842105
4 1.14
6 1.06105263158
4 0.999967105263
8 1.07854385965
8 1.18555263158
7 1.23605263158
8 1.12986842105
9 0.877192982456
9 1.16984210526
7 0.877192982456
8 1.20268421053
3 1.15921052632
3 1.01026315789
2 0.877192982456
6 0.877192982456
4 0.877192982456
4 1.12271929825
7 0.877192982456
1 1.01026315789
5 0.937421052632
9 0.877192982456
6 1.04736842105
5 0.965906432749
5 1.10815789474
5 0.877192982456
7 1.19815789474
9 1.15136842105
3 0.877192982456
1 1.01026315789
4 1.12307017544
6 0.877192982456
4 1.20377192982
8 1.06663157895
6 0.932154605263
4 0.956937799043
2 1.03359649123
2 1.09486842105
8 1.02192982456
3 1.05175438596
5 0.93984962406
8 1.12438596491
5 1.12546052632
6 0.877192982456
5 0.990614035088
4 1.01026315789
7 0.877192982456
6 1.03119617225
6 1.07513157895
5 0.877192982456
4 0.877192982456
4 0.877192982456
4 1.08184210526
9 1.10804511278
6 0.877192982456
5 0.877192982456
3 0.877192982456
5 1.07414473684
2 1.05175438596
6 1.09435222672
5 1.01026315789
2 0.888859649123
7 1.26105263158
8 0.877192982456
4 1.03359649123
2 1.02192982456
1 0.877192982456
8 1.20798245614
5 1.09973684211
4 0.974707602339
6 0.928792569659
5 1.19697368421
2 0.877192982456
8 0.877192982456
7 1.01774122807
5 1.03359649123
4 0.877192982456
5 1.08112781955
4 0.877192982456
7 0.877192982456
6 1.10601503759
6 1.02776315789
7 1.08359133127
2 0.877192982456
9 0.947368421053
8 0.877192982456
5 0.877192982456
8 1.26852631579
5 0.877192982456
1 1.01026315789
7 1.26861842105
3 0.877192982456
7 0.877192982456
9 0.948771929825
2 0.877192982456
3 0.877192982456
4 1.05263157895
7 0.997532894737
1 1.01026315789
4 0.877192982456
1 0.877192982456
7 0.877192982456
2 0.910460526316
3 1.05175438596
9 0.910931174089
7 1.02635087719
3 0.877192982456
9 1.09326315789
9 1.05
6 0.928792569659
3 0.877192982456
8 1.15036437247
3 1.02776315789
1 1.01026315789
7 0.877192982456
1 0.877192982456
9 1.04526315789
4 0.937697368421
9 1.04896052632
5 1.11399122807
4 1.01197368421
3 0.877192982456
2 0.877192982456
2 1.12236842105
6 1.10555921053
8 0.91533180778
2 0.877192982456
9 0.877192982456
1 0.877192982456
8 0.981255060729
2 1.02421052632
4 1.03126315789
6 1.12852631579
8 0.894851258581
3 1.06052631579
6 0.877192982456
8 0.877192982456
3 1.12649122807
7 0.921052631579
7 0.948885448916
6 1.0325
2 0.877192982456
2 0.877192982456
7 0.877192982456
8 1.18230263158
1 0.877192982456
2 0.877192982456
8 1.06710526316
6 0.877192982456
4 0.877192982456
4 0.877192982456
5 1.02014354067
2 0.877192982456
2 0.962315789474
4 1.13473684211
7 1.06883458647
7 1.10710526316
6 1.02776315789
2 0.877192982456
9 0.877192982456
8 0.877192982456
8 0.877192982456
8 1.05587719298
8 0.877192982456
1 1.01026315789
1 1.01026315789
2 0.877192982456
1 0.877192982456
1 0.877192982456
1 0.877192982456
22 0.890688259109
1 0.877192982456
1 0.877192982456
4 1.17684210526
1 0.877192982456
1 1.01026315789
1 0.877192982456
1 0.877192982456
1 0.877192982456
1 1.01026315789
1 0.877192982456
1 0.877192982456
67 0.923119316616
267 0.877192982456
3 0.877192982456
153 1.12598684211
1 1.01026315789
1 0.877192982456
1 1.01026315789
5 1.08702631579
1 0.877192982456
10 1.34346491228
1 0.877192982456
1 1.01026315789
1 1.01026315789
12 1.03526315789
1 1.01026315789
1 0.877192982456
1 0.877192982456
24 1.18450464396
3 0.877192982456
1 1.01026315789
144 1.25184210526
4 0.957263157895
3 0.877192982456
1 1.01026315789
1 0.877192982456
20 1.05126566416
81 1.32315789474
19 1.0
31 1.34647368421
1 0.877192982456
203 1.13163157895
1 0.877192982456
52 0.895210526316
1 1.01026315789
3 1.11070175439
205 1.10335526316
65 0.925650502661
1 0.877192982456
1 0.877192982456
2 1.04815789474
50 1.280625
1 0.877192982456
1 0.877192982456
30 1.25076315789
81 0.884472592269
14 1.15778195489
1 1.01026315789
284 0.877192982456
1 1.01026315789
150 0.877192982456
1 0.877192982456
3 1.06342105263
26 1.04526315789
54 0.926553884712
32 0.886426592798
3 0.877192982456
1 1.01026315789
64 1.12636842105
2 0.959210526316
1 0.877192982456
23 1.23248120301
259 1.09973684211
20 0.960227038184
20 1.02377990431
1 1.01026315789
