2 1 3 10206 0
7 3 9 35638 0
1 5 4 10000 1
3 3 9 30000 1
7 20 21 70000 1
5 9 18 50000 1
6 4 11 37430 0
2 1 4 14679 0
5 3 6 19909 0
1 3 4 10000 1
6 11 21 60000 1
5 1 5 21856 0
7 13 24 70000 1
5 6 12 41319 0
6 25 22 60000 1
7 12 23 70000 1
3 2 8 27294 0
4 6 13 40000 1
8 10 27 80000 1
4 9 14 40000 1
5 4 12 40188 0
9 4 16 66779 0
2 2 7 20000 1
4 6 12 38835 0
9 2 6 28340 0
7 7 21 69398 0
6 14 18 60000 1
4 1 3 13045 0
3 2 4 15404 0
1 8 4 10000 1
8 2 4 14378 0
8 15 28 80000 1
2 7 8 20000 1
3 4 10 30000 1
8 1 3 12746 0
4 11 15 40000 1
6 5 15 51272 0
3 3 9 30000 1
3 1 4 16478 0
4 4 12 40000 1
2 4 7 20000 1
4 1 3 11021 0
5 17 20 50000 1
5 6 16 50000 1
5 5 10 32738 0
1 4 4 10000 1
1 2 4 10000 1
10 8 24 80399 0
2 4 8 20000 1
9 5 15 59535 0
4 3 9 32471 0
6 7 16 58398 0
8 7 24 80000 1
5 12 16 50000 1
7 2 6 21437 0
4 4 13 40000 1
4 1 3 12495 0
4 3 12 40000 1
3 1 4 15961 0
7 2 6 25570 0
9 12 30 90000 1
7 11 22 70000 1
8 4 20 78426 0
1 1 3 9069 0
7 3 9 39916 0
4 2 10 37425 0
5 15 19 50000 1
1 7 4 10000 1
9 1 3 12863 0
4 7 12 40000 1
6 1 5 23434 0
6 1 2 6466 0
6 15 21 60000 1
6 7 19 60000 1
4 1 2 8108 0
2 1 2 7111 0
4 9 14 40000 1
3 1 2 7084 0
9 1 3 13741 0
9 2 6 23767 0
9 4 12 41903 0
2 6 8 20000 1
6 16 19 60000 1
6 9 20 60000 1
8 11 26 80000 1
4 3 9 34132 0
6 6 18 58122 0
4 11 15 40000 1
9 2 4 15169 0
7 17 23 70000 1
5 4 16 50000 1
9 8 26 87991 0
4 12 14 40000 1
3 1 3 10090 0
8 1 3 13333 0
7 1 4 16705 0
9 15 30 90000 1
8 15 28 80000 1
2 1 3 10725 0
1 1 4 10000 1
7 10 22 70000 1
6 9 19 60000 1
9 10 29 90000 1
4 9 15 40000 1
8 4 8 29426 0
9 1 3 12231 0
6 3 9 37567 0
3 1 2 6466 0
6 9 18 60000 1
1 1 3 9069 0
3 4 8 22932 0
9 5 20 82445 0
8 1 4 17743 0
9 16 31 90000 1
5 22 20 50000 1
2 1 3 10601 0
7 7 14 44299 0
1 2 4 10000 1
2 7 8 20000 1
1 1 4 10000 1
9 2 4 14942 0
3 6 11 30000 1
1 5 4 10000 1
1 6 4 10000 1
8 14 27 80000 1
1 8 4 10000 1
5 9 16 50000 1
2 7 8 20000 1
7 6 20 70000 1
6 19 23 60000 1
2 1 2 7084 0
2 5 8 20000 1
4 1 3 12132 0
6 20 24 60000 1
4 1 3 11528 0
9 16 33 90000 1
8 3 14 64381 0
2 2 6 20000 1
2 8 8 20000 1
10 1 3 15374 0
4 8 15 40000 1
4 6 14 40000 1
4 7 13 40000 1
4 1 3 12043 0
4 1 5 21996 0
8 6 18 73358 0
7 1 4 18571 0
9 21 35 90000 1
8 18 27 80000 1
7 1 2 7843 0
2 2 6 20000 1
2 8 8 20000 1
3 2 6 21536 0
6 24 24 60000 1
2 7 8 20000 1
1 3 4 10000 1
6 1 4 18348 0
4 3 9 33665 0
1 1 3 9069 0
3 1 4 15799 0
5 16 20 50000 1
3 2 6 20527 0
9 1 3 13857 0
3 2 6 23514 0
5 5 14 49014 0
4 1 4 18884 0
5 17 20 50000 1
9 2 4 15066 0
1 6 4 10000 1
9 1 4 17959 0
8 17 29 80000 1
9 10 30 90000 1
7 11 21 70000 1
5 11 15 50000 1
1 1 3 9069 0
8 23 27 80000 1
6 2 6 24514 0
5 1 3 11659 0
8 1 2 7904 0
4 1 4 17023 0
8 14 29 80000 1
9 6 24 90000 1
1 1 2 6046 0
1 2 4 10000 1
188 26 678 1880000 1
59 22 213 590000 1
11 17 39 110000 1
63 8 22 78359 0
1 4 4 10000 1
57 10 28 101596 0
19 26 76 190000 1
119 1 3 12757 0
5 3 9 36203 0
11 5 14 53455 0
1 2 4 10000 1
1 4 4 10000 1
1 2 4 10000 1
7 10 23 70000 1
1 1 2 6046 0
18 12 30 96462 0
69 27 244 690000 1
1 7 4 10000 1
17 5 19 75458 0
25 37 100 250000 1
81 12 36 126950 0
4 15 16 40000 1
165 6 18 70837 0
1 1 4 10000 1
10 21 40 100000 1
1 1 4 10000 1
1 1 4 10000 1
1 2 4 10000 1
1 1 2 6046 0
216 29 864 2160000 1
1 8 4 10000 1
2 1 4 13790 0
2 5 8 20000 1
3 8 12 30000 1
33 1 3 12307 0
124 8 39 184671 0
2 7 8 20000 1
2 2 6 20000 1
1 3 4 10000 1
80 7 14 50966 0
37 12 56 213895 0
1 6 4 10000 1
1 1 2 6046 0
3 12 12 30000 1
297 23 958 2970000 1
99 1 4 20843 0
80 8 17 52854 0
4 2 6 24334 0
16 9 35 133088 0
6 7 14 48023 0
5 4 13 47672 0
1 6 4 10000 1
11 11 33 110000 1
68 13 68 246981 0
27 15 85 270000 1
10 19 39 100000 1
1 3 4 10000 1
1 1 3 9069 0
1 1 2 6046 0
1 1 3 9069 0
26 8 24 89666 0
98 22 334 980000 1
124 28 429 1240000 1
39 21 134 390000 1
15 4 11 43672 0
2 4 8 20000 1
5 1 2 6960 0
7 13 21 70000 1
21 1 3 14447 0
1 1 2 6046 0
1 1 2 6046 0
9 4 12 45910 0
29 1 5 27789 0
96 21 310 960000 1
12 18 41 120000 1
192 9 27 102270 0
22 1 3 14344 0
1 3 4 10000 1
1 6 4 10000 1
217 5 11 39380 0
