2 1.134
7 1.31992592593
1 0.833333333333
3 1.11111111111
7 1.11111111111
5 0.925925925926
6 1.13424242424
2 1.22325
5 1.10605555556
1 0.833333333333
6 0.952380952381
5 1.45706666667
7 0.972222222222
5 1.14775
6 0.909090909091
7 1.01449275362
3 1.13725
4 1.02564102564
8 0.987654320988
4 0.952380952381
5 1.11633333333
9 1.39122916667
2 0.952380952381
4 1.07875
9 1.57444444444
7 1.10155555556
6 1.11111111111
4 1.44944444444
3 1.28366666667
1 0.833333333333
8 1.19816666667
8 0.952380952381
2 0.833333333333
3 1.0
8 1.41622222222
4 0.888888888889
6 1.13937777778
3 1.11111111111
3 1.37316666667
4 1.11111111111
2 0.952380952381
4 1.22455555556
5 0.833333333333
5 1.04166666667
5 1.09126666667
1 0.833333333333
1 0.833333333333
10 1.11665277778
2 0.833333333333
9 1.323
4 1.20262962963
6 1.216625
8 1.11111111111
5 1.04166666667
7 1.19094444444
4 1.02564102564
4 1.38833333333
4 1.11111111111
3 1.33008333333
7 1.42055555556
9 1.0
7 1.06060606061
8 1.3071
1 1.00766666667
7 1.47837037037
4 1.2475
5 0.877192982456
1 0.833333333333
9 1.42922222222
4 1.11111111111
6 1.56226666667
6 1.07766666667
6 0.952380952381
6 1.05263157895
4 1.35133333333
2 1.18516666667
4 0.952380952381
3 1.18066666667
9 1.52677777778
9 1.32038888889
9 1.16397222222
2 0.833333333333
6 1.05263157895
6 1.0
8 1.02564102564
4 1.26414814815
6 1.07633333333
4 0.888888888889
9 1.26408333333
7 1.01449275362
5 1.04166666667
9 1.12808974359
4 0.952380952381
3 1.12111111111
8 1.48144444444
7 1.39208333333
9 1.0
8 0.952380952381
2 1.19166666667
1 0.833333333333
7 1.06060606061
6 1.05263157895
9 1.03448275862
4 0.888888888889
8 1.22608333333
9 1.359
6 1.39137037037
3 1.07766666667
6 1.11111111111
1 1.00766666667
3 0.9555
9 1.37408333333
8 1.47858333333
9 0.967741935484
5 0.833333333333
2 1.17788888889
7 1.05473809524
1 0.833333333333
2 0.833333333333
1 0.833333333333
9 1.24516666667
3 0.909090909091
1 0.833333333333
1 0.833333333333
8 0.987654320988
1 0.833333333333
5 1.04166666667
2 0.833333333333
7 1.16666666667
6 0.869565217391
2 1.18066666667
2 0.833333333333
4 1.348
6 0.833333333333
4 1.28088888889
9 0.909090909091
8 1.53288095238
2 1.11111111111
2 0.833333333333
10 1.70822222222
4 0.888888888889
4 0.952380952381
4 1.02564102564
4 1.33811111111
4 1.4664
8 1.35848148148
7 1.54758333333
9 0.857142857143
8 0.987654320988
7 1.30716666667
2 1.11111111111
2 0.833333333333
3 1.19644444444
6 0.833333333333
2 0.833333333333
1 0.833333333333
6 1.529
4 1.24685185185
1 1.00766666667
3 1.31658333333
5 0.833333333333
3 1.14038888889
9 1.53966666667
3 1.30633333333
5 1.167
4 1.57366666667
5 0.833333333333
9 1.2555
1 0.833333333333
9 1.49658333333
8 0.919540229885
9 1.0
7 1.11111111111
5 1.11111111111
1 1.00766666667
8 0.987654320988
6 1.36188888889
5 1.29544444444
8 1.31733333333
4 1.41858333333
8 0.919540229885
9 1.25
1 1.00766666667
1 0.833333333333
188 0.924287118977
59 0.923317683881
11 0.940170940171
63 1.18725757576
1 0.833333333333
57 1.20947619048
19 0.833333333333
119 1.41744444444
5 1.34085185185
11 1.27273809524
1 0.833333333333
1 0.833333333333
1 0.833333333333
7 1.01449275362
1 1.00766666667
18 1.0718
69 0.94262295082
1 0.833333333333
17 1.3238245614
25 0.833333333333
81 1.17546296296
4 0.833333333333
165 1.3117962963
1 0.833333333333
10 0.833333333333
1 0.833333333333
1 0.833333333333
1 0.833333333333
1 1.00766666667
216 0.833333333333
1 0.833333333333
2 1.14916666667
2 0.833333333333
3 0.833333333333
33 1.36744444444
124 1.57838461538
2 0.833333333333
2 1.11111111111
1 0.833333333333
80 1.21347619048
37 1.27318452381
1 0.833333333333
1 1.00766666667
3 0.833333333333
297 1.03340292276
99 1.73691666667
80 1.03635294118
4 1.35188888889
16 1.2675047619
6 1.1434047619
5 1.22235897436
1 0.833333333333
11 1.11111111111
68 1.21069117647
27 1.05882352941
10 0.854700854701
1 0.833333333333
1 1.00766666667
1 1.00766666667
1 1.00766666667
26 1.24536111111
98 0.978043912176
124 0.963480963481
39 0.970149253731
15 1.32339393939
2 0.833333333333
5 1.16
7 1.11111111111
21 1.60522222222
1 1.00766666667
1 1.00766666667
9 1.27527777778
29 1.8526
96 1.03225806452
12 0.975609756098
192 1.26259259259
22 1.59377777778
1 0.833333333333
1 0.833333333333
217 1.19333333333
