8 7 18 80000 1
8 14 18 80000 1
7 9 18 70000 1
6 3 9 54944 0
3 1 2 10604 0
8 2 6 44258 0
3 3 7 30000 1
9 6 19 90000 1
5 11 14 50000 1
5 12 14 50000 1
5 5 11 50000 1
1 1 3 10000 1
4 3 9 40000 1
8 6 17 80000 1
6 1 3 20767 0
9 1 3 20418 0
2 3 6 20000 1
7 2 6 39038 0
2 1 3 14830 0
5 12 15 50000 1
7 1 3 19945 0
5 7 12 50000 1
5 2 10 50000 1
3 5 7 30000 1
8 1 3 19595 0
5 12 15 50000 1
8 14 22 80000 1
6 10 14 60000 1
6 3 9 52985 0
3 6 8 30000 1
6 5 12 60000 1
7 12 21 70000 1
4 3 8 40000 1
8 1 2 12098 0
2 4 6 20000 1
8 1 5 38707 0
5 12 15 50000 1
6 2 6 42527 0
8 13 24 80000 1
2 1 4 20000 1
6 5 13 60000 1
6 6 14 60000 1
2 2 5 20000 1
10 9 24 100000 1
5 10 11 50000 1
6 7 14 60000 1
9 3 15 90000 1
2 1 4 19528 0
6 2 6 40846 0
2 2 5 20000 1
9 5 18 90000 1
5 3 9 48106 0
8 6 16 80000 1
7 7 15 70000 1
9 1 5 49783 0
1 1 3 10000 1
5 1 3 21996 0
1 2 3 10000 1
3 1 3 19548 0
5 7 12 50000 1
3 1 4 24406 0
4 1 4 28596 0
9 1 3 20954 0
1 1 3 10000 1
2 4 6 20000 1
6 1 2 14658 0
6 1 2 16158 0
4 3 7 34224 0
1 1 3 10000 1
7 3 9 50530 0
4 1 3 19621 0
7 2 10 69288 0
2 4 6 20000 1
6 5 13 60000 1
1 1 3 10000 1
6 5 13 60000 1
4 2 7 37334 0
3 1 3 18888 0
9 5 15 84630 0
3 1 4 26627 0
4 1 2 11296 0
4 2 6 35596 0
4 11 12 40000 1
5 3 10 50000 1
7 3 9 48674 0
5 1 3 23319 0
4 4 9 40000 1
9 1 4 35917 0
7 4 12 65076 0
1 2 3 10000 1
8 9 17 80000 1
5 2 6 39004 0
9 4 12 72122 0
2 4 6 20000 1
4 2 8 40000 1
5 12 15 50000 1
7 6 15 70000 1
4 3 9 40000 1
3 1 3 20273 0
5 1 3 19017 0
2 1 4 20000 1
7 7 16 70000 1
8 3 10 62616 0
8 1 3 23650 0
4 1 3 17674 0
8 9 21 80000 1
2 4 6 20000 1
5 3 11 50000 1
9 11 25 90000 1
5 1 5 36547 0
8 8 19 80000 1
9 3 12 82423 0
7 8 17 70000 1
9 5 14 78662 0
3 7 9 30000 1
4 8 11 40000 1
2 2 5 20000 1
2 1 5 20000 1
9 2 6 53260 0
8 6 17 80000 1
3 1 2 10806 0
8 7 18 80000 1
4 1 3 20333 0
2 4 6 20000 1
10 9 23 100000 1
8 1 2 11988 0
3 1 3 18336 0
9 4 17 90000 1
10 2 6 39299 0
3 5 8 30000 1
5 3 11 50000 1
3 3 7 30000 1
8 6 17 80000 1
8 5 15 78950 0
9 1 3 21269 0
3 6 9 30000 1
9 5 18 90000 1
9 1 2 12323 0
4 4 9 40000 1
4 2 4 24863 0
6 1 2 11988 0
7 1 6 50250 0
8 1 3 22030 0
3 6 7 30000 1
8 6 18 80000 1
2 1 3 15302 0
3 1 2 10992 0
4 4 9 40000 1
4 4 8 38116 0
2 1 3 15302 0
1 1 3 10000 1
2 1 2 9528 0
5 14 15 50000 1
1 1 3 10000 1
4 1 4 25636 0
7 5 15 70000 1
4 1 2 10604 0
8 8 19 80000 1
4 4 9 40000 1
2 4 6 20000 1
2 2 5 20000 1
5 1 3 21624 0
8 2 6 43828 0
2 2 5 20000 1
5 3 9 47740 0
6 7 14 60000 1
9 1 4 32939 0
9 3 9 53725 0
1 1 3 10000 1
7 1 3 20347 0
8 9 21 80000 1
8 1 3 19975 0
3 5 7 30000 1
8 1 4 26353 0
5 6 12 50000 1
1 1 3 10000 1
4 7 10 40000 1
8 14 21 80000 1
6 2 4 28140 0
4 1 6 36716 0
2 1 4 20000 1
5 10 14 50000 1
1 1 3 10000 1
1 1 3 10000 1
130 19 380 1300000 1
3 1 3 18226 0
111 8 40 204080 0
1 1 3 10000 1
19 10 46 190000 1
183 17 495 1830000 1
7 7 16 70000 1
283 11 661 2830000 1
2 1 5 20000 1
1 1 3 10000 1
81 2 10 83651 0
5 1 2 11296 0
1 1 3 10000 1
2 2 5 20000 1
19 8 30 154488 0
57 10 43 188058 0
1 1 3 10000 1
1 2 3 10000 1
29 3 15 135491 0
1 1 2 8452 0
33 20 82 330000 1
209 1 3 20922 0
88 10 189 880000 1
25 14 73 250000 1
33 1 2 10604 0
1 1 3 10000 1
2 3 6 20000 1
1 1 3 10000 1
19 13 54 190000 1
51 16 109 510000 1
1 1 3 10000 1
1 1 3 10000 1
1 1 3 10000 1
1 2 3 10000 1
1 1 3 10000 1
5 2 8 45928 0
45 2 12 98994 0
1 1 3 10000 1
201 14 389 2010000 1
1 1 3 10000 1
58 5 15 84627 0
1 2 3 10000 1
1 1 3 10000 1
1 2 3 10000 1
139 1 3 23820 0
2 3 6 20000 1
1 1 3 10000 1
27 12 69 270000 1
1 1 3 10000 1
1 1 3 10000 1
19 9 36 165612 0
1 1 3 10000 1
142 8 32 165228 0
18 12 49 180000 1
12 1 3 19750 0
2 1 5 20000 1
1 1 2 8452 0
2 4 6 20000 1
1 1 3 10000 1
1 1 3 10000 1
3 5 8 30000 1
1 1 3 10000 1
68 16 175 680000 1
12 1 3 24594 0
1 2 3 10000 1
1 2 3 10000 1
1 2 3 10000 1
31 1 3 22971 0
45 9 91 450000 1
28 9 36 165658 0
83 7 125 830000 1
7 7 16 70000 1
39 2 8 62238 0
1 1 3 10000 1
1 1 2 8452 0
85 13 236 850000 1
1 1 3 10000 1
4 7 11 40000 1
1 1 3 10000 1
1 2 3 10000 1
