8 1.0582010582
8 1.0582010582
7 0.925925925926
6 1.45354497354
3 1.26238095238
8 1.75626984127
3 1.02040816327
9 1.12781954887
5 0.850340136054
5 0.850340136054
5 1.08225108225
1 0.793650793651
4 1.0582010582
8 1.12044817927
6 1.64817460317
9 1.62047619048
2 0.793650793651
7 1.54912698413
2 1.17698412698
5 0.793650793651
7 1.58293650794
5 0.992063492063
5 1.19047619048
3 1.02040816327
8 1.55515873016
5 0.793650793651
8 0.865800865801
6 1.02040816327
6 1.40171957672
3 0.892857142857
6 1.19047619048
7 0.793650793651
4 1.19047619048
8 1.44023809524
2 0.793650793651
8 1.84319047619
5 0.793650793651
6 1.68757936508
8 0.793650793651
2 1.19047619048
6 1.0989010989
6 1.02040816327
2 0.952380952381
10 0.992063492063
5 1.08225108225
6 1.02040816327
9 1.42857142857
2 1.16238095238
6 1.62087301587
2 0.952380952381
9 1.19047619048
5 1.27264550265
8 1.19047619048
7 1.11111111111
9 2.37061904762
1 0.793650793651
5 1.74571428571
1 0.793650793651
3 1.55142857143
5 0.992063492063
3 1.45273809524
4 1.70214285714
9 1.66301587302
1 0.793650793651
2 0.793650793651
6 1.745
6 1.92357142857
4 1.16408163265
1 0.793650793651
7 1.33677248677
4 1.55722222222
7 1.64971428571
2 0.793650793651
6 1.0989010989
1 0.793650793651
6 1.0989010989
4 1.26986394558
3 1.49904761905
9 1.34333333333
3 1.58494047619
4 1.34476190476
4 1.41253968254
4 0.793650793651
5 1.19047619048
7 1.28767195767
5 1.85071428571
4 1.0582010582
9 2.13791666667
7 1.29119047619
1 0.793650793651
8 1.12044817927
5 1.54777777778
9 1.43099206349
2 0.793650793651
4 1.19047619048
5 0.793650793651
7 1.11111111111
4 1.0582010582
3 1.60896825397
5 1.50928571429
2 1.19047619048
7 1.04166666667
8 1.49085714286
8 1.87698412698
4 1.4026984127
8 0.907029478458
2 0.793650793651
5 1.08225108225
9 0.857142857143
5 1.74033333333
8 1.00250626566
9 1.63537698413
7 0.980392156863
9 1.33778911565
3 0.793650793651
4 0.865800865801
2 0.952380952381
2 0.952380952381
9 2.11349206349
8 1.12044817927
3 1.28642857143
8 1.0582010582
4 1.61373015873
2 0.793650793651
10 1.03519668737
8 1.42714285714
3 1.45523809524
9 1.26050420168
10 1.55948412698
3 0.892857142857
5 1.08225108225
3 1.02040816327
8 1.12044817927
8 1.25317460317
9 1.68801587302
3 0.793650793651
9 1.19047619048
9 1.46702380952
4 1.0582010582
4 1.47994047619
6 1.42714285714
7 1.99404761905
8 1.74841269841
3 1.02040816327
8 1.0582010582
2 1.21444444444
3 1.30857142857
4 1.0582010582
4 1.1344047619
2 1.21444444444
1 0.793650793651
2 1.13428571429
5 0.793650793651
1 0.793650793651
4 1.52595238095
7 1.11111111111
4 1.26238095238
8 1.00250626566
4 1.0582010582
2 0.793650793651
2 0.952380952381
5 1.71619047619
8 1.73920634921
2 0.952380952381
5 1.26296296296
6 1.02040816327
9 1.9606547619
9 1.4212962963
1 0.793650793651
7 1.61484126984
8 0.907029478458
8 1.58531746032
3 1.02040816327
8 1.56863095238
5 0.992063492063
1 0.793650793651
4 0.952380952381
8 0.907029478458
6 1.675
4 1.45698412698
2 1.19047619048
5 0.850340136054
1 0.793650793651
1 0.793650793651
130 0.814536340852
3 1.44650793651
111 1.21476190476
1 0.793650793651
19 0.983436853002
183 0.880230880231
7 1.04166666667
283 1.01937900728
2 0.952380952381
1 0.793650793651
81 1.99169047619
5 1.34476190476
1 0.793650793651
2 0.952380952381
19 1.2260952381
57 1.04129568106
1 0.793650793651
1 0.793650793651
29 2.15065079365
1 1.00619047619
33 0.95818815331
209 1.66047619048
88 1.10859158478
25 0.815394651011
33 1.26238095238
1 0.793650793651
2 0.793650793651
1 0.793650793651
19 0.837742504409
51 1.11402359109
1 0.793650793651
1 0.793650793651
1 0.793650793651
1 0.793650793651
1 0.793650793651
5 1.3669047619
45 1.96416666667
1 0.793650793651
201 1.23026074183
1 0.793650793651
58 1.34328571429
1 0.793650793651
1 0.793650793651
1 0.793650793651
139 1.89047619048
2 0.793650793651
1 0.793650793651
27 0.931677018634
1 0.793650793651
1 0.793650793651
19 1.09531746032
1 0.793650793651
142 1.229375
18 0.874635568513
12 1.56746031746
2 0.952380952381
1 1.00619047619
2 0.793650793651
1 0.793650793651
1 0.793650793651
3 0.892857142857
1 0.793650793651
68 0.925170068027
12 1.9519047619
1 0.793650793651
1 0.793650793651
1 0.793650793651
31 1.8230952381
45 1.17739403454
28 1.09562169312
83 1.58095238095
7 1.04166666667
39 1.85232142857
1 0.793650793651
1 1.00619047619
85 0.857546408394
1 0.793650793651
4 0.865800865801
1 0.793650793651
1 0.793650793651
