8 1.48148148148
6 1.23456790123
5 1.15740740741
9 1.11111111111
4 1.0582010582
2 0.925925925926
3 1.38888888889
7 1.2962962963
6 1.23456790123
9 2.09462962963
6 1.23456790123
1 0.925925925926
5 1.15740740741
6 1.8522962963
9 2.20537037037
2 1.20580246914
6 1.79395061728
4 1.77148148148
7 1.2962962963
7 1.44032921811
2 0.925925925926
8 1.6775308642
2 1.23456790123
4 1.48148148148
7 1.17845117845
1 0.925925925926
5 1.77191358025
5 1.70459259259
9 1.80345679012
4 1.8612962963
9 1.38888888889
7 1.86074074074
4 1.23456790123
4 1.64672839506
8 1.3468013468
5 1.15740740741
7 1.2962962963
6 1.57970899471
10 2.46385802469
4 1.60615740741
3 1.38888888889
9 2.24132716049
2 1.23456790123
4 1.65782407407
8 1.75518518519
2 0.925925925926
9 1.66009259259
9 2.1312654321
7 1.97166666667
2 1.23456790123
3 1.38888888889
5 1.15740740741
8 1.67956790123
3 0.925925925926
1 0.925925925926
3 1.11111111111
9 2.26939814815
2 1.23456790123
5 1.95783950617
9 1.04166666667
3 1.11111111111
7 2.02014814815
3 1.11111111111
6 1.5873015873
7 1.98674074074
3 1.38888888889
3 1.38888888889
2 0.925925925926
9 1.04166666667
3 0.925925925926
6 1.23456790123
4 1.23456790123
4 1.46488888889
8 1.8675
1 0.925925925926
7 1.79100529101
3 0.925925925926
9 1.85845679012
2 0.925925925926
1 0.925925925926
8 1.3468013468
7 1.70388888889
8 1.88851851852
3 1.11111111111
9 1.04166666667
4 1.0582010582
7 1.82669753086
3 1.48802469136
3 1.48487654321
3 1.11111111111
7 1.2962962963
7 1.7187037037
1 0.925925925926
3 1.58438271605
7 1.9924537037
9 1.11111111111
1 0.925925925926
5 1.32275132275
6 1.23456790123
1 0.925925925926
3 1.38888888889
2 1.23456790123
4 1.5824537037
7 1.73475308642
8 2.15157407407
6 1.71709876543
1 0.925925925926
4 1.72839506173
5 0.925925925926
2 0.925925925926
3 1.38888888889
2 1.23456790123
5 1.71777777778
3 1.11111111111
5 1.72888888889
1 0.925925925926
8 1.23456790123
6 1.11111111111
7 1.44032921811
4 1.57097222222
9 1.44407407407
3 1.11111111111
9 2.09896296296
7 0.997150997151
6 1.7862962963
6 2.01763888889
3 1.11111111111
6 1.93549382716
9 1.51515151515
9 2.35811111111
9 2.09412698413
2 1.23456790123
4 1.0582010582
2 1.23456790123
2 0.925925925926
3 0.925925925926
5 2.19604938272
4 1.65938271605
7 2.20320987654
2 1.23456790123
2 1.23456790123
5 1.32275132275
2 1.20580246914
7 1.17845117845
4 1.23456790123
2 0.925925925926
4 1.70672839506
8 1.72049382716
3 0.925925925926
4 1.61925925926
4 1.23456790123
2 1.23456790123
7 1.89283950617
7 1.2962962963
8 1.9262962963
5 1.69592592593
8 1.9362962963
4 1.6399537037
9 2.01986111111
4 1.98290123457
8 1.48148148148
2 1.23456790123
2 1.23456790123
8 1.70342592593
3 1.52456790123
2 1.23456790123
5 1.02880658436
5 1.69671296296
1 0.925925925926
6 2.01018518519
5 1.15740740741
1 0.925925925926
7 1.74907407407
9 1.81799382716
3 1.38888888889
6 1.35902777778
7 1.2962962963
4 0.925925925926
7 2.06981481481
3 1.53333333333
4 1.0582010582
2 1.23456790123
2 1.23456790123
1 0.925925925926
1 0.925925925926
1 0.925925925926
32 1.41093474427
31 1.80709876543
18 2.51336419753
5 1.69709876543
129 0.925925925926
9 1.60194444444
30 2.01824074074
1 0.925925925926
1 0.925925925926
1 0.925925925926
199 1.95617283951
1 0.925925925926
11 1.1316872428
98 1.76985185185
79 1.0601180891
14 2.5299537037
1 0.925925925926
170 1.4175
140 2.19151234568
8 1.64151234568
4 1.62657407407
1 0.925925925926
1 0.925925925926
1 0.925925925926
6 1.11111111111
35 1.94502314815
281 2.00444444444
11 1.34146825397
1 0.925925925926
1 0.925925925926
5 1.71925925926
292 2.06109347443
303 1.34499074074
1 0.925925925926
1 0.925925925926
5 1.65467592593
1 0.925925925926
126 1.80074074074
124 1.81104938272
1 0.925925925926
3 1.3649537037
1 0.925925925926
1 0.925925925926
1 0.925925925926
6 1.38888888889
33 2.53466666667
10 1.49111111111
36 1.29712345679
1 0.925925925926
10 1.93456790123
1 0.925925925926
1 0.925925925926
1 0.925925925926
102 0.938238017429
1 0.925925925926
2 1.23456790123
1 0.925925925926
1 0.925925925926
133 1.52721296296
3 1.38888888889
3 1.11111111111
36 2.67343304843
3 1.5487037037
47 2.06888888889
28 1.6125
136 2.53828703704
36 0.925925925926
151 1.76166666667
43 2.50305555556
1 0.925925925926
1 0.925925925926
2 1.23456790123
103 0.925925925926
1 0.925925925926
7 1.62037037037
106 1.46489773355
191 0.940701339638
84 1.06544901065
