6 1 4 8000 0
4 15 20 40000 1
8 13 40 80000 1
8 12 40 80000 1
6 4 20 40000 0
1 6 5 10000 1
1 5 5 10000 1
3 22 15 30000 1
5 5 25 50000 1
1 2 5 10000 1
9 9 45 90000 1
6 12 30 60000 1
6 6 30 60000 1
1 1 5 10000 1
6 13 30 60000 1
5 2 6 12000 0
6 7 30 60000 1
1 1 4 8000 0
9 6 31 62000 0
8 4 22 44000 0
6 22 30 60000 1
3 9 15 30000 1
6 20 30 60000 1
4 3 12 24000 0
3 10 15 30000 1
7 11 35 70000 1
7 23 35 70000 1
6 21 30 60000 1
2 1 6 12000 0
9 15 45 90000 1
3 11 15 30000 1
6 5 29 58000 0
6 4 27 54000 0
8 9 40 80000 1
6 5 21 42000 0
5 17 25 50000 1
7 11 35 70000 1
5 3 14 28000 0
6 12 30 60000 1
9 5 29 58000 0
5 16 25 50000 1
9 12 45 90000 1
4 5 19 38000 0
1 3 5 10000 1
4 2 12 24000 0
9 15 45 90000 1
8 11 40 80000 1
4 1 6 12000 0
7 16 35 70000 1
6 7 30 60000 1
6 6 30 60000 1
9 10 45 90000 1
8 9 40 80000 1
5 21 25 50000 1
2 1 3 6000 0
3 18 15 30000 1
7 12 35 70000 1
2 9 10 20000 1
9 14 45 90000 1
2 14 10 20000 1
2 1 3 6000 0
8 26 40 80000 1
8 24 40 80000 1
4 12 20 40000 1
6 10 30 60000 1
6 12 30 60000 1
4 18 20 40000 1
3 9 15 30000 1
6 25 30 60000 1
4 4 15 30000 0
3 15 15 30000 1
7 1 4 8000 0
2 1 4 8000 0
9 1 4 8000 0
8 19 40 80000 1
2 1 3 6000 0
6 5 30 60000 1
5 2 8 16000 0
3 11 15 30000 1
8 21 40 80000 1
4 11 20 40000 1
5 23 25 50000 1
8 9 40 80000 1
8 11 40 80000 1
3 1 4 8000 0
9 2 13 26000 0
7 10 35 70000 1
9 3 13 26000 0
4 17 20 40000 1
4 14 20 40000 1
2 12 10 20000 1
9 6 45 90000 1
2 12 10 20000 1
6 16 30 60000 1
4 1 4 8000 0
9 9 45 90000 1
7 17 35 70000 1
10 7 50 100000 1
9 22 45 90000 1
8 1 5 10000 0
2 10 10 20000 1
9 2 5 10000 0
6 19 30 60000 1
1 2 5 10000 1
6 9 30 60000 1
6 2 15 30000 0
8 16 40 80000 1
8 2 8 16000 0
8 15 40 80000 1
6 9 30 60000 1
2 1 4 8000 0
9 11 45 90000 1
9 12 45 90000 1
2 3 9 18000 0
1 1 4 8000 0
7 19 35 70000 1
3 14 15 30000 1
7 21 35 70000 1
5 16 25 50000 1
4 2 10 20000 0
1 1 2 4000 0
9 3 20 40000 0
1 1 5 10000 1
2 1 7 14000 0
2 2 10 20000 1
5 10 25 50000 1
8 5 17 34000 0
8 13 40 80000 1
4 5 20 40000 1
6 9 30 60000 1
4 19 20 40000 1
2 2 10 20000 1
1 3 5 10000 1
2 1 3 6000 0
3 1 4 8000 0
5 3 16 32000 0
9 1 6 12000 0
5 22 25 50000 1
8 1 4 8000 0
4 6 20 40000 1
2 2 7 14000 0
4 7 20 40000 1
7 1 7 14000 0
9 3 12 24000 0
4 17 20 40000 1
9 5 20 40000 0
7 18 35 70000 1
2 9 10 20000 1
3 17 15 30000 1
8 9 40 80000 1
4 7 20 40000 1
7 22 35 70000 1
3 18 15 30000 1
7 5 25 50000 0
6 6 30 60000 1
6 9 30 60000 1
5 4 23 46000 0
9 5 26 52000 0
6 5 25 50000 0
1 1 5 10000 1
6 1 6 12000 0
8 1 6 12000 0
9 5 35 70000 0
5 5 25 50000 1
8 14 40 80000 1
8 6 40 80000 1
7 6 24 48000 0
8 9 40 80000 1
4 1 4 8000 0
1 1 5 10000 1
4 10 20 40000 1
2 6 10 20000 1
8 19 40 80000 1
9 1 4 8000 0
4 17 20 40000 1
8 12 40 80000 1
7 3 12 24000 0
5 12 25 50000 1
5 3 10 20000 0
4 2 13 26000 0
4 6 20 40000 1
7 11 35 70000 1
1 3 5 10000 1
1 1 3 6000 0
38 12 190 380000 1
1 4 5 10000 1
1 4 5 10000 1
3 19 15 30000 1
103 8 80 160000 0
17 27 85 170000 1
31 13 155 310000 1
5 7 25 50000 1
3 1 4 8000 0
3 4 15 30000 1
57 5 25 50000 0
99 8 77 154000 0
7 3 20 40000 0
22 5 26 52000 0
2 2 10 20000 1
2 5 10 20000 1
86 9 111 222000 0
1 1 5 10000 1
1 2 5 10000 1
243 6 29 58000 0
1 1 3 6000 0
71 11 210 420000 0
11 14 55 110000 1
1 2 5 10000 1
54 1 4 8000 0
1 1 5 10000 1
15 4 20 40000 0
1 5 5 10000 1
12 6 23 46000 0
244 2 10 20000 0
1 2 5 10000 1
1 1 3 6000 0
2 3 9 18000 0
55 2 8 16000 0
1 1 5 10000 1
1 5 5 10000 1
2 1 3 6000 0
1 1 4 8000 0
12 19 60 120000 1
3 7 15 30000 1
30 8 69 138000 0
1 2 5 10000 1
1 4 5 10000 1
2 10 10 20000 1
1 7 5 10000 1
1 1 4 8000 0
4 15 20 40000 1
86 15 430 860000 1
231 11 87 174000 0
8 2 8 16000 0
1 5 5 10000 1
192 16 960 1920000 1
1 6 5 10000 1
4 7 20 40000 1
129 7 116 232000 0
1 4 5 10000 1
10 11 50 100000 1
253 13 443 886000 0
177 17 885 1770000 1
22 14 110 220000 1
1 1 3 6000 0
1 3 5 10000 1
178 28 890 1780000 1
6 14 30 60000 1
53 1 4 8000 0
51 15 255 510000 1
1 4 5 10000 1
3 8 15 30000 1
282 4 16 32000 0
2 7 10 20000 1
1 1 4 8000 0
77 4 28 56000 0
20 19 100 200000 1
1 4 5 10000 1
2 5 10 20000 1
30 3 12 24000 0
1 3 5 10000 1
4 1 4 8000 0
1 6 5 10000 1
1 5 5 10000 1
