6 1.0
4 1.0
8 1.0
8 1.0
6 1.0
1 1.0
1 1.0
3 1.0
5 1.0
1 1.0
9 1.0
6 1.0
6 1.0
1 1.0
6 1.0
5 1.0
6 1.0
1 1.0
9 1.0
8 1.0
6 1.0
3 1.0
6 1.0
4 1.0
3 1.0
7 1.0
7 1.0
6 1.0
2 1.0
9 1.0
3 1.0
6 1.0
6 1.0
8 1.0
6 1.0
5 1.0
7 1.0
5 1.0
6 1.0
9 1.0
5 1.0
9 1.0
4 1.0
1 1.0
4 1.0
9 1.0
8 1.0
4 1.0
7 1.0
6 1.0
6 1.0
9 1.0
8 1.0
5 1.0
2 1.0
3 1.0
7 1.0
2 1.0
9 1.0
2 1.0
2 1.0
8 1.0
8 1.0
4 1.0
6 1.0
6 1.0
4 1.0
3 1.0
6 1.0
4 1.0
3 1.0
7 1.0
2 1.0
9 1.0
8 1.0
2 1.0
6 1.0
5 1.0
3 1.0
8 1.0
4 1.0
5 1.0
8 1.0
8 1.0
3 1.0
9 1.0
7 1.0
9 1.0
4 1.0
4 1.0
2 1.0
9 1.0
2 1.0
6 1.0
4 1.0
9 1.0
7 1.0
10 1.0
9 1.0
8 1.0
2 1.0
9 1.0
6 1.0
1 1.0
6 1.0
6 1.0
8 1.0
8 1.0
8 1.0
6 1.0
2 1.0
9 1.0
9 1.0
2 1.0
1 1.0
7 1.0
3 1.0
7 1.0
5 1.0
4 1.0
1 1.0
9 1.0
1 1.0
2 1.0
2 1.0
5 1.0
8 1.0
8 1.0
4 1.0
6 1.0
4 1.0
2 1.0
1 1.0
2 1.0
3 1.0
5 1.0
9 1.0
5 1.0
8 1.0
4 1.0
2 1.0
4 1.0
7 1.0
9 1.0
4 1.0
9 1.0
7 1.0
2 1.0
3 1.0
8 1.0
4 1.0
7 1.0
3 1.0
7 1.0
6 1.0
6 1.0
5 1.0
9 1.0
6 1.0
1 1.0
6 1.0
8 1.0
9 1.0
5 1.0
8 1.0
8 1.0
7 1.0
8 1.0
4 1.0
1 1.0
4 1.0
2 1.0
8 1.0
9 1.0
4 1.0
8 1.0
7 1.0
5 1.0
5 1.0
4 1.0
4 1.0
7 1.0
1 1.0
1 1.0
38 1.0
1 1.0
1 1.0
3 1.0
103 1.0
17 1.0
31 1.0
5 1.0
3 1.0
3 1.0
57 1.0
99 1.0
7 1.0
22 1.0
2 1.0
2 1.0
86 1.0
1 1.0
1 1.0
243 1.0
1 1.0
71 1.0
11 1.0
1 1.0
54 1.0
1 1.0
15 1.0
1 1.0
12 1.0
244 1.0
1 1.0
1 1.0
2 1.0
55 1.0
1 1.0
1 1.0
2 1.0
1 1.0
12 1.0
3 1.0
30 1.0
1 1.0
1 1.0
2 1.0
1 1.0
1 1.0
4 1.0
86 1.0
231 1.0
8 1.0
1 1.0
192 1.0
1 1.0
4 1.0
129 1.0
1 1.0
10 1.0
253 1.0
177 1.0
22 1.0
1 1.0
1 1.0
178 1.0
6 1.0
53 1.0
51 1.0
1 1.0
3 1.0
282 1.0
2 1.0
1 1.0
77 1.0
20 1.0
1 1.0
2 1.0
30 1.0
1 1.0
4 1.0
1 1.0
1 1.0
