8 1.0
7 0.833333333333
7 0.833333333333
6 0.833333333333
9 1.0
6 1.0
4 0.833333333333
3 1.0
6 1.0
9 0.833333333333
8 0.939393939394
4 0.833333333333
9 0.833333333333
8 0.833333333333
6 1.0
5 0.888888888889
2 0.833333333333
5 1.0
7 1.0
9 1.0
1 0.833333333333
4 1.0
8 1.0
7 0.833333333333
3 0.833333333333
7 1.0
6 1.0
3 1.0
8 0.833333333333
7 1.0
8 1.0
2 0.833333333333
9 0.833333333333
6 0.833333333333
9 0.936507936508
4 0.833333333333
5 0.833333333333
2 0.833333333333
8 0.833333333333
8 0.833333333333
4 1.0
9 1.0
2 0.833333333333
5 0.859649122807
5 1.0
7 1.0
6 1.0
8 0.958333333333
8 1.0
3 0.833333333333
7 0.833333333333
6 1.0
9 1.0
8 1.0
6 1.0
2 0.888888888889
3 0.833333333333
3 0.833333333333
7 0.833333333333
1 0.833333333333
8 1.0
7 0.833333333333
9 1.0
4 0.833333333333
9 1.0
9 0.972222222222
9 0.833333333333
6 0.833333333333
6 0.833333333333
7 0.833333333333
5 0.833333333333
7 0.833333333333
1 0.833333333333
8 0.833333333333
8 0.833333333333
3 0.888888888889
5 0.833333333333
3 1.0
2 0.833333333333
8 1.0
7 1.0
8 1.0
1 1.0
9 1.0
9 1.0
2 0.833333333333
2 0.833333333333
9 1.0
7 0.833333333333
2 0.833333333333
6 0.833333333333
6 0.833333333333
3 0.833333333333
3 0.833333333333
6 0.833333333333
2 1.0
8 0.966666666667
1 0.833333333333
7 0.833333333333
5 1.0
8 1.0
5 1.0
3 0.904761904762
8 0.833333333333
3 1.0
5 0.833333333333
5 0.833333333333
2 1.0
7 0.833333333333
9 0.833333333333
1 0.833333333333
7 0.833333333333
2 1.0
8 0.833333333333
7 0.833333333333
4 0.833333333333
6 1.0
3 1.0
8 0.833333333333
1 0.833333333333
6 1.0
2 1.0
6 0.833333333333
6 1.0
7 0.833333333333
7 1.0
6 0.833333333333
8 0.833333333333
5 0.833333333333
7 0.833333333333
3 1.0
5 0.833333333333
4 0.916666666667
9 0.962962962963
4 0.833333333333
4 0.833333333333
9 1.0
1 0.833333333333
4 0.833333333333
4 0.833333333333
3 0.833333333333
4 1.0
4 0.833333333333
1 0.833333333333
2 0.833333333333
3 0.833333333333
7 0.833333333333
3 0.833333333333
2 0.904761904762
5 1.0
3 0.833333333333
8 0.833333333333
2 0.833333333333
5 0.833333333333
5 0.833333333333
3 0.833333333333
7 0.833333333333
6 1.0
3 1.0
6 1.0
5 1.0
8 0.833333333333
8 1.0
3 1.0
3 0.833333333333
8 0.833333333333
8 1.0
6 1.0
5 1.0
7 1.0
4 0.833333333333
1 0.833333333333
7 0.893333333333
6 0.833333333333
4 0.933333333333
9 0.833333333333
2 0.833333333333
5 1.0
8 1.0
5 1.0
1 1.0
8 0.833333333333
28 0.833333333333
20 0.833333333333
122 0.833333333333
2 0.833333333333
1 0.833333333333
6 0.833333333333
1 0.833333333333
1 0.833333333333
27 1.0
3 1.0
3 0.833333333333
24 1.0
1 0.833333333333
1 0.833333333333
1 0.833333333333
1 0.833333333333
1 0.833333333333
22 1.0
1 0.833333333333
2 0.833333333333
1 0.833333333333
2 1.0
1 0.833333333333
216 0.833333333333
9 0.833333333333
1 0.833333333333
7 0.833333333333
27 0.980392156863
4 1.0
2 0.904761904762
38 0.833333333333
2 0.866666666667
2 0.833333333333
5 0.833333333333
197 0.921568627451
1 0.833333333333
37 1.0
23 0.833333333333
1 0.833333333333
1 0.833333333333
1 0.833333333333
16 0.833333333333
5 1.0
92 0.833333333333
5 1.0
1 0.833333333333
1 1.0
13 0.833333333333
1 0.833333333333
7 0.958333333333
1 0.833333333333
1 0.833333333333
1 0.833333333333
80 1.0
5 0.833333333333
11 0.833333333333
7 1.0
23 0.946666666667
1 1.0
1 0.833333333333
22 0.948717948718
57 0.833333333333
6 0.833333333333
1 0.833333333333
7 0.833333333333
1 0.833333333333
13 0.833333333333
3 0.833333333333
2 0.833333333333
19 0.833333333333
44 0.9375
13 1.0
92 0.867579908676
1 0.833333333333
1 0.833333333333
113 1.0
4 1.0
64 1.0
50 1.0
1 0.833333333333
8 0.833333333333
132 1.0
