7 5 21 70000 1
2 1 5 17400 0
7 5 21 70000 1
2 2 6 20000 1
9 1 9 30000 0
9 3 27 90000 1
7 1 6 20000 0
7 1 11 37400 0
5 1 5 17400 0
9 4 27 90000 1
6 4 18 60000 1
4 1 5 17400 0
9 1 8 27400 0
6 4 18 60000 1
6 5 18 60000 1
9 1 5 17400 0
4 2 12 40000 1
4 1 5 17400 0
5 1 12 41100 0
7 3 21 70000 1
6 1 6 20000 0
5 1 10 33700 0
6 1 6 20000 0
8 1 6 20000 0
8 1 8 27400 0
2 2 6 20000 1
5 3 15 50000 1
9 1 8 27400 0
5 2 15 50000 1
6 2 14 47400 0
8 7 24 80000 1
9 3 27 90000 1
5 1 8 27400 0
3 1 8 27400 0
7 1 9 30000 0
2 2 6 20000 1
6 6 18 60000 1
10 6 30 100000 1
9 4 27 90000 1
6 1 5 17400 0
5 1 7 23700 0
6 1 8 27400 0
2 2 6 20000 1
10 1 5 17400 0
3 1 9 30000 1
3 2 9 30000 1
3 5 9 30000 1
6 5 18 60000 1
1 1 3 10000 1
7 2 17 57400 0
5 6 15 50000 1
6 4 18 60000 1
1 2 3 10000 1
6 3 18 60000 1
2 3 6 20000 1
8 1 6 20000 0
5 1 6 21100 0
1 1 3 10000 1
2 3 6 20000 1
7 3 21 70000 1
7 2 21 70000 1
9 1 7 23700 0
8 3 24 80000 1
8 5 24 80000 1
3 4 9 30000 1
4 1 7 23700 0
4 5 12 40000 1
5 1 5 17400 0
9 6 27 90000 1
9 1 10 33700 0
2 1 6 20000 1
2 1 5 17400 0
9 4 27 90000 1
1 1 3 10000 1
3 1 9 30000 1
8 1 8 27400 0
9 8 27 90000 1
1 1 3 10000 1
4 5 12 40000 1
1 1 3 10000 1
6 4 18 60000 1
8 7 24 80000 1
6 6 18 60000 1
9 3 27 90000 1
4 5 12 40000 1
9 3 27 90000 1
1 1 3 10000 1
7 1 6 20000 0
8 4 24 80000 1
1 1 3 10000 1
1 1 3 10000 1
1 2 3 10000 1
3 5 9 30000 1
8 1 10 34800 0
5 1 5 17400 0
7 2 13 43700 0
9 1 8 27400 0
7 1 7 23700 0
7 1 9 30000 0
7 1 5 17400 0
5 1 9 30000 0
9 1 6 20000 0
6 1 7 23700 0
7 4 21 70000 1
4 1 8 27400 0
1 1 3 10000 1
7 1 9 30000 0
5 1 11 37400 0
2 1 6 20000 1
5 1 6 20000 0
3 1 8 27400 0
8 5 24 80000 1
3 1 8 27400 0
7 1 4 13700 0
2 1 6 20000 1
1 1 3 10000 1
5 4 15 50000 1
5 4 15 50000 1
9 4 27 90000 1
2 2 6 20000 1
4 5 12 40000 1
2 1 5 17400 0
4 4 12 40000 1
3 4 9 30000 1
7 2 10 33700 0
9 7 27 90000 1
2 1 5 17400 0
2 1 6 20000 1
9 5 27 90000 1
9 5 27 90000 1
5 4 15 50000 1
5 1 10 33700 0
2 1 6 20000 1
7 1 6 21100 0
5 6 15 50000 1
4 1 5 17400 0
5 1 7 23700 0
9 3 24 81100 0
4 4 12 40000 1
4 2 12 40000 1
4 3 12 40000 1
1 1 3 10000 1
2 3 6 20000 1
4 1 5 17400 0
5 4 15 50000 1
3 4 9 30000 1
9 2 14 48500 0
7 1 10 33700 0
4 4 12 40000 1
4 3 12 40000 1
6 5 18 60000 1
9 3 27 90000 1
7 1 6 20000 0
3 1 8 27400 0
2 1 6 20000 1
1 1 3 10000 1
3 5 9 30000 1
4 5 12 40000 1
9 1 7 23700 0
2 2 6 20000 1
9 1 8 27400 0
4 4 12 40000 1
2 1 5 17400 0
6 1 5 17400 0
3 1 4 13700 0
8 4 24 80000 1
3 5 9 30000 1
3 1 5 17400 0
7 1 7 23700 0
5 1 9 31100 0
8 1 6 20000 0
7 6 21 70000 1
1 1 3 10000 1
9 1 8 27400 0
2 2 6 20000 1
8 1 5 17400 0
8 1 10 34800 0
5 3 15 50000 1
4 1 6 20000 0
2 1 6 20000 1
8 1 5 17400 0
8 1 13 44800 0
1 1 3 10000 1
232 1 6 20000 0
1 1 3 10000 1
1 1 3 10000 1
1 1 3 10000 1
2 1 5 17400 0
1 1 3 10000 1
1 1 3 10000 1
172 8 516 1720000 1
1 1 3 10000 1
8 5 24 80000 1
4 3 12 40000 1
1 2 3 10000 1
122 2 18 61100 0
1 1 3 10000 1
106 3 27 90000 0
8 2 17 57400 0
5 1 6 20000 0
2 3 6 20000 1
5 1 12 41100 0
285 6 855 2850000 1
92 1 8 27400 0
11 2 30 101100 0
1 1 3 10000 1
7 1 10 34800 0
60 9 180 600000 1
2 3 6 20000 1
217 3 23 78500 0
103 7 309 1030000 1
278 1 6 20000 0
1 1 3 10000 1
4 1 7 23700 0
1 2 3 10000 1
2 1 5 17400 0
12 1 11 37400 0
122 9 366 1220000 1
17 1 7 23700 0
6 5 18 60000 1
1 1 3 10000 1
182 1 5 17400 0
3 1 8 27400 0
1 1 3 10000 1
55 8 165 550000 1
1 1 3 10000 1
48 1 7 24800 0
1 1 3 10000 1
24 3 30 100000 0
18 1 5 17400 0
2 1 6 20000 1
46 9 138 460000 1
15 1 5 17400 0
6 3 18 60000 1
1 1 3 10000 1
37 1 9 31100 0
1 1 3 10000 1
7 2 13 43700 0
1 1 3 10000 1
239 11 717 2390000 1
1 1 3 10000 1
6 2 18 60000 1
176 1 10 33700 0
37 6 111 370000 1
1 1 3 10000 1
1 1 3 10000 1
54 7 162 540000 1
3 4 9 30000 1
1 1 3 10000 1
6 4 18 60000 1
9 7 27 90000 1
20 7 60 200000 1
1 1 3 10000 1
1 1 3 10000 1
278 1 10 33700 0
9 1 4 13700 0
12 8 36 120000 1
1 1 3 10000 1
1 1 3 10000 1
1 1 3 10000 1
1 2 3 10000 1
1 1 3 10000 1
18 3 41 137400 0
1 2 3 10000 1
