7 0.900900900901
2 0.940540540541
7 0.900900900901
2 0.900900900901
9 0.900900900901
9 0.900900900901
7 0.900900900901
7 0.918918918919
5 0.940540540541
9 0.900900900901
6 0.900900900901
4 0.940540540541
9 0.925675675676
6 0.900900900901
6 0.900900900901
9 0.940540540541
4 0.900900900901
4 0.940540540541
5 0.925675675676
7 0.900900900901
6 0.900900900901
5 0.910810810811
6 0.900900900901
8 0.900900900901
8 0.925675675676
2 0.900900900901
5 0.900900900901
9 0.925675675676
5 0.900900900901
6 0.915057915058
8 0.900900900901
9 0.900900900901
5 0.925675675676
3 0.925675675676
7 0.900900900901
2 0.900900900901
6 0.900900900901
10 0.900900900901
9 0.900900900901
6 0.940540540541
5 0.915057915058
6 0.925675675676
2 0.900900900901
10 0.940540540541
3 0.900900900901
3 0.900900900901
3 0.900900900901
6 0.900900900901
1 0.900900900901
7 0.912559618442
5 0.900900900901
6 0.900900900901
1 0.900900900901
6 0.900900900901
2 0.900900900901
8 0.900900900901
5 0.95045045045
1 0.900900900901
2 0.900900900901
7 0.900900900901
7 0.900900900901
9 0.915057915058
8 0.900900900901
8 0.900900900901
3 0.900900900901
4 0.915057915058
4 0.900900900901
5 0.940540540541
9 0.900900900901
9 0.910810810811
2 0.900900900901
2 0.940540540541
9 0.900900900901
1 0.900900900901
3 0.900900900901
8 0.925675675676
9 0.900900900901
1 0.900900900901
4 0.900900900901
1 0.900900900901
6 0.900900900901
8 0.900900900901
6 0.900900900901
9 0.900900900901
4 0.900900900901
9 0.900900900901
1 0.900900900901
7 0.900900900901
8 0.900900900901
1 0.900900900901
1 0.900900900901
1 0.900900900901
3 0.900900900901
8 0.940540540541
5 0.940540540541
7 0.908523908524
9 0.925675675676
7 0.915057915058
7 0.900900900901
7 0.940540540541
5 0.900900900901
9 0.900900900901
6 0.915057915058
7 0.900900900901
4 0.925675675676
1 0.900900900901
7 0.900900900901
5 0.918918918919
2 0.900900900901
5 0.900900900901
3 0.925675675676
8 0.900900900901
3 0.925675675676
7 0.925675675676
2 0.900900900901
1 0.900900900901
5 0.900900900901
5 0.900900900901
9 0.900900900901
2 0.900900900901
4 0.900900900901
2 0.940540540541
4 0.900900900901
3 0.900900900901
7 0.910810810811
9 0.900900900901
2 0.940540540541
2 0.900900900901
9 0.900900900901
9 0.900900900901
5 0.900900900901
5 0.910810810811
2 0.900900900901
7 0.95045045045
5 0.900900900901
4 0.940540540541
5 0.915057915058
9 0.913288288288
4 0.900900900901
4 0.900900900901
4 0.900900900901
1 0.900900900901
2 0.900900900901
4 0.940540540541
5 0.900900900901
3 0.900900900901
9 0.936293436293
7 0.910810810811
4 0.900900900901
4 0.900900900901
6 0.900900900901
9 0.900900900901
7 0.900900900901
3 0.925675675676
2 0.900900900901
1 0.900900900901
3 0.900900900901
4 0.900900900901
9 0.915057915058
2 0.900900900901
9 0.925675675676
4 0.900900900901
2 0.940540540541
6 0.940540540541
3 0.925675675676
8 0.900900900901
3 0.900900900901
3 0.940540540541
7 0.915057915058
5 0.933933933934
8 0.900900900901
7 0.900900900901
1 0.900900900901
9 0.925675675676
2 0.900900900901
8 0.940540540541
8 0.940540540541
5 0.900900900901
4 0.900900900901
2 0.900900900901
8 0.940540540541
8 0.931392931393
1 0.900900900901
232 0.900900900901
1 0.900900900901
1 0.900900900901
1 0.900900900901
2 0.940540540541
1 0.900900900901
1 0.900900900901
172 0.900900900901
1 0.900900900901
8 0.900900900901
4 0.900900900901
1 0.900900900901
122 0.917417417417
1 0.900900900901
106 0.900900900901
8 0.912559618442
5 0.900900900901
2 0.900900900901
5 0.925675675676
285 0.900900900901
92 0.925675675676
11 0.910810810811
1 0.900900900901
7 0.940540540541
60 0.900900900901
2 0.900900900901
217 0.922444183314
103 0.900900900901
278 0.900900900901
1 0.900900900901
4 0.915057915058
1 0.900900900901
2 0.940540540541
12 0.918918918919
122 0.900900900901
17 0.915057915058
6 0.900900900901
1 0.900900900901
182 0.940540540541
3 0.925675675676
1 0.900900900901
55 0.900900900901
1 0.900900900901
48 0.957528957529
1 0.900900900901
24 0.900900900901
18 0.940540540541
2 0.900900900901
46 0.900900900901
15 0.940540540541
6 0.900900900901
1 0.900900900901
37 0.933933933934
1 0.900900900901
7 0.908523908524
1 0.900900900901
239 0.900900900901
1 0.900900900901
6 0.900900900901
176 0.910810810811
37 0.900900900901
1 0.900900900901
1 0.900900900901
54 0.900900900901
3 0.900900900901
1 0.900900900901
6 0.900900900901
9 0.900900900901
20 0.900900900901
1 0.900900900901
1 0.900900900901
278 0.910810810811
9 0.925675675676
12 0.900900900901
1 0.900900900901
1 0.900900900901
1 0.900900900901
1 0.900900900901
1 0.900900900901
18 0.905735003296
1 0.900900900901
