8 2 57 29737 0
2 1 22 4290 0
1 10 69 10000 1
8 18 306 80000 1
7 1 25 11394 0
1 7 53 6521 0
6 19 321 60000 1
2 5 82 18846 0
5 4 57 19374 0
5 6 187 50000 1
4 8 166 40000 1
6 15 269 60000 1
4 10 168 40000 1
3 8 146 30000 1
2 7 112 20000 1
4 4 57 21173 0
9 1 30 19829 0
5 21 216 50000 1
6 5 169 60000 1
2 8 76 14353 0
4 9 152 40000 1
2 7 97 20000 1
5 8 183 50000 1
1 15 85 10000 1
1 32 63 10000 1
3 11 117 30000 1
4 1 15 5596 0
9 12 226 90000 1
4 12 166 40000 1
7 6 249 70000 1
4 2 57 15503 0
2 16 108 20000 1
1 5 64 10000 1
10 2 75 19773 0
2 5 82 12714 0
4 5 116 32805 0
2 3 33 7290 0
2 1 19 4366 0
9 5 130 48328 0
3 12 156 30000 1
6 1 15 6434 0
8 8 263 80000 1
6 10 220 60000 1
9 15 355 90000 1
8 1 14 6165 0
4 5 128 40000 1
6 7 236 60000 1
1 5 64 10000 1
9 7 191 62584 0
5 3 63 24956 0
3 8 126 30000 1
6 8 175 60000 1
3 1 22 5112 0
3 1 16 5157 0
1 11 85 10000 1
6 1 23 8792 0
7 4 93 27337 0
8 10 276 80000 1
9 3 84 30308 0
2 5 88 16916 0
5 8 142 37880 0
6 2 59 17681 0
2 24 132 20000 1
2 19 112 20000 1
7 11 270 58232 0
7 7 202 70000 1
9 11 288 90000 1
3 12 128 30000 1
2 2 39 8175 0
5 8 190 50000 1
1 2 22 2563 0
2 14 126 20000 1
9 2 36 12035 0
6 1 23 10615 0
9 4 110 53235 0
2 3 73 14676 0
6 2 92 28185 0
2 13 98 20000 1
5 5 82 27318 0
2 12 91 20000 1
9 1 26 12573 0
7 6 125 49571 0
5 15 248 50000 1
4 2 26 8911 0
1 5 43 7486 0
7 7 149 41761 0
6 9 198 60000 1
2 1 18 3721 0
3 1 12 4147 0
4 2 81 21448 0
1 18 91 10000 1
3 4 54 14775 0
8 15 277 80000 1
8 2 51 25392 0
8 11 282 80000 1
8 5 100 33906 0
6 12 205 60000 1
2 7 89 20000 1
7 4 90 37942 0
1 6 55 8212 0
8 8 244 80000 1
5 3 47 14865 0
8 5 188 60878 0
6 14 215 60000 1
9 17 364 90000 1
6 11 231 60000 1
7 5 97 37572 0
6 8 267 60000 1
1 6 52 8049 0
4 17 156 40000 1
8 10 344 80000 1
2 3 57 11810 0
8 15 270 80000 1
9 7 168 27958 0
5 1 22 7554 0
1 6 74 10000 1
1 11 75 10000 1
4 7 150 40000 1
7 5 203 70000 1
9 7 130 39685 0
5 5 115 29022 0
2 18 135 20000 1
9 4 81 31705 0
9 7 156 48306 0
3 4 48 12860 0
7 13 287 70000 1
9 12 292 90000 1
4 7 119 22606 0
9 2 101 39037 0
7 14 273 70000 1
1 18 78 10000 1
2 1 13 3818 0
5 18 213 50000 1
9 1 37 13847 0
2 16 97 20000 1
4 3 76 20211 0
8 1 16 7417 0
3 3 51 10975 0
3 1 19 5741 0
4 3 52 14552 0
4 6 135 40000 1
2 7 82 19552 0
4 1 23 8624 0
6 6 123 38195 0
8 1 39 9460 0
6 1 36 9886 0
3 1 19 3190 0
8 6 197 80000 1
1 2 30 4467 0
8 16 276 80000 1
2 20 130 20000 1
4 8 168 40000 1
8 2 46 15832 0
5 16 227 50000 1
6 14 214 60000 1
5 13 247 50000 1
5 1 20 7750 0
4 3 43 14234 0
6 9 200 60000 1
4 5 82 23756 0
8 1 40 13488 0
6 1 14 6942 0
9 1 14 5956 0
4 6 122 40000 1
6 1 26 10542 0
7 4 104 39683 0
5 5 113 41815 0
6 6 169 60000 1
8 3 43 13495 0
7 5 94 34661 0
4 13 179 40000 1
6 4 56 23886 0
9 10 320 90000 1
6 3 82 32346 0
5 10 190 50000 1
4 8 114 33912 0
7 2 38 14876 0
8 4 145 31264 0
5 3 80 34275 0
8 10 274 80000 1
2 20 107 20000 1
2 5 80 20000 1
3 4 67 14637 0
1 7 69 10000 1
4 1 32 8216 0
3 9 120 30000 1
19 4 92 30775 0
1 9 76 9937 0
91 6 105 41555 0
26 7 511 260000 1
1 17 88 10000 1
2 4 49 9345 0
108 1 12 5161 0
7 1 17 8911 0
1 11 65 10000 1
1 2 26 3737 0
1 12 70 10000 1
90 12 2661 900000 1
8 7 156 53605 0
1 3 22 2710 0
108 11 3383 1080000 1
3 4 63 15745 0
1 29 73 10000 1
1 9 55 7641 0
245 2 28 12173 0
57 4 63 16424 0
135 7 2525 1350000 1
1 23 67 10000 1
1 1 15 2089 0
1 9 60 8622 0
2 2 19 4299 0
6 18 187 60000 1
1 30 76 10000 1
23 2 52 13488 0
207 19 5835 2070000 1
22 1 52 32022 0
1 13 68 10000 1
265 7 5703 2650000 1
24 2 63 41483 0
61 1 22 9623 0
1 21 78 10000 1
79 8 1998 790000 1
100 1 12 5622 0
5 9 170 40171 0
1 16 85 10000 1
1 17 72 10000 1
1 6 71 10000 1
1 6 49 7569 0
178 10 5389 1780000 1
56 9 1553 560000 1
83 3 64 25391 0
1 18 73 10000 1
163 8 4028 1630000 1
90 13 2823 900000 1
91 7 1970 910000 1
1 9 75 10000 1
169 5 117 42087 0
41 9 1154 410000 1
8 12 235 80000 1
1 6 54 8945 0
1 21 63 10000 1
1 1 11 1739 0
259 11 6282 2590000 1
43 13 1380 430000 1
1 8 79 10000 1
1 19 87 10000 1
1 22 78 10000 1
9 9 279 90000 1
31 16 1124 310000 1
54 16 1655 540000 1
1 7 61 8334 0
6 5 130 60000 1
10 20 464 100000 1
1 1 12 2341 0
1 14 80 10000 1
1 26 72 10000 1
1 32 69 10000 1
4 1 14 5305 0
2 4 72 14684 0
15 1 26 8587 0
1 25 69 10000 1
155 4 81 31935 0
1 2 30 4111 0
10 7 263 100000 1
