8 13 223 80000 1
1 11 56 10000 1
8 4 122 80000 1
4 6 111 40000 1
1 8 48 10000 1
1 8 48 10000 1
3 5 83 30000 1
4 4 78 40000 1
7 8 187 70000 1
2 6 66 20000 1
7 5 135 70000 1
4 3 83 35260 0
4 6 120 40000 1
10 8 276 100000 1
5 3 80 50000 1
8 1 32 20307 0
5 2 36 23265 0
1 1 17 4451 0
4 7 93 40000 1
6 12 150 60000 1
5 1 24 15508 0
1 14 52 10000 1
7 13 138 70000 1
3 12 101 30000 1
5 1 19 10714 0
6 2 83 46745 0
7 5 121 50845 0
4 1 34 16040 0
5 1 36 19861 0
1 5 41 10000 1
8 1 36 24093 0
8 2 97 80000 1
7 3 129 70000 1
2 5 31 6795 0
7 1 30 13824 0
2 10 80 20000 1
10 4 70 43577 0
4 6 128 40000 1
5 2 67 28295 0
6 10 189 60000 1
7 4 141 70000 1
8 3 116 80000 1
2 1 20 5702 0
5 11 140 50000 1
4 2 42 20720 0
6 11 164 60000 1
9 1 27 25336 0
5 13 145 50000 1
2 8 84 20000 1
5 2 61 25243 0
1 1 12 2529 0
3 5 72 30000 1
3 8 90 30000 1
4 7 133 40000 1
2 1 17 5805 0
2 1 16 5809 0
7 8 193 70000 1
8 1 35 22525 0
4 6 104 40000 1
4 5 86 40000 1
8 8 165 80000 1
8 4 121 80000 1
3 4 77 30000 1
5 4 101 50000 1
9 12 204 90000 1
8 2 52 43505 0
5 8 140 50000 1
4 12 111 40000 1
2 2 40 15966 0
2 6 62 20000 1
7 1 24 23073 0
6 2 77 40833 0
7 4 126 70000 1
4 3 63 36136 0
8 1 14 10146 0
1 1 17 4318 0
4 6 95 40000 1
4 1 15 9586 0
4 11 92 40000 1
4 2 43 25110 0
5 9 127 50000 1
9 6 190 90000 1
1 13 63 10000 1
2 3 54 20000 1
6 2 36 18963 0
7 6 132 70000 1
3 1 21 11427 0
5 2 40 32485 0
5 9 83 50000 1
2 5 54 20000 1
8 1 21 16731 0
3 1 26 12720 0
7 6 155 70000 1
4 6 108 40000 1
6 3 68 34021 0
4 1 31 13364 0
7 10 149 70000 1
6 4 102 60000 1
4 6 74 40000 1
3 6 83 30000 1
8 7 172 80000 1
4 1 25 11380 0
7 3 109 69741 0
1 9 48 10000 1
6 13 133 60000 1
4 5 120 40000 1
4 9 86 40000 1
7 9 226 70000 1
9 6 142 90000 1
3 1 18 8775 0
9 1 33 29849 0
9 8 213 90000 1
6 7 119 60000 1
4 6 107 40000 1
9 11 181 90000 1
3 2 45 22213 0
5 3 108 50000 1
1 1 18 3772 0
3 4 70 26694 0
10 1 30 22547 0
7 6 133 70000 1
5 4 94 50000 1
8 5 157 80000 1
3 5 102 30000 1
9 2 43 15786 0
9 2 26 16942 0
2 8 74 20000 1
8 5 149 80000 1
5 1 17 11352 0
3 2 54 24552 0
1 9 48 10000 1
9 3 87 53368 0
3 1 16 7885 0
6 1 37 23634 0
4 6 97 40000 1
9 1 45 31500 0
9 6 238 90000 1
3 1 31 12732 0
7 4 164 70000 1
4 3 95 40000 1
9 3 61 43917 0
5 1 27 15370 0
8 5 152 80000 1
5 2 45 32798 0
7 10 224 70000 1
6 11 155 60000 1
9 1 18 14326 0
7 12 198 70000 1
4 2 61 37749 0
4 1 21 14387 0
1 7 58 10000 1
7 13 237 70000 1
7 9 216 70000 1
8 1 45 22958 0
1 7 50 10000 1
1 6 47 10000 1
5 3 38 21745 0
9 1 32 22243 0
9 8 209 90000 1
2 12 70 20000 1
9 9 219 90000 1
5 4 79 46334 0
9 12 222 90000 1
4 2 45 23324 0
1 6 47 10000 1
9 2 53 42320 0
6 9 185 60000 1
1 7 52 10000 1
9 10 230 90000 1
2 4 56 19836 0
7 6 145 70000 1
8 4 138 80000 1
3 9 84 30000 1
9 1 24 24282 0
3 8 74 30000 1
9 5 178 90000 1
1 2 30 6666 0
6 12 151 60000 1
6 1 23 20477 0
4 1 24 12643 0
4 1 20 11382 0
2 1 23 8234 0
1 5 53 10000 1
1 2 35 8589 0
19 5 259 190000 1
3 6 80 30000 1
32 1 66 63060 0
51 8 1048 510000 1
2 7 82 20000 1
36 8 894 360000 1
2 14 69 20000 1
1 1 18 4255 0
170 1 22 17552 0
1 8 53 10000 1
7 10 203 70000 1
1 3 49 9323 0
26 1 21 14259 0
20 1 27 15733 0
1 9 43 10000 1
66 3 136 114477 0
27 4 358 270000 1
2 3 41 16220 0
12 7 308 120000 1
1 13 42 10000 1
10 13 255 100000 1
102 7 1863 1020000 1
2 4 67 20000 1
1 11 42 10000 1
48 4 661 480000 1
49 5 771 490000 1
12 12 278 120000 1
1 3 53 10000 1
257 5 3909 2570000 1
1 6 46 10000 1
41 5 650 410000 1
3 1 16 7353 0
9 9 267 90000 1
21 9 444 210000 1
81 7 1239 810000 1
72 9 1826 720000 1
4 14 128 40000 1
34 1 41 51633 0
1 10 50 10000 1
9 11 303 90000 1
1 12 48 10000 1
2 4 35 8550 0
1 4 47 10000 1
1 1 12 2446 0
1 12 40 10000 1
8 3 84 60109 0
1 1 15 3804 0
293 1 34 31680 0
1 1 18 4605 0
18 4 325 180000 1
1 16 43 10000 1
22 2 50 37478 0
1 3 45 9689 0
1 5 65 10000 1
4 1 27 17708 0
6 4 115 60000 1
1 5 59 10000 1
15 12 385 150000 1
22 7 447 220000 1
2 10 74 20000 1
1 2 29 8097 0
36 6 616 360000 1
1 8 52 10000 1
11 1 41 41145 0
21 1 51 39351 0
1 2 37 8615 0
116 5 1792 1160000 1
64 1 40 41984 0
1 1 19 3893 0
1 1 22 4610 0
276 2 65 48773 0
47 6 878 470000 1
4 1 26 12813 0
1 4 44 10000 1
1 1 12 2644 0
128 7 2331 1280000 1
23 1 29 30507 0
1 8 47 10000 1
42 8 705 420000 1
3 13 106 30000 1
