8 0.640614990391
1 0.31887755102
8 1.17096018735
4 0.643500643501
1 0.372023809524
1 0.372023809524
3 0.645438898451
4 0.915750915751
7 0.668449197861
2 0.541125541126
7 0.925925925926
4 0.758605851979
4 0.595238095238
10 0.646997929607
5 1.11607142857
8 1.133203125
5 1.15401785714
1 0.467542016807
4 0.768049155146
6 0.714285714286
5 1.15386904762
1 0.343406593407
7 0.905797101449
3 0.530410183876
5 1.00695488722
6 1.00570137694
7 0.750368949233
4 0.84243697479
5 0.985168650794
1 0.435540069686
8 1.19508928571
8 1.47275405007
7 0.968992248062
2 0.391417050691
7 0.822857142857
2 0.446428571429
10 1.11165816327
4 0.558035714286
5 0.754131130064
6 0.566893424036
7 0.886524822695
8 1.2315270936
2 0.509107142857
5 0.637755102041
4 0.880952380952
6 0.65331010453
9 1.67566137566
5 0.615763546798
2 0.425170068027
5 0.738963700234
1 0.376339285714
3 0.744047619048
3 0.595238095238
4 0.537056928034
2 0.609768907563
2 0.648325892857
7 0.647668393782
8 1.14923469388
4 0.686813186813
4 0.830564784053
8 0.865800865801
8 1.18063754427
3 0.69573283859
5 0.884016973126
9 0.78781512605
8 1.49399038462
5 0.637755102041
4 0.643500643501
2 0.712767857143
2 0.576036866359
7 1.71674107143
6 0.946961966605
7 0.992063492063
4 1.02426303855
8 1.29413265306
1 0.453571428571
4 0.751879699248
4 1.14119047619
4 0.776397515528
4 1.04277408638
5 0.70303712036
9 0.845864661654
1 0.283446712018
2 0.661375661376
6 0.940625
7 0.94696969697
3 0.971683673469
5 1.45022321429
5 1.07573149742
2 0.661375661376
8 1.42270408163
3 0.873626373626
7 0.806451612903
4 0.661375661376
6 0.893408613445
4 0.769815668203
7 0.838926174497
6 1.05042016807
4 0.965250965251
3 0.645438898451
8 0.830564784053
4 0.812857142857
7 1.14254587156
1 0.372023809524
6 0.805585392052
4 0.595238095238
4 0.830564784053
7 0.553097345133
9 1.13179074447
3 0.870535714286
9 1.61520562771
9 0.754527162978
6 0.900360144058
4 0.667556742323
9 0.887924230466
3 0.881468253968
5 0.82671957672
1 0.374206349206
3 0.680969387755
10 1.34208333333
7 0.93984962406
5 0.949848024316
8 0.90991810737
3 0.525210084034
9 0.655564784053
9 1.1635989011
2 0.482625482625
8 0.958772770853
5 1.19243697479
3 0.811904761905
1 0.372023809524
9 1.09540229885
3 0.880022321429
6 1.14063706564
4 0.736377025037
9 1.25
9 0.675270108043
3 0.733410138249
7 0.762195121951
4 0.751879699248
9 1.2856264637
5 1.01653439153
8 0.93984962406
5 1.30150793651
7 0.558035714286
6 0.691244239631
9 1.42123015873
7 0.631313131313
4 1.10506440281
4 1.22338435374
1 0.307881773399
7 0.527426160338
7 0.578703703704
8 0.911031746032
1 0.357142857143
1 0.379939209726
5 1.02185150376
9 1.24123883929
9 0.768967874231
2 0.510204081633
9 0.73385518591
5 1.04733273056
9 0.723938223938
4 0.925555555556
1 0.379939209726
9 1.42587601078
6 0.579150579151
1 0.343406593407
9 0.698757763975
2 0.632525510204
7 0.862068965517
8 1.03519668737
3 0.637755102041
9 1.80669642857
3 0.723938223938
9 0.902889245586
1 0.396785714286
6 0.709555345317
6 1.58982919255
4 0.940699404762
4 1.01625
2 0.639285714286
1 0.33692722372
1 0.438214285714
19 1.30998345284
3 0.669642857143
32 1.70616883117
51 0.869002181025
2 0.435540069686
36 0.71907957814
2 0.517598343685
1 0.422123015873
170 1.42467532468
1 0.33692722372
7 0.615763546798
1 0.339759475219
26 1.2125
20 1.04054232804
1 0.415282392027
66 1.50311186975
27 1.34676775738
2 0.706445993031
12 0.69573283859
1 0.425170068027
10 0.700280112045
102 0.977685760294
2 0.533049040512
1 0.425170068027
48 1.29673654636
49 1.13488975357
12 0.770811921891
1 0.33692722372
257 1.1740306253
1 0.388198757764
41 1.12637362637
3 0.820647321429
9 0.601926163724
21 0.844594594595
81 1.16741611899
72 0.704115161946
4 0.558035714286
34 2.24882404181
1 0.357142857143
9 0.530410183876
1 0.372023809524
2 0.436224489796
1 0.379939209726
1 0.363988095238
1 0.446428571429
8 1.27782738095
1 0.452857142857
293 1.66386554622
1 0.456845238095
18 0.989010989011
1 0.415282392027
22 1.3385
1 0.384484126984
1 0.274725274725
4 1.17116402116
6 0.931677018634
1 0.302663438257
15 0.69573283859
22 0.878875039949
2 0.482625482625
1 0.498583743842
36 1.04359925788
1 0.343406593407
11 1.79202961672
21 1.37783613445
1 0.415781853282
116 1.15593112245
64 1.87428571429
1 0.365883458647
1 0.374188311688
276 1.33991758242
47 0.955906280508
4 0.880013736264
1 0.405844155844
1 0.393452380952
128 0.980572409144
23 1.87850985222
1 0.379939209726
42 1.06382978723
3 0.50539083558
