7 1 47 45633 0
6 8 114 60000 1
8 2 69 68477 0
2 1 15 8702 0
2 1 22 11782 0
4 8 97 40000 1
3 11 78 30000 1
9 1 56 67950 0
7 5 136 70000 1
3 5 75 30000 1
9 1 51 42031 0
2 4 63 20000 1
8 5 127 80000 1
9 8 168 90000 1
7 9 167 70000 1
1 3 47 10000 1
4 8 81 40000 1
4 1 41 22865 0
8 9 179 80000 1
5 5 81 50000 1
2 1 40 13995 0
9 1 23 29368 0
7 1 23 23925 0
6 10 94 60000 1
2 8 67 20000 1
7 8 169 70000 1
5 1 36 32807 0
8 9 198 80000 1
8 8 135 80000 1
2 3 40 20000 1
9 7 213 90000 1
7 2 67 70000 1
5 3 69 50000 1
7 1 41 46600 0
4 9 84 40000 1
3 1 28 17556 0
6 1 34 36228 0
6 1 18 18568 0
8 1 44 54352 0
6 7 145 60000 1
5 6 111 50000 1
5 1 28 20501 0
8 1 25 27340 0
4 1 22 15544 0
8 3 102 80000 1
3 1 49 22884 0
9 4 116 90000 1
3 1 19 9837 0
4 4 74 40000 1
9 1 66 63441 0
2 2 34 18141 0
3 2 44 27338 0
6 5 113 60000 1
6 5 99 60000 1
4 9 114 40000 1
8 8 195 80000 1
2 6 55 20000 1
2 1 16 7664 0
6 3 84 60000 1
1 2 33 9805 0
9 7 171 90000 1
8 1 25 25626 0
6 5 88 60000 1
6 1 35 38022 0
1 1 25 5958 0
7 1 13 9971 0
5 5 93 50000 1
9 11 269 90000 1
1 7 46 10000 1
9 11 198 90000 1
9 3 112 90000 1
4 6 97 40000 1
2 1 26 9705 0
1 12 44 10000 1
3 1 22 15425 0
4 2 52 40000 1
5 1 43 27084 0
3 1 21 15727 0
4 1 27 12295 0
1 11 38 10000 1
9 4 173 90000 1
9 2 135 90000 1
5 3 62 50000 1
8 2 52 47883 0
8 1 19 18134 0
5 2 65 50000 1
6 5 128 60000 1
9 1 39 51989 0
6 10 95 60000 1
10 1 21 16231 0
5 5 103 50000 1
2 5 41 20000 1
3 8 74 30000 1
1 1 21 5278 0
2 1 24 11008 0
9 4 135 90000 1
7 1 23 24129 0
8 6 143 80000 1
10 3 125 100000 1
9 1 47 46760 0
1 1 34 9349 0
4 8 83 40000 1
5 1 44 31884 0
7 5 133 70000 1
1 1 15 4537 0
9 5 131 90000 1
8 1 42 50312 0
8 1 32 36870 0
4 2 61 40000 1
2 2 47 20000 1
5 5 104 50000 1
1 13 36 10000 1
6 2 49 41599 0
5 1 25 22525 0
5 3 71 50000 1
2 8 57 20000 1
5 11 115 50000 1
3 7 63 30000 1
2 1 20 8359 0
4 5 83 40000 1
4 6 95 40000 1
4 10 82 40000 1
2 1 26 12520 0
2 8 64 20000 1
8 5 157 80000 1
2 4 45 20000 1
6 3 83 60000 1
6 4 110 60000 1
5 5 93 50000 1
3 1 33 14924 0
5 9 107 50000 1
9 5 159 90000 1
2 1 22 8388 0
5 1 16 16631 0
8 1 21 22815 0
4 3 69 40000 1
4 3 80 40000 1
2 9 52 20000 1
2 12 75 20000 1
1 14 51 10000 1
5 1 34 26841 0
6 1 28 26412 0
3 5 60 30000 1
4 5 83 40000 1
2 9 48 20000 1
6 2 45 46806 0
1 6 58 10000 1
9 1 35 35514 0
3 12 59 30000 1
7 6 151 70000 1
4 2 51 40000 1
2 1 20 9962 0
4 3 71 40000 1
3 1 18 15520 0
9 2 138 90000 1
5 4 82 50000 1
6 3 128 60000 1
8 8 169 80000 1
4 1 38 27146 0
7 6 145 70000 1
3 1 42 26455 0
9 6 177 90000 1
4 8 94 40000 1
2 1 28 14154 0
7 11 246 70000 1
8 6 179 80000 1
9 1 55 58959 0
5 8 122 50000 1
5 12 187 50000 1
1 1 19 5410 0
6 1 22 19694 0
5 1 18 16793 0
3 3 58 30000 1
7 3 93 70000 1
10 7 114 100000 1
6 1 23 25849 0
8 1 44 43440 0
8 9 231 80000 1
3 9 62 30000 1
5 1 31 22409 0
4 1 33 21760 0
5 1 46 32253 0
66 11 1478 660000 1
1 2 34 9757 0
1 1 12 4276 0
1 12 41 10000 1
1 3 34 8041 0
1 12 40 10000 1
1 11 34 10000 1
164 1 18 17653 0
40 3 381 400000 1
90 1 23 29241 0
1 1 25 6861 0
1 1 26 7129 0
10 3 136 100000 1
15 5 173 150000 1
34 7 499 340000 1
55 3 522 550000 1
1 2 35 9847 0
1 3 38 10000 1
61 1 18 17753 0
4 6 96 40000 1
8 1 29 24160 0
3 6 59 30000 1
1 6 40 10000 1
1 10 44 10000 1
1 7 52 10000 1
1 9 48 10000 1
9 3 116 90000 1
9 11 194 90000 1
1 8 40 10000 1
10 1 17 17694 0
61 1 10 6039 0
1 7 43 10000 1
101 2 652 1010000 1
79 8 1731 790000 1
1 2 34 10000 1
1 1 20 6455 0
44 1 32 30028 0
15 1 19 20023 0
1 1 17 5782 0
1 3 51 10000 1
133 6 2017 1330000 1
12 1 43 51432 0
1 1 29 6826 0
8 1 52 39734 0
60 8 743 600000 1
1 8 38 10000 1
1 7 39 10000 1
8 1 25 26971 0
1 3 49 10000 1
1 1 16 4941 0
2 12 58 20000 1
105 1 44 46737 0
1 11 42 10000 1
1 12 53 10000 1
2 2 48 20000 1
1 1 17 4278 0
12 3 135 120000 1
1 4 31 10000 1
4 5 100 40000 1
2 1 37 11969 0
287 2 44 45077 0
10 1 18 16559 0
1 3 40 10000 1
1 1 24 6305 0
1 1 18 5333 0
1 1 12 3900 0
19 2 166 190000 1
186 1 27 30653 0
116 1 36 39455 0
1 2 26 6732 0
1 1 27 6495 0
1 4 36 10000 1
1 3 34 10000 1
1 7 53 10000 1
1 3 50 10000 1
1 5 41 10000 1
1 5 48 10000 1
1 2 28 8528 0
258 4 3158 2580000 1
70 7 1287 700000 1
1 9 39 10000 1
163 10 2152 1630000 1
