5 50 250 50000 1
11 30 550 110000 1
1 18 50 10000 1
4 35 200 40000 1
5 22 250 50000 1
11 13 331 66200 0
7 20 350 70000 1
7 6 93 18600 0
9 25 439 87800 0
5 3 45 9000 0
7 3 76 15200 0
5 46 250 50000 1
5 27 250 50000 1
6 15 176 35200 0
7 24 350 70000 1
9 20 398 79600 0
2 21 100 20000 1
8 31 400 80000 1
5 20 238 47600 0
9 12 313 62600 0
5 11 178 35600 0
7 11 152 30400 0
3 8 148 29600 0
6 1 23 4600 0
10 6 77 15400 0
11 23 460 92000 0
2 21 100 20000 1
10 15 369 73800 0
4 14 152 30400 0
9 7 132 26400 0
4 14 200 40000 1
3 21 150 30000 1
4 43 200 40000 1
11 44 550 110000 1
3 16 150 30000 1
6 2 51 10200 0
10 4 111 22200 0
7 17 271 54200 0
11 19 427 85400 0
1 4 50 10000 1
5 7 126 25200 0
7 10 199 39800 0
4 12 116 23200 0
3 9 69 13800 0
7 7 132 26400 0
6 11 155 31000 0
7 14 132 26400 0
8 17 351 70200 0
11 33 519 103800 0
8 26 400 80000 1
11 10 195 39000 0
2 3 46 9200 0
2 26 100 20000 1
7 7 173 34600 0
10 28 500 100000 1
8 23 343 68600 0
9 35 450 90000 1
3 21 150 30000 1
9 2 45 9000 0
5 9 127 25400 0
8 8 185 37000 0
3 14 150 30000 1
4 16 200 40000 1
6 10 99 19800 0
5 12 169 33800 0
3 12 147 29400 0
6 49 300 60000 1
11 8 102 20400 0
3 17 150 30000 1
7 3 62 12400 0
4 6 94 18800 0
8 11 250 50000 0
12 18 346 69200 0
5 21 167 33400 0
5 1 19 3800 0
2 35 100 20000 1
9 1 28 5600 0
11 6 125 25000 0
3 12 150 30000 1
3 15 150 30000 1
6 12 269 53800 0
2 8 100 20000 1
10 24 500 100000 1
11 7 116 23200 0
2 32 100 20000 1
3 32 150 30000 1
10 22 313 62600 0
10 29 500 100000 1
7 59 350 70000 1
5 16 250 50000 1
10 6 147 29400 0
1 7 50 10000 1
8 22 400 80000 1
4 15 177 35400 0
3 5 95 19000 0
11 59 550 110000 1
6 28 300 60000 1
3 17 150 30000 1
7 23 344 68800 0
11 27 420 84000 0
10 4 118 23600 0
8 1 20 4000 0
5 4 58 11600 0
9 5 110 22000 0
11 5 109 21800 0
8 3 52 10400 0
4 21 200 40000 1
4 11 200 40000 1
2 3 46 9200 0
12 35 600 120000 1
7 21 278 55600 0
3 14 150 30000 1
10 6 119 23800 0
4 12 200 40000 1
11 26 444 88800 0
7 55 350 70000 1
11 9 209 41800 0
1 1 14 2800 0
5 27 250 50000 1
7 20 302 60400 0
11 18 431 86200 0
4 22 200 40000 1
7 3 69 13800 0
2 1 17 3400 0
4 15 195 39000 0
3 14 127 25400 0
9 8 153 30600 0
3 24 150 30000 1
3 12 142 28400 0
7 22 350 70000 1
7 33 350 70000 1
10 16 415 83000 0
6 1 22 4400 0
12 11 348 69600 0
3 6 96 19200 0
6 15 286 57200 0
10 20 354 70800 0
3 9 110 22000 0
4 9 175 35000 0
6 1 32 6400 0
9 9 130 26000 0
8 15 307 61400 0
2 4 80 16000 0
6 5 77 15400 0
6 1 18 3600 0
5 1 16 3200 0
10 12 303 60600 0
3 13 150 30000 1
6 8 194 38800 0
11 28 508 101600 0
2 4 47 9400 0
9 23 338 67600 0
6 1 24 4800 0
9 4 101 20200 0
8 1 21 4200 0
5 24 250 50000 1
11 64 550 110000 1
10 12 210 42000 0
8 11 194 38800 0
9 24 399 79800 0
4 13 200 40000 1
7 14 223 44600 0
5 20 234 46800 0
12 38 600 120000 1
5 27 250 50000 1
7 20 259 51800 0
9 34 450 90000 1
9 9 235 47000 0
3 17 150 30000 1
10 10 182 36400 0
7 17 343 68600 0
2 10 92 18400 0
7 6 111 22200 0
7 24 350 70000 1
4 25 200 40000 1
6 13 248 49600 0
7 20 306 61200 0
10 10 175 35000 0
7 31 350 70000 1
7 12 231 46200 0
5 19 235 47000 0
5 31 250 50000 1
177 13 333 66600 0
1 7 48 9600 0
2 2 20 4000 0
148 34 2212 442400 0
1 19 50 10000 1
3 7 51 10200 0
7 1 25 5000 0
33 14 293 58600 0
9 65 450 90000 1
22 9 325 65000 0
1 8 50 10000 1
1 5 47 9400 0
59 3 91 18200 0
1 5 50 10000 1
1 11 50 10000 1
138 27 1602 320400 0
1 1 14 2800 0
43 9 178 35600 0
4 14 199 39800 0
1 7 50 10000 1
146 20 613 122600 0
1 10 50 10000 1
2 28 100 20000 1
166 12 332 66400 0
240 4 147 29400 0
9 10 164 32800 0
1 4 42 8400 0
1 5 49 9800 0
1 5 50 10000 1
7 12 136 27200 0
1 18 50 10000 1
1 8 50 10000 1
1 1 16 3200 0
13 9 189 37800 0
2 5 90 18000 0
1 8 50 10000 1
1 12 50 10000 1
104 41 1823 364600 0
2 9 77 15400 0
74 24 814 162800 0
1 1 15 3000 0
4 19 200 40000 1
40 25 734 146800 0
1 15 50 10000 1
2 4 62 12400 0
2 3 50 10000 0
1 1 13 2600 0
1 1 13 2600 0
346 32 2116 423200 0
2 21 100 20000 1
61 37 2835 567000 0
1 20 50 10000 1
1 1 8 1600 0
1 12 50 10000 1
1 4 50 10000 1
1 3 38 7600 0
34 32 1023 204600 0
1 6 50 10000 1
58 27 712 142400 0
109 28 843 168600 0
1 1 20 4000 0
3 11 137 27400 0
5 10 145 29000 0
115 2 70 14000 0
103 18 746 149200 0
1 18 50 10000 1
3 14 128 25600 0
1 12 50 10000 1
1 6 50 10000 1
18 2 73 14600 0
24 14 474 94800 0
1 11 50 10000 1
107 36 2281 456200 0
1 11 50 10000 1
26 17 404 80800 0
1 7 50 10000 1
1 3 43 8600 0
1 2 38 7600 0
1 13 50 10000 1
1 7 50 10000 1
221 6 144 28800 0
25 13 279 55800 0
