5 1.0
11 1.0
1 1.0
4 1.0
5 1.0
11 1.0
7 1.0
7 1.0
9 1.0
5 1.0
7 1.0
5 1.0
5 1.0
6 1.0
7 1.0
9 1.0
2 1.0
8 1.0
5 1.0
9 1.0
5 1.0
7 1.0
3 1.0
6 1.0
10 1.0
11 1.0
2 1.0
10 1.0
4 1.0
9 1.0
4 1.0
3 1.0
4 1.0
11 1.0
3 1.0
6 1.0
10 1.0
7 1.0
11 1.0
1 1.0
5 1.0
7 1.0
4 1.0
3 1.0
7 1.0
6 1.0
7 1.0
8 1.0
11 1.0
8 1.0
11 1.0
2 1.0
2 1.0
7 1.0
10 1.0
8 1.0
9 1.0
3 1.0
9 1.0
5 1.0
8 1.0
3 1.0
4 1.0
6 1.0
5 1.0
3 1.0
6 1.0
11 1.0
3 1.0
7 1.0
4 1.0
8 1.0
12 1.0
5 1.0
5 1.0
2 1.0
9 1.0
11 1.0
3 1.0
3 1.0
6 1.0
2 1.0
10 1.0
11 1.0
2 1.0
3 1.0
10 1.0
10 1.0
7 1.0
5 1.0
10 1.0
1 1.0
8 1.0
4 1.0
3 1.0
11 1.0
6 1.0
3 1.0
7 1.0
11 1.0
10 1.0
8 1.0
5 1.0
9 1.0
11 1.0
8 1.0
4 1.0
4 1.0
2 1.0
12 1.0
7 1.0
3 1.0
10 1.0
4 1.0
11 1.0
7 1.0
11 1.0
1 1.0
5 1.0
7 1.0
11 1.0
4 1.0
7 1.0
2 1.0
4 1.0
3 1.0
9 1.0
3 1.0
3 1.0
7 1.0
7 1.0
10 1.0
6 1.0
12 1.0
3 1.0
6 1.0
10 1.0
3 1.0
4 1.0
6 1.0
9 1.0
8 1.0
2 1.0
6 1.0
6 1.0
5 1.0
10 1.0
3 1.0
6 1.0
11 1.0
2 1.0
9 1.0
6 1.0
9 1.0
8 1.0
5 1.0
11 1.0
10 1.0
8 1.0
9 1.0
4 1.0
7 1.0
5 1.0
12 1.0
5 1.0
7 1.0
9 1.0
9 1.0
3 1.0
10 1.0
7 1.0
2 1.0
7 1.0
7 1.0
4 1.0
6 1.0
7 1.0
10 1.0
7 1.0
7 1.0
5 1.0
5 1.0
177 1.0
1 1.0
2 1.0
148 1.0
1 1.0
3 1.0
7 1.0
33 1.0
9 1.0
22 1.0
1 1.0
1 1.0
59 1.0
1 1.0
1 1.0
138 1.0
1 1.0
43 1.0
4 1.0
1 1.0
146 1.0
1 1.0
2 1.0
166 1.0
240 1.0
9 1.0
1 1.0
1 1.0
1 1.0
7 1.0
1 1.0
1 1.0
1 1.0
13 1.0
2 1.0
1 1.0
1 1.0
104 1.0
2 1.0
74 1.0
1 1.0
4 1.0
40 1.0
1 1.0
2 1.0
2 1.0
1 1.0
1 1.0
346 1.0
2 1.0
61 1.0
1 1.0
1 1.0
1 1.0
1 1.0
1 1.0
34 1.0
1 1.0
58 1.0
109 1.0
1 1.0
3 1.0
5 1.0
115 1.0
103 1.0
1 1.0
3 1.0
1 1.0
1 1.0
18 1.0
24 1.0
1 1.0
107 1.0
1 1.0
26 1.0
1 1.0
1 1.0
1 1.0
1 1.0
1 1.0
221 1.0
25 1.0
