4 29 144 40000 1
6 1 24 6720 0
6 1 34 9520 0
6 1 37 10360 0
9 1 27 7560 0
4 9 144 40000 1
10 27 360 100000 1
1 1 15 4200 0
2 14 72 20000 1
10 21 360 100000 1
5 14 180 50000 1
1 1 20 5600 0
9 12 310 86160 0
2 1 16 4480 0
6 20 216 60000 1
4 4 110 30640 0
11 7 292 81280 0
8 23 288 80000 1
3 3 67 18680 0
5 26 180 50000 1
5 9 178 49520 0
6 28 216 60000 1
11 20 396 110000 1
1 4 36 10000 1
6 34 216 60000 1
8 26 288 80000 1
8 1 28 7840 0
4 9 144 40000 1
2 16 72 20000 1
7 7 164 45680 0
6 6 134 37360 0
11 36 396 110000 1
2 1 22 6160 0
3 21 108 30000 1
4 16 144 40000 1
6 12 216 60000 1
8 8 230 64000 0
9 6 161 44840 0
1 7 36 10000 1
4 21 144 40000 1
3 17 108 30000 1
9 13 324 90000 1
4 25 144 40000 1
2 1 28 7840 0
1 1 17 4760 0
7 14 252 70000 1
7 13 252 70000 1
2 19 72 20000 1
8 24 288 80000 1
2 10 72 20000 1
8 7 243 67560 0
2 6 72 20000 1
7 26 252 70000 1
9 6 151 42040 0
3 14 108 30000 1
8 29 288 80000 1
6 6 176 48960 0
7 5 61 17000 0
5 12 180 50000 1
6 18 216 60000 1
2 2 43 11960 0
12 10 203 56600 0
5 16 180 50000 1
11 24 396 110000 1
4 1 37 10360 0
7 6 222 61760 0
11 21 396 110000 1
7 7 183 50920 0
6 14 216 60000 1
4 9 144 40000 1
4 15 144 40000 1
4 29 144 40000 1
1 1 31 8680 0
8 13 229 63800 0
7 33 252 70000 1
9 4 83 23160 0
1 3 36 10000 1
10 16 360 100000 1
7 18 252 70000 1
3 1 24 6720 0
10 1 26 7280 0
11 2 70 19520 0
9 8 242 67440 0
4 15 144 40000 1
7 19 252 70000 1
7 15 252 70000 1
5 1 35 9800 0
11 21 396 110000 1
5 6 116 32320 0
3 9 108 30000 1
10 8 342 95040 0
6 1 31 8680 0
9 36 324 90000 1
2 9 72 20000 1
3 18 108 30000 1
8 7 157 43720 0
9 19 324 90000 1
10 30 360 100000 1
9 22 324 90000 1
7 7 252 70000 1
1 2 33 9240 0
10 2 67 18680 0
3 8 108 30000 1
6 11 216 60000 1
2 4 65 18120 0
10 26 360 100000 1
8 11 288 80000 1
7 3 130 36240 0
9 29 324 90000 1
11 38 396 110000 1
1 1 26 7280 0
3 4 97 27000 0
10 22 360 100000 1
4 13 144 40000 1
4 10 144 40000 1
9 11 295 82040 0
3 1 22 6160 0
9 7 237 65960 0
5 24 180 50000 1
3 1 33 9240 0
11 9 346 96320 0
7 8 192 53440 0
1 1 27 7560 0
10 1 44 12320 0
7 10 199 55400 0
11 24 396 110000 1
8 19 288 80000 1
4 10 144 40000 1
1 7 36 10000 1
10 38 360 100000 1
2 5 72 20000 1
10 11 360 100000 1
6 10 216 60000 1
2 3 72 20000 1
2 5 72 20000 1
4 1 30 8400 0
10 24 360 100000 1
7 15 252 70000 1
6 9 206 57280 0
7 7 252 70000 1
3 1 27 7560 0
4 16 144 40000 1
5 1 17 4760 0
1 11 36 10000 1
2 12 72 20000 1
6 2 51 14200 0
4 26 144 40000 1
4 1 36 10080 0
6 6 178 49520 0
2 5 72 20000 1
6 35 216 60000 1
1 3 36 10000 1
5 19 180 50000 1
1 2 35 9800 0
5 17 180 50000 1
11 3 138 38480 0
11 7 174 48480 0
4 13 144 40000 1
5 17 180 50000 1
11 17 396 110000 1
5 1 32 8960 0
6 8 216 60000 1
4 9 144 40000 1
9 11 276 76800 0
10 21 360 100000 1
5 11 180 50000 1
7 30 252 70000 1
9 23 324 90000 1
10 25 360 100000 1
6 18 216 60000 1
6 1 24 6720 0
1 6 36 10000 1
8 9 254 70720 0
4 7 144 40000 1
2 7 72 20000 1
1 4 36 10000 1
11 22 396 110000 1
9 3 104 29040 0
8 8 171 47640 0
2 4 72 20000 1
11 9 369 102600 0
11 41 396 110000 1
29 22 1044 290000 1
4 17 144 40000 1
112 8 217 60520 0
1 11 36 10000 1
5 1 35 9800 0
3 21 108 30000 1
1 10 36 10000 1
44 11 185 51640 0
2 2 35 9800 0
22 29 792 220000 1
1 6 36 10000 1
1 3 36 10000 1
10 17 329 91560 0
6 6 209 58120 0
9 1 34 9520 0
1 6 36 10000 1
19 10 381 105960 0
10 17 360 100000 1
5 29 180 50000 1
20 7 135 37640 0
314 8 520 145040 0
25 44 900 250000 1
2 8 72 20000 1
3 15 108 30000 1
1 6 36 10000 1
216 20 687 191640 0
15 14 496 137920 0
53 9 289 80680 0
287 36 10332 2870000 1
2 18 72 20000 1
2 4 72 20000 1
2 6 62 17280 0
3 17 108 30000 1
1 8 36 10000 1
98 28 3528 980000 1
1 1 22 6160 0
1 1 21 5880 0
70 11 377 105240 0
80 23 1101 306680 0
1 4 36 10000 1
9 22 324 90000 1
2 6 72 20000 1
50 22 1750 486320 0
1 1 17 4760 0
62 10 681 189800 0
1 7 36 10000 1
168 10 292 81440 0
25 32 900 250000 1
2 14 72 20000 1
1 2 36 10000 1
1 7 36 10000 1
14 11 433 120440 0
2 14 72 20000 1
4 8 144 40000 1
28 19 644 179520 0
3 5 108 30000 1
3 1 22 6160 0
1 3 36 10000 1
1 5 36 10000 1
70 23 767 213480 0
2 1 30 8400 0
31 5 319 89080 0
1 3 36 10000 1
65 12 391 109080 0
8 23 288 80000 1
10 20 360 100000 1
3 1 13 3640 0
5 1 28 7840 0
1 4 36 10000 1
5 14 180 50000 1
1 1 27 7560 0
2 6 72 20000 1
1 1 31 8680 0
3 1 26 7280 0
1 4 36 10000 1
1 6 36 10000 1
350 44 12600 3500000 1
4 22 144 40000 1
1 10 36 10000 1
3 2 44 12320 0
108 19 1367 380680 0
2 1 27 7560 0
