4 0.992063492063
6 1.0
6 1.0
6 1.0
9 1.0
4 0.992063492063
10 0.992063492063
1 1.0
2 0.992063492063
10 0.992063492063
5 0.992063492063
1 1.0
9 0.992626728111
2 1.0
6 0.992063492063
4 0.994805194805
11 0.994129158513
8 0.992063492063
3 0.995735607676
5 0.992063492063
5 0.993579454254
6 0.992063492063
11 0.992063492063
1 0.992063492063
6 0.992063492063
8 0.992063492063
8 1.0
4 0.992063492063
2 0.992063492063
7 0.994773519164
6 0.995735607676
11 0.992063492063
2 1.0
3 0.992063492063
4 0.992063492063
6 0.992063492063
8 0.993788819876
9 0.994676131322
1 0.992063492063
4 0.992063492063
3 0.992063492063
9 0.992063492063
4 0.992063492063
2 1.0
1 1.0
7 0.992063492063
7 0.992063492063
2 0.992063492063
8 0.992063492063
2 0.992063492063
8 0.992945326279
2 0.992063492063
7 0.992063492063
9 0.994323557237
3 0.992063492063
8 0.992063492063
6 0.993506493506
7 0.995316159251
5 0.992063492063
6 0.992063492063
2 0.993355481728
12 0.995777621393
5 0.992063492063
11 0.992063492063
4 1.0
7 0.993564993565
11 0.992063492063
7 0.993754879001
6 0.992063492063
4 0.992063492063
4 0.992063492063
4 0.992063492063
1 1.0
8 0.995009357455
7 0.992063492063
9 0.996557659208
1 0.992063492063
10 0.992063492063
7 0.992063492063
3 1.0
10 1.0
11 0.995918367347
9 0.995277449823
4 0.992063492063
7 0.992063492063
7 0.992063492063
5 1.0
11 0.992063492063
5 0.995073891626
3 0.992063492063
10 0.992481203008
6 1.0
9 0.992063492063
2 0.992063492063
3 0.992063492063
8 0.994540491356
9 0.992063492063
10 0.992063492063
9 0.992063492063
7 0.992063492063
1 1.0
10 0.995735607676
3 0.992063492063
6 0.992063492063
2 0.995604395604
10 0.992063492063
8 0.992063492063
7 0.995604395604
9 0.992063492063
11 0.992063492063
1 1.0
3 0.9941089838
10 0.992063492063
4 0.992063492063
4 0.992063492063
9 0.993220338983
3 1.0
9 0.993972272453
5 0.992063492063
3 1.0
11 0.994219653179
7 0.994047619048
1 1.0
10 1.0
7 0.994256999282
11 0.992063492063
8 0.992063492063
4 0.992063492063
1 0.992063492063
10 0.992063492063
2 0.992063492063
10 0.992063492063
6 0.992063492063
2 0.992063492063
2 0.992063492063
4 1.0
10 0.992063492063
7 0.992063492063
6 0.99306518724
7 0.992063492063
3 1.0
4 0.992063492063
5 1.0
1 0.992063492063
2 0.992063492063
6 0.994397759104
4 0.992063492063
4 1.0
6 0.993579454254
2 0.992063492063
6 0.992063492063
1 0.992063492063
5 0.992063492063
1 1.0
5 0.992063492063
11 0.995859213251
11 0.995073891626
4 0.992063492063
5 0.992063492063
11 0.992063492063
5 1.0
6 0.992063492063
4 0.992063492063
9 0.993788819876
10 0.992063492063
5 0.992063492063
7 0.992063492063
9 0.992063492063
10 0.992063492063
6 0.992063492063
6 1.0
1 0.992063492063
8 0.994375703037
4 0.992063492063
2 0.992063492063
1 0.992063492063
11 0.992063492063
9 0.997252747253
8 0.994987468672
2 0.992063492063
11 0.993031358885
11 0.992063492063
29 0.992063492063
4 0.992063492063
112 0.996050032916
1 0.992063492063
5 1.0
3 0.992063492063
1 0.992063492063
44 0.996911196911
2 1.0
22 0.992063492063
1 0.992063492063
1 0.992063492063
10 0.993920972644
6 0.993164730007
9 1.0
1 0.992063492063
19 0.993250843645
10 0.992063492063
5 0.992063492063
20 0.995767195767
314 0.996153846154
25 0.992063492063
2 0.992063492063
3 0.992063492063
1 0.992063492063
216 0.996257018091
15 0.993087557604
53 0.997034107761
287 0.992063492063
2 0.992063492063
2 0.992063492063
2 0.995391705069
3 0.992063492063
1 0.992063492063
98 0.992063492063
1 1.0
1 1.0
70 0.996968548693
80 0.994809913066
1 0.992063492063
9 0.992063492063
2 0.992063492063
50 0.992489795918
1 1.0
62 0.995384938116
1 0.992063492063
168 0.996086105675
25 0.992063492063
2 0.992063492063
1 0.992063492063
1 0.992063492063
14 0.993401517651
2 0.992063492063
4 0.992063492063
28 0.995563442768
3 0.992063492063
3 1.0
1 0.992063492063
1 0.992063492063
70 0.994039858447
2 1.0
31 0.997313031796
1 0.992063492063
65 0.996346364633
8 0.992063492063
10 0.992063492063
3 1.0
5 1.0
1 0.992063492063
5 0.992063492063
1 1.0
2 0.992063492063
1 1.0
3 1.0
1 0.992063492063
1 0.992063492063
350 0.992063492063
4 0.992063492063
1 0.992063492063
3 1.0
108 0.994565785349
2 1.0
