9 0.980392156863
2 0.980392156863
2 0.980392156863
5 0.980392156863
7 0.980392156863
7 0.992156862745
1 0.980392156863
3 0.986477349561
8 0.980392156863
7 0.980392156863
10 0.990808823529
10 0.980392156863
4 0.985994397759
6 0.986631016043
3 0.980392156863
10 0.980392156863
2 0.989495798319
4 0.980392156863
5 0.98985801217
10 0.980392156863
9 0.980392156863
8 0.980392156863
7 0.980392156863
1 0.980392156863
1 0.980392156863
9 0.980392156863
2 0.980392156863
10 0.980392156863
4 0.980392156863
9 0.980392156863
7 0.982352941176
3 0.980392156863
4 0.985652797704
2 0.980392156863
12 0.980392156863
1 0.980392156863
5 1.0
10 0.980392156863
5 0.980392156863
11 0.988577955454
7 0.980392156863
8 0.984819734345
11 0.980392156863
6 0.980392156863
3 0.986928104575
8 0.980392156863
3 0.980392156863
10 0.986706547026
3 0.980392156863
11 0.989304812834
2 0.980392156863
7 0.980392156863
4 0.980392156863
5 0.980392156863
5 0.980392156863
4 0.980392156863
6 0.984917043741
1 0.980392156863
1 0.980392156863
7 0.980392156863
10 0.980392156863
7 0.980392156863
5 0.980392156863
2 0.980392156863
5 0.980392156863
9 0.980392156863
11 0.980392156863
5 0.986781229346
3 0.980392156863
5 0.991087344029
6 0.980392156863
11 0.986104678092
3 0.986928104575
9 0.985652797704
9 0.980392156863
3 0.980392156863
4 1.0
9 0.980392156863
5 0.980392156863
10 0.980392156863
11 0.985927385308
2 0.980392156863
7 0.980392156863
5 0.984520123839
8 0.980392156863
7 0.980392156863
7 0.980392156863
9 0.980392156863
7 0.986320109439
6 0.982308712959
7 0.980392156863
5 0.980392156863
6 0.984917043741
2 0.980392156863
10 0.989495798319
10 0.980392156863
5 0.986477349561
6 0.980392156863
12 0.980392156863
2 0.989304812834
2 0.980392156863
5 0.986928104575
11 0.986240110079
11 0.99245852187
3 0.980392156863
7 0.990029910269
4 0.980392156863
7 0.980392156863
8 0.980392156863
9 0.982866933181
3 0.980392156863
5 0.980392156863
11 0.980392156863
4 0.987212276215
3 0.980392156863
11 0.980392156863
9 0.989304812834
2 0.980392156863
2 0.980392156863
2 0.980392156863
1 0.980392156863
7 0.982492997199
7 0.987616099071
5 0.984101748808
4 0.980392156863
4 0.984520123839
1 0.980392156863
7 0.990196078431
4 0.980392156863
3 0.980392156863
6 0.984101748808
2 0.985652797704
5 0.980392156863
8 0.980392156863
4 0.980392156863
6 0.980392156863
5 0.980392156863
2 0.980392156863
3 0.980392156863
11 0.980392156863
6 0.980392156863
9 0.980392156863
10 0.980392156863
4 0.981424148607
11 0.980392156863
10 0.985652797704
11 0.990808823529
2 0.980392156863
10 0.986781229346
10 0.980392156863
8 0.980392156863
10 0.987484355444
4 0.982440737489
5 0.980392156863
3 1.0
7 0.984101748808
3 0.985994397759
11 0.980392156863
5 0.984383133784
2 1.0
6 0.986928104575
8 0.980392156863
3 0.980392156863
7 0.980392156863
4 0.980392156863
3 0.980392156863
5 0.980392156863
9 0.980392156863
1 0.980392156863
8 0.99323867478
5 0.988465974625
9 0.980392156863
3 0.980392156863
3 0.982698961938
1 0.980392156863
8 0.980392156863
4 0.988235294118
10 0.982698961938
6 0.980392156863
5 0.980392156863
11 0.98698594482
5 0.980392156863
1 0.980392156863
6 0.980392156863
10 0.983193277311
163 0.986631016043
2 0.980392156863
184 0.990029910269
6 0.980392156863
31 0.980392156863
125 0.98419329344
49 0.980392156863
4 0.983193277311
4 0.980392156863
222 0.980534095748
333 0.980392156863
18 0.988577955454
1 0.980392156863
7 0.980392156863
31 0.99147485081
28 0.980392156863
3 0.980392156863
2 0.980392156863
7 0.980392156863
1 0.980392156863
11 0.986631016043
62 0.988313206077
137 0.983216112532
1 0.980392156863
1 0.980392156863
54 0.983716670059
129 0.988235294118
18 0.980392156863
2 0.984520123839
280 0.980392156863
1 0.980392156863
9 0.980392156863
121 0.980392156863
2 0.980392156863
1 0.980392156863
43 0.980392156863
3 0.980392156863
4 0.980392156863
1 0.980392156863
3 0.980392156863
3 0.989304812834
1 0.980392156863
180 0.987281399046
164 0.98488474619
1 0.980392156863
2 0.980392156863
2 0.988465974625
6 0.984819734345
1 0.980392156863
37 0.982407916438
6 0.980392156863
1 0.980392156863
22 0.99231064975
1 0.980392156863
8 0.98985801217
1 1.0
2 0.986631016043
9 0.986928104575
1 0.980392156863
250 0.992156862745
3 0.990512333966
6 0.980392156863
1 0.980392156863
1 0.980392156863
1 1.0
11 0.980392156863
16 0.980392156863
2 0.980392156863
354 0.980392156863
1 0.980392156863
4 0.980392156863
100 0.98659586534
40 0.980392156863
1 0.980392156863
6 0.985294117647
160 0.984865301181
2 0.980392156863
327 0.991349480969
165 0.990029910269
