9 1.0
10 1.0
4 1.0
2 1.0
8 1.0
5 1.0
3 1.0
9 1.0
4 1.0
7 1.0
2 1.0
3 1.0
1 1.0
7 1.0
2 1.0
6 1.0
1 1.0
11 1.0
11 1.0
4 1.0
4 1.0
3 1.0
9 1.0
12 1.0
7 1.0
2 1.0
10 1.0
10 1.0
10 1.0
8 1.0
2 1.0
6 1.0
10 1.0
7 1.0
11 1.0
3 1.0
11 1.0
4 1.0
6 1.0
2 1.0
5 1.0
8 1.0
9 1.0
6 1.0
2 1.0
11 1.0
4 1.0
2 1.0
8 1.0
1 1.0
7 1.0
5 1.0
11 1.0
10 1.0
6 1.0
11 1.0
8 1.0
10 1.0
5 1.0
6 1.0
5 1.0
3 1.0
2 1.0
4 1.0
8 1.0
1 1.0
2 1.0
7 1.0
3 1.0
6 1.0
6 1.0
11 1.0
2 1.0
9 1.0
2 1.0
2 1.0
5 1.0
3 1.0
11 1.0
10 1.0
4 1.0
10 1.0
11 1.0
7 1.0
8 1.0
4 1.0
2 1.0
11 1.0
6 1.0
11 1.0
3 1.0
8 1.0
6 1.0
2 1.0
2 1.0
4 1.0
11 1.0
11 1.0
8 1.0
10 1.0
10 1.0
8 1.0
6 1.0
1 1.0
2 1.0
2 1.0
10 1.0
2 1.0
2 1.0
9 1.0
1 1.0
5 1.0
5 1.0
5 1.0
3 1.0
11 1.0
11 1.0
4 1.0
8 1.0
2 1.0
1 1.0
2 1.0
1 1.0
3 1.0
6 1.0
5 1.0
8 1.0
8 1.0
2 1.0
6 1.0
12 1.0
8 1.0
4 1.0
11 1.0
3 1.0
4 1.0
11 1.0
11 1.0
6 1.0
6 1.0
7 1.0
3 1.0
11 1.0
2 1.0
7 1.0
4 1.0
8 1.0
3 1.0
2 1.0
7 1.0
4 1.0
6 1.0
7 1.0
3 1.0
4 1.0
9 1.0
7 1.0
5 1.0
5 1.0
8 1.0
7 1.0
9 1.0
5 1.0
4 1.0
3 1.0
2 1.0
5 1.0
10 1.0
7 1.0
4 1.0
3 1.0
3 1.0
4 1.0
9 1.0
2 1.0
4 1.0
11 1.0
2 1.0
3 1.0
3 1.0
4 1.0
9 1.0
1 1.0
3 1.0
1 1.0
2 1.0
4 1.0
1 1.0
140 1.0
30 1.0
19 1.0
1 1.0
3 1.0
4 1.0
82 1.0
47 1.0
2 1.0
2 1.0
204 1.0
34 1.0
3 1.0
231 1.0
1 1.0
133 1.0
1 1.0
2 1.0
34 1.0
125 1.0
1 1.0
2 1.0
25 1.0
5 1.0
1 1.0
1 1.0
51 1.0
142 1.0
79 1.0
1 1.0
10 1.0
1 1.0
1 1.0
305 1.0
198 1.0
26 1.0
2 1.0
1 1.0
122 1.0
31 1.0
142 1.0
33 1.0
1 1.0
71 1.0
157 1.0
212 1.0
1 1.0
122 1.0
4 1.0
4 1.0
63 1.0
52 1.0
33 1.0
3 1.0
9 1.0
1 1.0
7 1.0
2 1.0
1 1.0
12 1.0
1 1.0
328 1.0
65 1.0
5 1.0
1 1.0
3 1.0
2 1.0
2 1.0
1 1.0
92 1.0
39 1.0
5 1.0
1 1.0
1 1.0
1 1.0
1 1.0
