10 0.892857142857
6 0.892857142857
11 1.0
6 0.892857142857
6 0.892857142857
3 0.892857142857
5 0.892857142857
8 0.892857142857
6 1.0
10 1.0
4 0.892857142857
8 0.981366459627
1 0.892857142857
6 1.0
5 1.0
3 0.892857142857
5 0.892857142857
5 0.892857142857
3 0.892857142857
9 0.981366459627
9 1.0
3 0.922077922078
8 0.892857142857
1 0.892857142857
2 0.892857142857
9 0.892857142857
5 0.892857142857
9 0.892857142857
10 0.892857142857
6 0.892857142857
8 0.892857142857
5 0.892857142857
5 0.892857142857
8 0.892857142857
10 0.892857142857
8 1.0
5 0.892857142857
7 0.892857142857
5 0.892857142857
5 0.892857142857
9 1.0
7 1.0
7 1.0
6 0.892857142857
9 0.892857142857
4 1.0
6 1.0
2 0.892857142857
9 0.892857142857
11 1.0
11 0.892857142857
1 0.892857142857
7 0.892857142857
7 1.0
2 0.892857142857
8 1.0
11 0.892857142857
2 0.892857142857
5 0.892857142857
3 0.892857142857
5 0.892857142857
7 1.0
6 0.892857142857
4 0.892857142857
11 0.953667953668
8 0.892857142857
1 0.892857142857
9 0.892857142857
2 1.0
4 1.0
2 0.892857142857
10 1.0
3 0.892857142857
6 1.0
10 0.892857142857
9 1.0
1 0.892857142857
9 0.933035714286
5 0.892857142857
4 1.0
11 0.986607142857
4 0.946428571429
11 0.892857142857
4 0.892857142857
8 0.969387755102
8 0.892857142857
10 0.892857142857
6 0.892857142857
8 0.892857142857
7 1.0
3 0.892857142857
3 0.892857142857
1 0.892857142857
6 1.0
9 0.892857142857
11 0.892857142857
7 0.892857142857
11 0.892857142857
9 0.892857142857
8 1.0
9 0.892857142857
10 0.892857142857
7 1.0
2 0.892857142857
4 0.892857142857
8 1.0
5 0.892857142857
5 1.0
9 0.892857142857
9 1.0
8 0.892857142857
2 0.892857142857
10 0.892857142857
8 1.0
8 0.892857142857
9 1.0
10 1.0
2 0.892857142857
12 0.892857142857
8 1.0
4 1.0
10 0.984693877551
10 1.0
11 1.0
11 0.892857142857
2 0.892857142857
3 0.892857142857
1 0.892857142857
5 0.892857142857
4 0.892857142857
4 0.892857142857
9 0.892857142857
10 0.892857142857
5 1.0
5 1.0
2 0.892857142857
8 1.0
11 1.0
2 0.892857142857
10 0.892857142857
10 0.892857142857
11 1.0
7 0.892857142857
7 0.892857142857
9 0.892857142857
4 0.892857142857
6 0.892857142857
1 0.892857142857
11 0.984693877551
6 0.892857142857
3 0.892857142857
9 1.0
2 0.892857142857
4 0.892857142857
8 0.892857142857
7 0.892857142857
7 0.892857142857
8 0.892857142857
9 0.892857142857
3 0.892857142857
9 0.892857142857
7 1.0
5 1.0
6 0.892857142857
3 0.892857142857
1 0.892857142857
6 0.973214285714
8 0.903225806452
3 0.892857142857
9 0.892857142857
4 1.0
2 0.938775510204
2 0.892857142857
4 0.892857142857
9 0.892857142857
11 1.0
7 0.892857142857
10 1.0
9 0.978571428571
10 0.892857142857
9 0.892857142857
2 0.892857142857
1 0.892857142857
1 0.892857142857
6 0.892857142857
17 0.989285714286
1 0.892857142857
48 0.971804511278
39 0.892857142857
2 0.892857142857
2 0.892857142857
1 0.892857142857
1 0.892857142857
2 0.892857142857
14 0.892857142857
79 0.989374262102
215 0.979831932773
8 0.938775510204
14 0.892857142857
247 0.892857142857
73 0.968717413973
269 0.892857142857
1 0.892857142857
2 0.892857142857
43 0.988095238095
1 0.892857142857
1 0.892857142857
56 0.892857142857
1 0.892857142857
1 0.892857142857
71 0.928013392857
1 0.892857142857
201 0.892857142857
1 0.892857142857
11 0.892857142857
2 1.0
324 1.0
256 1.0
116 0.984693877551
1 0.892857142857
39 0.969387755102
1 0.892857142857
2 0.892857142857
1 0.892857142857
46 0.892857142857
1 0.892857142857
1 0.892857142857
1 0.892857142857
10 0.892857142857
1 0.892857142857
157 1.0
300 0.952100840336
124 0.964972527473
7 0.892857142857
76 0.992610837438
1 0.892857142857
202 1.0
9 0.892857142857
35 0.985714285714
1 0.892857142857
6 0.892857142857
16 0.892857142857
10 1.0
296 0.892857142857
1 0.892857142857
2 0.938775510204
1 0.892857142857
3 0.892857142857
101 0.992857142857
83 0.991428571429
11 0.892857142857
1 0.892857142857
1 0.892857142857
1 0.892857142857
1 0.892857142857
10 0.892857142857
209 0.892857142857
54 0.949579831933
60 0.974358974359
27 0.892857142857
1 0.892857142857
2 0.892857142857
19 1.0
11 1.0
