3 1 7 23600 0
9 2 27 90000 1
11 6 33 110000 1
3 1 9 30000 1
10 3 30 100000 1
7 2 21 70000 1
9 1 7 23800 0
4 1 9 30400 0
10 2 14 47600 0
4 1 8 27200 0
9 2 16 54400 0
7 1 7 23800 0
10 4 30 100000 1
1 1 3 10000 1
3 1 7 23600 0
1 1 3 10000 1
8 2 24 80000 1
10 8 30 100000 1
9 4 27 90000 1
1 1 3 10000 1
10 7 30 100000 1
8 7 24 80000 1
4 1 8 27200 0
7 2 14 47600 0
5 2 15 50000 1
1 1 3 10000 1
3 1 8 26800 0
1 1 3 10000 1
6 3 18 60000 1
8 3 24 80000 1
9 1 14 47400 0
7 1 13 44200 0
3 1 8 26800 0
8 5 24 80000 1
11 1 8 27200 0
9 7 27 90000 1
4 4 12 40000 1
10 2 16 54400 0
4 2 12 40000 1
8 1 11 37400 0
10 1 9 30600 0
9 6 27 90000 1
9 5 27 90000 1
11 8 33 110000 1
3 1 9 30000 1
2 1 6 20000 1
6 1 18 60000 1
3 3 9 30000 1
2 1 6 20000 1
4 4 12 40000 1
10 5 30 100000 1
3 1 9 30000 1
3 1 9 30000 1
9 1 11 37400 0
5 1 10 34000 0
9 7 27 90000 1
11 3 23 78000 0
7 1 9 30600 0
1 1 3 10000 1
6 1 8 27200 0
1 1 3 10000 1
2 1 6 20000 1
5 1 8 27200 0
7 3 21 70000 1
7 6 21 70000 1
2 1 6 20000 1
11 2 16 54400 0
8 5 24 80000 1
4 2 12 40000 1
7 4 21 70000 1
1 1 3 10000 1
11 4 33 110000 1
5 2 15 50000 1
6 1 13 44000 0
5 1 7 23800 0
2 2 6 20000 1
11 9 33 110000 1
10 6 30 100000 1
3 1 9 30000 1
9 6 27 90000 1
6 6 18 60000 1
6 1 8 27200 0
9 1 10 34000 0
6 1 8 27200 0
10 1 7 23800 0
1 1 3 10000 1
2 1 6 20000 1
11 1 7 23800 0
9 1 9 30600 0
5 1 10 34000 0
6 3 18 60000 1
6 1 18 60000 1
3 1 9 30000 1
4 1 10 33600 0
5 3 15 50000 1
4 1 9 30400 0
6 1 10 34000 0
10 2 16 54400 0
4 1 12 40000 1
1 1 3 10000 1
10 4 30 100000 1
6 1 9 30600 0
2 2 6 20000 1
6 2 18 60000 1
4 1 12 40000 1
8 1 7 23800 0
5 3 15 50000 1
2 2 6 20000 1
7 6 21 70000 1
4 1 9 30400 0
6 1 15 50400 0
11 4 33 110000 1
10 3 24 80800 0
9 4 27 90000 1
6 1 13 44000 0
4 1 12 40000 1
3 2 9 30000 1
6 6 18 60000 1
2 1 6 20000 1
9 1 15 51000 0
3 1 7 23600 0
7 1 11 37400 0
8 3 24 80000 1
9 4 27 90000 1
2 1 6 20000 1
11 3 33 110000 1
9 1 12 40800 0
8 1 8 27200 0
8 3 24 80000 1
1 1 3 10000 1
6 3 18 60000 1
5 1 13 43600 0
3 1 9 30000 1
9 7 27 90000 1
1 1 3 10000 1
8 4 24 80000 1
8 1 12 40800 0
1 1 3 10000 1
9 1 15 50800 0
12 6 36 120000 1
7 1 8 27200 0
4 1 12 40000 1
6 1 12 40800 0
10 3 21 71200 0
9 3 27 90000 1
3 1 9 30000 1
11 2 16 54400 0
9 3 27 90000 1
10 1 11 37400 0
3 1 9 30000 1
9 3 27 90000 1
3 1 7 23600 0
10 2 18 61200 0
7 4 21 70000 1
6 3 18 60000 1
10 1 11 37400 0
4 2 12 40000 1
2 1 6 20000 1
10 7 30 100000 1
3 1 9 30000 1
7 1 11 37200 0
5 1 8 27200 0
7 1 8 27200 0
9 8 27 90000 1
10 2 14 47600 0
5 3 15 50000 1
8 7 24 80000 1
11 4 33 110000 1
8 1 8 27200 0
9 2 24 80400 0
1 1 3 10000 1
2 1 6 20000 1
7 6 21 70000 1
1 1 3 10000 1
9 1 11 37400 0
1 1 3 10000 1
3 2 9 30000 1
11 2 19 64600 0
4 1 8 27200 0
4 1 9 30400 0
8 1 18 60800 0
1 1 3 10000 1
1 1 3 10000 1
49 10 147 490000 1
1 1 3 10000 1
38 5 45 152800 0
75 1 15 51000 0
1 1 3 10000 1
46 18 138 460000 1
211 20 633 2110000 1
3 1 9 30000 1
136 7 49 166200 0
12 4 36 120000 1
62 18 186 620000 1
326 7 81 274600 0
7 1 9 30600 0
1 1 3 10000 1
3 1 8 26800 0
149 14 447 1490000 1
13 10 39 130000 1
44 8 78 264800 0
253 19 759 2530000 1
1 1 3 10000 1
252 1 17 57800 0
86 4 66 224000 0
60 10 146 490800 0
70 7 55 186400 0
32 7 96 320000 1
1 1 3 10000 1
1 1 3 10000 1
3 1 9 30000 1
1 1 3 10000 1
1 1 3 10000 1
1 1 3 10000 1
13 1 7 23800 0
3 1 9 30000 1
1 1 3 10000 1
1 1 3 10000 1
23 1 15 51000 0
202 16 606 2020000 1
1 1 3 10000 1
13 2 14 47600 0
1 1 3 10000 1
343 5 85 288400 0
39 7 117 390000 1
1 1 3 10000 1
22 1 18 61200 0
7 2 21 70000 1
1 1 3 10000 1
4 2 12 40000 1
261 3 24 81400 0
44 4 43 145800 0
147 6 45 152600 0
1 1 3 10000 1
191 4 64 217200 0
2 1 6 20000 1
2 2 6 20000 1
1 1 3 10000 1
1 1 3 10000 1
1 1 3 10000 1
59 6 95 322600 0
27 2 14 47600 0
3 2 9 30000 1
2 1 6 20000 1
142 4 36 122200 0
1 1 3 10000 1
1 1 3 10000 1
58 1 12 40800 0
1 1 3 10000 1
1 1 3 10000 1
20 1 11 37400 0
11 3 33 110000 1
1 1 3 10000 1
142 2 16 54400 0
29 9 87 290000 1
134 16 402 1340000 1
158 2 30 102000 0
18 9 54 180000 1
2 2 6 20000 1
115 15 345 1150000 1
344 7 73 247800 0
73 6 77 260600 0
126 9 230 776000 0
1 1 3 10000 1
