5 11 24 50000 1
11 12 46 110000 1
11 8 28 77305 0
9 4 18 49241 0
9 6 14 35608 0
1 11 7 10000 1
3 11 15 30000 1
4 3 6 14931 0
3 4 11 25996 0
2 26 12 20000 1
3 24 18 30000 1
1 6 7 10000 1
1 7 7 10000 1
3 9 15 30000 1
4 1 2 4216 0
8 9 27 69373 0
5 7 22 50000 1
2 3 8 16721 0
9 22 40 90000 1
6 6 17 41081 0
8 16 35 80000 1
2 1 3 6599 0
7 16 30 70000 1
10 24 43 100000 1
6 23 28 60000 1
10 20 44 100000 1
6 17 28 60000 1
10 7 31 81780 0
5 1 3 8426 0
8 25 37 80000 1
4 13 19 40000 1
8 9 31 74176 0
11 37 46 110000 1
8 28 35 80000 1
8 3 16 43773 0
4 1 3 7857 0
8 13 36 80000 1
6 25 28 60000 1
6 11 25 56209 0
3 11 16 30000 1
9 4 18 50099 0
9 21 41 90000 1
6 2 9 24697 0
10 28 44 100000 1
2 25 11 20000 1
1 1 3 4569 0
4 21 19 40000 1
10 25 41 100000 1
4 10 20 40000 1
10 16 42 100000 1
4 1 2 5352 0
6 9 29 60000 1
3 21 16 30000 1
2 5 11 20000 1
11 37 47 110000 1
1 1 4 6092 0
8 28 36 80000 1
8 26 34 80000 1
10 32 43 100000 1
9 8 36 89480 0
6 13 27 60000 1
2 3 6 12648 0
10 3 9 27281 0
9 27 38 90000 1
10 8 26 68051 0
5 35 26 50000 1
5 6 19 44270 0
4 18 19 40000 1
7 28 33 70000 1
5 11 23 50000 1
5 26 22 50000 1
11 62 48 110000 1
2 8 11 20000 1
9 11 26 62018 0
9 12 32 80007 0
8 42 38 80000 1
4 1 2 4801 0
9 14 38 90000 1
9 22 39 90000 1
8 9 34 80000 1
9 23 41 90000 1
7 26 32 70000 1
7 1 7 17669 0
7 14 31 70000 1
6 5 17 46403 0
3 1 3 8075 0
4 16 20 40000 1
4 3 10 24688 0
7 2 6 16116 0
8 1 5 13446 0
3 12 17 30000 1
5 7 23 50000 1
5 21 24 50000 1
1 14 7 10000 1
2 7 11 20000 1
3 11 16 30000 1
5 17 24 50000 1
2 2 5 10540 0
3 5 10 24316 0
3 2 8 19555 0
2 20 12 20000 1
8 22 36 80000 1
10 29 46 100000 1
4 13 20 40000 1
6 13 27 60000 1
3 12 15 30000 1
10 4 14 38997 0
5 4 12 27522 0
4 14 19 40000 1
11 17 47 110000 1
4 2 5 12747 0
10 1 4 11284 0
2 1 2 3631 0
11 7 16 39139 0
7 1 4 11368 0
9 8 22 59890 0
5 5 16 40875 0
4 8 20 40000 1
8 12 36 80000 1
10 8 21 54431 0
2 2 5 10802 0
8 15 32 72733 0
2 4 8 17258 0
11 20 48 110000 1
5 6 18 43589 0
5 21 24 50000 1
2 7 11 20000 1
8 26 35 80000 1
2 25 13 20000 1
2 9 11 20000 1
7 43 31 70000 1
6 8 24 56155 0
11 32 47 110000 1
5 2 3 6324 0
5 11 22 50000 1
4 7 17 38969 0
2 3 3 6586 0
10 2 12 33705 0
10 2 7 19598 0
7 10 24 55425 0
11 23 49 110000 1
11 16 48 110000 1
7 4 16 41198 0
11 14 47 110000 1
6 32 29 60000 1
9 2 6 17299 0
9 28 42 90000 1
11 28 51 110000 1
7 8 30 70000 1
11 17 48 110000 1
11 21 46 110000 1
10 1 4 10054 0
6 16 28 60000 1
2 7 11 20000 1
7 28 31 70000 1
6 3 14 33126 0
10 6 34 91060 0
5 1 4 10499 0
3 2 6 14798 0
10 5 18 48472 0
6 7 20 47322 0
2 6 11 20000 1
3 4 10 24439 0
4 8 15 35078 0
9 8 32 82080 0
6 18 29 60000 1
2 18 12 20000 1
11 20 49 110000 1
2 3 9 16556 0
8 20 38 80000 1
6 16 27 60000 1
5 32 24 50000 1
1 6 7 10000 1
2 4 8 16279 0
5 14 24 50000 1
6 9 28 60000 1
1 4 6 9138 0
11 3 14 39792 0
10 15 42 100000 1
5 8 22 50000 1
6 14 27 57795 0
12 7 29 81913 0
1 3 6 9138 0
1 3 6 9138 0
4 6 19 40000 1
12 24 52 120000 1
1 4 7 10000 1
1 7 7 10000 1
21 11 54 151867 0
23 14 49 135066 0
1 2 6 9138 0
40 6 41 128401 0
93 37 369 930000 1
1 9 7 10000 1
1 5 7 10000 1
8 8 23 61266 0
1 4 7 10000 1
117 14 132 389522 0
1 1 2 3046 0
1 14 7 10000 1
3 4 14 29902 0
1 2 4 6092 0
348 29 1377 3480000 1
1 4 7 10000 1
34 11 72 208790 0
1 1 4 6092 0
1 6 7 10000 1
1 10 7 10000 1
4 11 18 37754 0
1 7 7 10000 1
187 71 678 1870000 1
1 12 7 10000 1
206 6 23 67311 0
39 76 166 390000 1
210 14 61 165070 0
93 8 34 97347 0
2 1 4 8432 0
116 25 459 1160000 1
17 3 10 27654 0
109 25 440 1090000 1
1 4 7 10000 1
146 20 544 1460000 1
23 2 8 22641 0
1 3 7 10000 1
15 17 63 150000 1
26 25 101 260000 1
163 10 38 104148 0
1 8 7 10000 1
1 16 7 10000 1
2 4 9 18409 0
1 6 7 10000 1
21 23 87 210000 1
4 4 11 28829 0
1 3 7 10000 1
11 4 17 46171 0
84 12 121 340877 0
1 16 7 10000 1
76 32 287 760000 1
1 1 3 4569 0
227 36 806 2270000 1
4 18 21 40000 1
4 11 19 39036 0
5 6 21 48729 0
281 23 1122 2810000 1
1 1 3 4569 0
49 7 38 113550 0
108 21 400 1080000 1
4 12 21 40000 1
1 2 4 6092 0
89 28 333 890000 1
9 6 18 49170 0
1 10 7 10000 1
12 1 6 18238 0
141 9 51 145483 0
2 18 12 20000 1
19 24 77 190000 1
128 5 33 97466 0
1 6 7 10000 1
1 1 2 3046 0
1 12 7 10000 1
1 12 7 10000 1
150 22 569 1500000 1
2 4 11 20000 1
221 46 894 2210000 1
