3 1 3 15355 0
10 4 22 100000 1
11 10 25 110000 1
8 6 19 80000 1
11 11 25 110000 1
7 9 17 70000 1
1 8 4 10000 1
2 6 6 20000 1
5 2 9 45323 0
5 10 13 50000 1
9 6 20 90000 1
3 2 6 26958 0
3 4 8 30000 1
1 3 4 10000 1
5 11 13 50000 1
8 1 4 21944 0
10 4 16 87584 0
7 1 5 29827 0
7 14 17 70000 1
5 4 12 50000 1
11 1 4 23793 0
7 13 17 70000 1
10 4 21 100000 1
8 8 20 80000 1
9 8 22 90000 1
6 1 4 22599 0
2 1 2 7774 0
6 2 8 39641 0
7 6 15 70000 1
7 1 4 20049 0
8 1 5 28419 0
8 3 13 70955 0
12 2 14 81488 0
3 13 9 30000 1
6 1 3 16034 0
4 12 10 40000 1
12 18 29 120000 1
9 3 21 90000 1
8 1 3 16970 0
5 2 6 29304 0
10 1 7 39255 0
6 1 4 21320 0
11 5 19 97451 0
8 7 18 80000 1
8 17 18 80000 1
2 4 7 20000 1
6 2 13 60000 1
10 3 16 85746 0
9 14 21 90000 1
4 2 7 34773 0
9 14 22 90000 1
3 8 10 30000 1
7 1 5 28224 0
11 2 13 75037 0
11 1 7 39392 0
8 3 14 70398 0
9 1 6 33327 0
9 2 14 77696 0
5 3 9 42836 0
9 8 20 90000 1
1 1 4 10000 1
3 1 4 20798 0
10 11 22 100000 1
3 8 9 30000 1
6 2 10 52975 0
5 1 3 16729 0
3 8 9 30000 1
7 20 18 70000 1
11 1 5 28045 0
7 1 5 30403 0
4 7 11 40000 1
9 7 21 90000 1
10 4 15 80295 0
2 2 6 20000 1
1 3 4 10000 1
10 1 4 24872 0
5 4 12 50000 1
2 1 4 15922 0
9 15 21 90000 1
8 2 7 42127 0
4 14 12 40000 1
1 3 4 10000 1
9 10 21 90000 1
6 2 10 52554 0
3 5 8 30000 1
7 8 17 70000 1
10 7 21 100000 1
3 12 9 30000 1
7 8 17 70000 1
2 1 4 15973 0
6 5 15 60000 1
6 13 14 60000 1
8 7 18 80000 1
9 1 7 40741 0
3 13 9 30000 1
3 6 9 30000 1
2 3 6 20000 1
3 10 9 30000 1
8 8 19 80000 1
4 6 11 40000 1
9 6 21 90000 1
6 17 16 60000 1
6 1 4 22599 0
11 5 23 110000 1
1 2 4 10000 1
1 1 2 5162 0
4 4 11 40000 1
2 1 4 15548 0
5 8 14 50000 1
11 12 27 110000 1
6 8 14 60000 1
3 3 8 30000 1
2 2 6 20000 1
7 19 21 70000 1
6 3 9 42719 0
1 4 4 10000 1
10 2 9 52963 0
8 8 19 80000 1
6 5 15 60000 1
8 8 18 80000 1
4 3 10 40000 1
9 16 20 90000 1
11 3 7 40594 0
3 1 3 14137 0
8 7 20 80000 1
10 10 21 100000 1
2 2 6 20000 1
7 17 17 70000 1
5 1 3 17208 0
5 8 11 50000 1
7 6 16 70000 1
10 1 7 39694 0
11 7 25 110000 1
7 2 8 45138 0
3 2 6 25286 0
3 10 8 30000 1
6 5 14 60000 1
2 2 6 20000 1
7 17 16 70000 1
3 3 8 30000 1
5 19 13 50000 1
5 7 13 50000 1
9 13 21 90000 1
2 4 6 20000 1
10 11 22 100000 1
5 12 13 50000 1
7 2 11 57376 0
9 22 22 90000 1
7 8 16 70000 1
6 16 13 60000 1
4 12 11 40000 1
9 6 21 90000 1
3 9 9 30000 1
8 2 10 60445 0
9 6 21 90000 1
8 22 20 80000 1
8 1 5 24191 0
4 5 11 40000 1
3 2 7 28618 0
4 15 12 40000 1
4 5 11 40000 1
11 1 7 40547 0
4 4 10 40000 1
2 2 4 15669 0
8 1 2 9841 0
4 12 12 40000 1
4 9 12 40000 1
9 3 12 61059 0
5 20 13 50000 1
2 1 2 7774 0
8 20 20 80000 1
4 8 10 40000 1
6 4 14 60000 1
10 4 20 100000 1
2 6 6 20000 1
11 16 27 110000 1
1 5 4 10000 1
2 1 3 12321 0
5 4 13 50000 1
7 2 10 51968 0
5 16 14 50000 1
3 1 3 13937 0
1 5 4 10000 1
223 16 447 2230000 1
5 10 12 50000 1
325 21 624 3250000 1
6 3 9 48849 0
1 3 4 10000 1
1 5 4 10000 1
119 12 223 1190000 1
6 5 15 60000 1
2 2 5 17774 0
2 3 6 20000 1
2 7 7 20000 1
1 7 4 10000 1
65 19 133 650000 1
168 1 9 69039 0
56 11 122 560000 1
88 19 182 880000 1
1 6 4 10000 1
124 16 242 1240000 1
142 2 9 58008 0
14 2 16 98407 0
3 5 8 30000 1
1 8 4 10000 1
3 1 3 14549 0
10 6 22 100000 1
89 13 195 890000 1
6 10 16 60000 1
4 4 11 40000 1
77 1 15 105545 0
1 5 4 10000 1
25 22 54 250000 1
3 1 3 14425 0
207 21 480 2070000 1
34 2 22 143294 0
16 1 7 46185 0
1 1 2 5162 0
1 7 4 10000 1
176 16 330 1760000 1
150 1 3 16704 0
14 1 6 40053 0
1 7 4 10000 1
74 1 4 22300 0
1 1 3 7743 0
1 4 4 10000 1
2 4 6 20000 1
1 1 4 10000 1
1 1 4 10000 1
9 25 24 90000 1
1 1 3 7743 0
10 14 24 100000 1
120 6 52 296916 0
7 9 16 70000 1
33 25 64 330000 1
3 12 9 30000 1
166 12 337 1660000 1
1 2 4 10000 1
19 19 41 190000 1
37 17 86 370000 1
2 1 2 8078 0
7 5 16 70000 1
3 7 8 30000 1
9 9 20 90000 1
2 7 6 20000 1
68 24 157 680000 1
41 19 84 410000 1
1 2 4 10000 1
136 11 263 1360000 1
3 1 5 21518 0
1 1 3 7743 0
168 6 38 206071 0
1 1 3 7743 0
21 2 16 98915 0
114 20 223 1140000 1
1 1 2 5162 0
1 4 4 10000 1
65 8 74 409558 0
3 9 9 30000 1
337 17 736 3370000 1
1 1 4 10000 1
224 1 3 18722 0
1 1 4 10000 1
1 1 4 10000 1
