9 6 14 90000 1
1 1 4 10000 1
7 12 14 70000 1
9 1 3 22816 0
7 10 12 70000 1
8 17 16 80000 1
10 2 14 97014 0
10 1 3 24418 0
4 1 6 36760 0
2 3 6 20000 1
2 7 6 20000 1
9 7 17 90000 1
4 1 3 18940 0
5 5 10 50000 1
11 6 19 110000 1
5 9 10 50000 1
5 6 9 50000 1
9 2 15 90000 1
7 4 14 70000 1
3 6 6 30000 1
3 1 3 18140 0
5 8 9 50000 1
2 6 6 20000 1
8 1 7 54691 0
6 9 12 60000 1
4 1 6 37182 0
5 6 10 50000 1
8 7 14 80000 1
6 1 5 36799 0
2 2 5 20000 1
2 1 3 14391 0
5 7 10 50000 1
2 3 5 20000 1
9 9 17 90000 1
5 9 10 50000 1
9 9 15 90000 1
5 11 10 50000 1
1 3 4 10000 1
8 9 14 80000 1
10 3 17 100000 1
8 1 5 35123 0
11 1 6 54124 0
4 4 9 40000 1
3 5 7 30000 1
9 8 17 90000 1
7 3 12 70000 1
10 16 22 100000 1
7 1 6 44397 0
6 7 12 60000 1
8 2 12 75652 0
10 7 17 100000 1
11 9 18 110000 1
2 1 4 18163 0
3 2 6 30000 1
1 1 4 10000 1
7 4 12 70000 1
7 12 15 70000 1
9 15 18 90000 1
9 1 6 45119 0
4 7 8 40000 1
9 6 18 90000 1
7 10 12 70000 1
11 5 18 110000 1
9 2 14 88560 0
9 8 18 90000 1
7 1 7 47550 0
6 10 13 60000 1
9 2 10 74073 0
10 1 6 45394 0
6 15 13 60000 1
9 15 19 90000 1
3 2 6 30000 1
5 6 11 50000 1
2 6 6 20000 1
8 2 10 68824 0
11 13 22 110000 1
12 1 6 44951 0
9 8 16 90000 1
5 4 10 50000 1
5 10 9 50000 1
7 1 7 50659 0
5 14 9 50000 1
1 3 4 10000 1
10 16 21 100000 1
10 1 6 48235 0
6 1 7 48323 0
6 1 4 31630 0
11 3 13 95118 0
10 3 17 100000 1
3 2 2 10772 0
6 1 7 52009 0
6 1 6 43178 0
3 12 7 30000 1
11 4 18 110000 1
7 6 13 70000 1
2 1 4 17099 0
1 2 4 10000 1
4 4 9 40000 1
2 1 5 20000 1
9 7 15 90000 1
10 9 20 100000 1
4 11 9 40000 1
7 1 4 29429 0
11 4 19 110000 1
3 1 4 23410 0
5 8 10 50000 1
9 6 18 90000 1
8 13 15 80000 1
11 1 6 45248 0
2 4 5 20000 1
10 5 18 100000 1
10 6 17 100000 1
10 12 18 100000 1
2 1 5 20000 1
8 2 14 80000 1
2 1 3 13713 0
3 2 6 30000 1
4 1 6 37284 0
11 2 17 109498 0
3 3 6 30000 1
7 1 8 58890 0
4 1 5 32763 0
2 1 4 17088 0
11 12 19 110000 1
4 3 8 40000 1
1 2 4 10000 1
3 1 6 29078 0
12 1 8 61979 0
7 7 14 70000 1
3 1 4 24165 0
1 1 4 10000 1
4 5 8 40000 1
4 11 7 40000 1
1 1 3 8637 0
2 8 6 20000 1
8 1 7 47456 0
4 4 9 40000 1
11 7 19 110000 1
7 13 14 70000 1
3 6 7 30000 1
4 5 8 40000 1
10 6 18 100000 1
8 9 15 80000 1
1 4 4 10000 1
2 2 5 20000 1
1 1 2 5758 0
7 10 13 70000 1
4 9 9 40000 1
3 1 5 27830 0
8 4 14 80000 1
10 8 20 100000 1
7 12 14 70000 1
8 11 14 80000 1
7 2 12 70000 1
8 1 7 54273 0
9 1 7 44475 0
7 2 11 68640 0
2 7 6 20000 1
1 1 4 10000 1
7 2 10 62596 0
10 1 7 52567 0
10 2 8 56461 0
10 9 19 100000 1
4 10 9 40000 1
9 4 16 90000 1
6 11 12 60000 1
3 5 6 30000 1
7 5 13 70000 1
5 2 9 50000 1
2 1 5 20000 1
3 3 7 30000 1
11 1 7 52232 0
11 2 15 99945 0
11 14 20 110000 1
2 1 3 14391 0
11 4 17 110000 1
2 3 5 20000 1
11 7 19 110000 1
11 2 11 82143 0
4 1 5 32994 0
10 1 6 50626 0
9 1 5 38363 0
1 1 4 10000 1
32 11 53 320000 1
2 3 5 20000 1
42 18 76 420000 1
6 9 12 60000 1
1 3 4 10000 1
23 14 40 230000 1
2 6 5 20000 1
3 12 7 30000 1
1 1 3 8637 0
1 1 4 10000 1
21 8 38 210000 1
16 17 30 160000 1
1 1 4 10000 1
2 3 5 20000 1
186 13 295 1860000 1
39 17 66 390000 1
1 3 4 10000 1
1 1 4 10000 1
1 1 4 10000 1
16 4 27 160000 1
3 8 8 30000 1
209 10 340 2090000 1
1 1 3 8637 0
1 1 4 10000 1
1 1 3 8637 0
180 8 293 1800000 1
28 1 13 110936 0
11 1 8 64191 0
9 11 17 90000 1
64 7 101 640000 1
1 1 3 8637 0
2 5 5 20000 1
26 1 10 93719 0
1 1 4 10000 1
1 1 3 8637 0
14 6 23 140000 1
178 9 276 1780000 1
1 2 4 10000 1
15 9 27 150000 1
1 1 4 10000 1
1 2 4 10000 1
16 7 27 160000 1
1 2 4 10000 1
1 1 4 10000 1
170 14 250 1700000 1
17 5 30 170000 1
158 8 250 1580000 1
1 1 3 8637 0
109 20 150 1090000 1
30 8 44 300000 1
1 1 4 10000 1
2 6 5 20000 1
3 8 7 30000 1
3 1 3 17601 0
82 4 103 820000 1
1 1 4 10000 1
2 1 4 18569 0
1 1 4 10000 1
349 15 560 3490000 1
1 4 4 10000 1
3 7 7 30000 1
1 1 4 10000 1
1 3 4 10000 1
1 1 2 5758 0
3 10 7 30000 1
28 11 50 280000 1
1 1 3 8637 0
39 4 55 390000 1
19 3 28 190000 1
1 2 4 10000 1
1 1 4 10000 1
4 5 8 40000 1
1 1 3 8637 0
1 1 3 8637 0
1 1 4 10000 1
1 2 4 10000 1
26 7 39 260000 1
3 2 6 30000 1
1 3 4 10000 1
3 1 5 28321 0
1 1 4 10000 1
