9 2.25563909774
1 0.877192982456
7 1.75438596491
9 2.6685380117
7 2.04678362573
8 1.75438596491
10 2.43142857143
10 2.85590643275
4 2.14970760234
2 1.16959064327
2 1.16959064327
9 1.85758513932
4 2.21520467836
5 1.75438596491
11 2.03139427516
5 1.75438596491
5 1.94931773879
9 2.10526315789
7 1.75438596491
3 1.75438596491
3 2.1216374269
5 1.94931773879
2 1.16959064327
8 2.74140350877
6 1.75438596491
4 2.17438596491
5 1.75438596491
8 2.00501253133
6 2.58238596491
2 1.40350877193
2 1.68315789474
5 1.75438596491
2 1.40350877193
9 1.85758513932
5 1.75438596491
9 2.10526315789
5 1.75438596491
1 0.877192982456
8 2.00501253133
10 2.06398348813
8 2.46477192982
11 3.16514619883
4 1.55945419103
3 1.5037593985
9 1.85758513932
7 2.04678362573
10 1.59489633174
7 2.59631578947
6 1.75438596491
8 2.21204678363
10 2.06398348813
11 2.14424951267
2 1.59324561404
3 1.75438596491
1 0.877192982456
7 2.04678362573
7 1.63742690058
9 1.75438596491
9 2.6385380117
4 1.75438596491
9 1.75438596491
7 2.04678362573
11 2.14424951267
9 2.21954887218
9 1.75438596491
7 2.38345864662
6 1.61943319838
9 2.59905263158
10 2.65461988304
6 1.61943319838
9 1.6620498615
3 1.75438596491
5 1.59489633174
2 1.16959064327
8 2.41487719298
11 1.75438596491
12 2.62871345029
9 1.97368421053
5 1.75438596491
5 1.94931773879
7 2.53929824561
5 1.94931773879
1 0.877192982456
10 1.67084377611
10 2.82076023392
6 2.42220551378
6 2.77456140351
11 2.56728744939
10 2.06398348813
3 1.8898245614
6 2.60696741855
6 2.52502923977
3 1.5037593985
11 2.14424951267
7 1.88933873144
2 1.4999122807
1 0.877192982456
4 1.55945419103
2 1.40350877193
9 2.10526315789
10 1.75438596491
4 1.55945419103
7 2.58149122807
11 2.03139427516
3 2.05350877193
5 1.75438596491
9 1.75438596491
8 1.87134502924
11 2.64608187135
2 1.40350877193
10 1.94931773879
10 2.06398348813
10 1.94931773879
2 1.40350877193
8 2.00501253133
2 1.60385964912
3 1.75438596491
4 2.18035087719
11 2.26002063983
3 1.75438596491
7 2.58289473684
4 2.29915789474
2 1.49894736842
11 2.03139427516
4 1.75438596491
1 0.877192982456
3 1.70046783626
12 2.71837719298
7 1.75438596491
3 2.11973684211
1 0.877192982456
4 1.75438596491
4 2.00501253133
1 1.0101754386
2 1.16959064327
8 2.37874686717
4 1.55945419103
11 2.03139427516
7 1.75438596491
3 1.5037593985
4 1.75438596491
10 1.94931773879
8 1.87134502924
1 0.877192982456
2 1.40350877193
1 1.0101754386
7 1.88933873144
4 1.55945419103
3 1.95298245614
8 2.00501253133
10 1.75438596491
7 1.75438596491
8 2.00501253133
7 2.04678362573
8 2.72045112782
9 2.22932330827
7 2.18947368421
2 1.16959064327
1 0.877192982456
7 2.19635087719
10 2.63493734336
10 2.47635964912
10 1.84672206833
4 1.55945419103
9 1.97368421053
6 1.75438596491
3 1.75438596491
7 1.88933873144
5 1.94931773879
2 1.40350877193
3 1.5037593985
11 2.61814536341
11 2.33789473684
11 1.9298245614
2 1.68315789474
11 2.27038183695
2 1.40350877193
11 2.03139427516
11 2.62019138756
4 2.31536842105
10 2.96058479532
9 2.69214035088
1 0.877192982456
32 2.11850380669
2 1.40350877193
42 1.93905817175
6 1.75438596491
1 0.877192982456
23 2.01754385965
2 1.40350877193
3 1.5037593985
1 1.0101754386
1 0.877192982456
21 1.93905817175
16 1.87134502924
1 0.877192982456
2 1.40350877193
186 2.21231043711
39 2.07336523126
1 0.877192982456
1 0.877192982456
1 0.877192982456
16 2.07927225471
3 1.31578947368
209 2.1568627451
1 1.0101754386
1 0.877192982456
1 1.0101754386
180 2.15555954733
28 2.99422402159
11 2.81539473684
9 1.85758513932
64 2.22338023276
1 1.0101754386
2 1.40350877193
26 3.28838596491
1 0.877192982456
1 1.0101754386
14 2.13577421815
178 2.2629036359
1 0.877192982456
15 1.94931773879
1 0.877192982456
1 0.877192982456
16 2.07927225471
1 0.877192982456
1 0.877192982456
170 2.38596491228
17 1.98830409357
158 2.21754385965
1 1.0101754386
109 2.54970760234
30 2.39234449761
1 0.877192982456
2 1.40350877193
3 1.5037593985
3 2.05859649123
82 2.7933912451
1 0.877192982456
2 1.62885964912
1 0.877192982456
349 2.18671679198
1 0.877192982456
3 1.5037593985
1 0.877192982456
1 0.877192982456
1 1.0101754386
3 1.5037593985
28 1.9649122807
1 1.0101754386
39 2.48803827751
19 2.38095238095
1 0.877192982456
1 0.877192982456
4 1.75438596491
1 1.0101754386
1 1.0101754386
1 0.877192982456
1 0.877192982456
26 2.33918128655
3 1.75438596491
1 0.877192982456
3 1.98743859649
1 0.877192982456
