3 1 5 30000 1
2 3 5 20000 1
5 5 9 50000 1
5 1 5 50000 1
10 7 13 100000 1
9 1 8 90000 1
3 2 5 30000 1
1 1 3 10000 1
8 6 10 80000 1
4 3 7 40000 1
4 1 5 40000 1
10 2 9 100000 1
5 1 5 50000 1
12 8 20 120000 1
8 1 5 69004 0
3 3 6 30000 1
2 1 4 20000 1
2 1 4 20000 1
9 1 6 84186 0
5 1 6 50000 1
9 2 10 90000 1
9 3 10 90000 1
8 4 10 80000 1
2 1 4 20000 1
7 1 6 70000 1
8 2 9 80000 1
1 1 3 10000 1
4 2 6 40000 1
5 1 6 50000 1
8 6 13 80000 1
6 1 6 60000 1
6 4 9 60000 1
3 1 5 30000 1
6 1 6 60000 1
6 6 10 60000 1
6 2 8 60000 1
1 1 3 10000 1
5 3 8 50000 1
4 1 5 40000 1
3 1 5 30000 1
2 1 4 20000 1
4 2 6 40000 1
10 1 7 97475 0
4 4 6 40000 1
3 1 5 30000 1
7 1 6 70000 1
3 3 7 30000 1
8 7 13 80000 1
7 3 9 70000 1
6 3 8 60000 1
7 1 6 70000 1
4 1 5 40000 1
7 8 10 70000 1
5 7 10 50000 1
6 3 8 60000 1
3 1 5 30000 1
10 6 17 100000 1
8 4 10 80000 1
4 1 4 40000 1
10 2 9 100000 1
5 1 5 50000 1
3 1 5 30000 1
3 1 5 30000 1
9 8 13 90000 1
7 8 11 70000 1
11 1 6 96828 0
10 8 18 100000 1
8 5 12 80000 1
8 2 9 80000 1
11 1 5 80399 0
10 6 17 100000 1
5 2 7 50000 1
7 9 14 70000 1
10 6 16 100000 1
4 5 9 40000 1
9 4 11 90000 1
11 8 19 110000 1
5 1 5 50000 1
2 1 4 20000 1
11 1 6 92174 0
3 1 5 30000 1
4 1 5 40000 1
9 4 11 90000 1
11 2 10 109333 0
10 1 8 100000 1
11 11 24 110000 1
5 6 10 50000 1
7 1 7 70000 1
10 6 14 100000 1
9 4 9 90000 1
11 10 19 110000 1
7 3 8 70000 1
10 2 10 100000 1
8 9 15 80000 1
3 2 6 30000 1
4 3 7 40000 1
3 1 5 30000 1
9 1 8 90000 1
10 5 15 100000 1
5 1 5 50000 1
5 1 5 50000 1
4 1 5 40000 1
1 1 3 10000 1
10 6 17 100000 1
3 3 7 30000 1
1 1 3 10000 1
11 3 13 110000 1
5 5 9 50000 1
9 1 6 81200 0
8 3 11 80000 1
7 8 12 70000 1
2 1 4 20000 1
6 1 6 60000 1
6 5 9 60000 1
10 1 9 100000 1
5 2 7 50000 1
10 9 21 100000 1
11 10 23 110000 1
11 1 9 110000 1
11 1 9 110000 1
11 11 15 110000 1
10 5 14 100000 1
6 2 8 60000 1
3 3 7 30000 1
1 1 3 10000 1
10 4 13 100000 1
4 3 7 40000 1
2 1 4 20000 1
9 4 11 90000 1
10 5 15 100000 1
8 6 13 80000 1
12 1 5 81156 0
6 1 6 60000 1
5 4 8 50000 1
1 1 3 10000 1
1 1 3 10000 1
4 5 8 40000 1
2 1 4 20000 1
1 1 3 10000 1
1 1 3 10000 1
3 1 5 30000 1
7 1 7 70000 1
10 9 21 100000 1
11 4 12 110000 1
6 1 5 60000 1
4 2 6 40000 1
10 1 6 90288 0
10 2 11 100000 1
5 5 9 50000 1
11 1 7 98853 0
5 1 5 50000 1
1 1 3 10000 1
4 1 5 40000 1
7 4 9 70000 1
4 1 5 40000 1
5 3 8 50000 1
7 1 6 70000 1
4 2 6 40000 1
11 1 6 94075 0
6 3 7 60000 1
2 2 5 20000 1
5 5 9 50000 1
5 7 11 50000 1
6 1 5 59035 0
2 1 4 20000 1
1 1 3 10000 1
10 2 10 100000 1
9 1 8 90000 1
2 3 6 20000 1
11 2 11 110000 1
4 4 8 40000 1
9 1 7 90000 1
3 1 5 30000 1
7 1 7 70000 1
5 6 10 50000 1
4 5 9 40000 1
10 1 5 83511 0
10 1 7 95067 0
6 2 7 60000 1
6 1 5 59455 0
7 7 12 70000 1
10 7 17 100000 1
325 17 620 3250000 1
2 1 4 20000 1
145 1 5 87322 0
18 6 22 180000 1
20 6 27 200000 1
27 2 12 191238 0
12 11 20 120000 1
163 3 29 505307 0
3 1 5 30000 1
1 1 3 10000 1
1 1 3 10000 1
1 1 3 10000 1
258 5 216 2580000 1
1 1 3 10000 1
4 1 5 40000 1
2 1 4 20000 1
1 1 3 10000 1
1 1 3 10000 1
1 1 3 10000 1
16 5 21 160000 1
1 1 3 10000 1
1 1 3 10000 1
1 1 3 10000 1
2 1 4 20000 1
10 3 11 100000 1
3 1 5 30000 1
14 1 8 136405 0
1 1 3 10000 1
2 1 4 20000 1
22 7 34 220000 1
1 1 3 10000 1
28 17 80 280000 1
15 13 35 150000 1
1 1 3 10000 1
30 1 8 185928 0
2 1 4 20000 1
4 1 5 40000 1
1 1 3 10000 1
1 1 3 10000 1
2 1 4 20000 1
35 12 74 350000 1
48 25 144 480000 1
9 6 16 90000 1
25 15 63 250000 1
2 1 4 20000 1
1 1 3 10000 1
1 1 3 10000 1
1 1 3 10000 1
1 1 3 10000 1
1 1 3 10000 1
8 1 5 73941 0
3 1 5 30000 1
229 17 456 2290000 1
25 1 5 87741 0
1 1 3 10000 1
1 1 3 10000 1
1 1 3 10000 1
4 4 8 40000 1
69 15 171 690000 1
4 5 9 40000 1
1 1 3 10000 1
6 3 8 60000 1
1 1 3 10000 1
1 1 3 10000 1
32 20 81 320000 1
1 1 3 10000 1
1 1 3 10000 1
245 6 99 975782 0
6 1 6 59840 0
3 1 5 30000 1
281 4 28 367323 0
2 1 4 20000 1
57 19 156 570000 1
41 12 61 410000 1
2 1 4 20000 1
3 4 7 30000 1
38 3 15 226350 0
1 1 3 10000 1
7 1 7 70000 1
11 1 8 110000 1
221 14 402 2210000 1
6 2 7 60000 1
