7 18 49 70000 1
10 13 70 100000 1
3 5 21 30000 1
4 10 28 40000 1
9 18 63 90000 1
11 25 77 110000 1
4 3 28 40000 1
2 6 14 20000 1
4 3 27 39000 0
7 19 49 70000 1
10 15 70 100000 1
5 11 35 50000 1
12 9 64 93500 0
8 14 56 80000 1
9 13 63 90000 1
3 2 15 22000 0
11 29 77 110000 1
6 7 42 60000 1
9 7 55 79000 0
5 15 35 50000 1
5 9 35 50000 1
5 1 6 9000 0
8 14 56 80000 1
3 1 6 9000 0
9 14 63 90000 1
10 12 70 100000 1
3 15 21 30000 1
8 1 8 12000 0
6 10 42 60000 1
12 15 84 120000 1
1 5 7 10000 1
4 10 28 40000 1
6 20 42 60000 1
10 16 70 100000 1
9 9 53 78500 0
8 10 56 80000 1
3 3 21 30000 1
7 7 28 41000 0
9 11 63 90000 1
9 26 63 90000 1
12 7 84 120000 1
9 24 63 90000 1
11 5 43 63000 0
10 9 52 76500 0
5 18 35 50000 1
9 19 63 90000 1
10 4 27 39500 0
4 1 12 17500 0
9 15 63 90000 1
4 1 7 10500 0
6 3 24 35000 0
3 4 21 30000 1
2 11 14 20000 1
10 3 31 46500 0
8 12 56 80000 1
1 1 6 9000 0
4 4 21 30500 0
9 20 63 90000 1
2 9 14 20000 1
1 1 7 10000 1
8 5 27 40000 0
2 10 14 20000 1
10 1 8 12000 0
7 18 49 70000 1
3 8 21 30000 1
5 9 35 50000 1
11 17 77 110000 1
8 13 56 80000 1
10 1 12 18000 0
4 3 24 35500 0
11 4 32 48000 0
11 3 16 24000 0
5 1 6 9000 0
5 1 8 12000 0
6 9 42 60000 1
4 5 28 40000 1
6 10 42 60000 1
1 5 7 10000 1
11 1 10 15000 0
3 7 21 30000 1
7 16 49 70000 1
11 1 8 12000 0
2 2 13 19000 0
8 1 7 10500 0
10 4 21 31500 0
6 2 20 30000 0
8 8 56 80000 1
3 5 21 30000 1
5 19 35 50000 1
9 8 49 72000 0
5 13 35 50000 1
1 1 5 7500 0
6 4 19 28000 0
7 1 10 15000 0
7 17 49 70000 1
7 17 49 70000 1
6 1 9 13500 0
3 2 12 18000 0
8 17 56 80000 1
6 7 42 60000 1
9 18 63 90000 1
11 1 7 10500 0
2 1 10 15000 0
5 5 35 50000 1
4 5 27 39000 0
5 18 35 50000 1
9 16 63 90000 1
11 1 6 9000 0
2 4 14 20000 1
1 2 7 10000 1
7 7 49 70000 1
2 10 14 20000 1
8 32 56 80000 1
5 4 26 38000 0
9 3 28 41500 0
7 2 26 38000 0
11 16 77 110000 1
1 1 7 10000 1
1 2 7 10000 1
6 19 42 60000 1
7 16 49 70000 1
8 12 56 80000 1
4 13 28 40000 1
1 1 7 10000 1
11 16 77 110000 1
5 4 35 50000 1
8 7 37 54000 0
9 3 25 37500 0
4 1 10 15000 0
10 15 70 100000 1
3 17 21 30000 1
3 1 8 12000 0
10 18 70 100000 1
7 1 7 10500 0
3 5 21 30000 1
1 1 7 10000 1
8 22 56 80000 1
7 14 49 70000 1
8 10 56 80000 1
7 16 49 70000 1
5 3 35 50000 1
7 6 49 70000 1
9 2 20 30000 0
1 2 7 10000 1
6 23 42 60000 1
4 2 20 29500 0
10 1 7 10500 0
12 24 84 120000 1
2 4 14 20000 1
6 2 25 36500 0
4 1 10 15000 0
5 9 35 50000 1
7 2 14 21000 0
9 4 37 54500 0
4 10 28 40000 1
3 1 6 9000 0
4 1 8 12000 0
4 15 28 40000 1
8 22 56 80000 1
5 10 35 50000 1
2 5 14 20000 1
3 5 21 30000 1
7 1 9 13500 0
4 11 28 40000 1
1 2 7 10000 1
9 12 63 90000 1
6 7 42 60000 1
2 8 14 20000 1
10 6 45 67000 0
11 14 77 110000 1
3 9 21 30000 1
11 14 77 110000 1
10 9 44 64000 0
1 1 7 10000 1
8 6 35 52000 0
8 6 53 76500 0
10 3 20 29500 0
1 1 7 10000 1
4 10 28 40000 1
11 29 77 110000 1
7 10 49 70000 1
7 22 49 70000 1
1 1 7 10000 1
1 5 7 10000 1
21 24 147 210000 1
1 1 6 9000 0
16 4 51 76500 0
3 9 21 30000 1
1 1 7 10000 1
10 3 25 37500 0
15 44 105 150000 1
1 1 7 10000 1
4 9 28 40000 1
4 3 18 26500 0
2 5 14 20000 1
1 3 7 10000 1
6 1 6 9000 0
206 15 167 245000 0
5 17 35 50000 1
1 3 7 10000 1
46 14 166 247000 0
1 1 7 10000 1
57 5 27 39500 0
96 17 317 464500 0
1 1 7 10000 1
3 9 21 30000 1
7 11 49 70000 1
1 1 6 9000 0
233 4 38 56000 0
3 6 21 30000 1
1 3 7 10000 1
40 2 15 22500 0
1 3 7 10000 1
29 16 117 171500 0
49 8 46 68500 0
2 3 14 20000 1
6 12 42 60000 1
6 12 42 60000 1
162 23 266 389000 0
1 1 7 10000 1
39 16 177 261000 0
3 6 21 30000 1
1 3 7 10000 1
71 12 116 171000 0
92 20 224 329500 0
1 2 7 10000 1
1 1 7 10000 1
44 46 308 440000 1
1 4 7 10000 1
1 2 7 10000 1
2 4 14 20000 1
1 1 7 10000 1
1 2 7 10000 1
1 2 7 10000 1
1 1 5 7500 0
21 12 79 117000 0
1 1 7 10000 1
207 6 79 118000 0
165 35 1155 1650000 1
32 24 224 320000 1
174 63 1218 1740000 1
1 2 7 10000 1
52 34 364 520000 1
1 2 7 10000 1
1 3 7 10000 1
51 16 283 412000 0
1 4 7 10000 1
2 1 5 7500 0
1 5 7 10000 1
33 13 89 130500 0
345 20 375 550500 0
1 3 7 10000 1
50 15 125 184000 0
1 2 7 10000 1
35 10 102 151000 0
57 22 399 570000 1
32 27 224 320000 1
5 11 35 50000 1
17 21 119 170000 1
368 30 2576 3680000 1
17 8 86 125500 0
1 5 7 10000 1
1 1 7 10000 1
23 20 161 230000 1
