8 1 7 15750 0
4 7 20 40000 1
6 10 30 60000 1
2 3 10 20000 1
11 4 44 96500 0
8 7 40 80000 1
2 5 10 20000 1
2 2 10 20000 1
7 4 28 63000 0
1 3 5 10000 1
7 14 35 70000 1
9 7 45 90000 1
11 1 10 22500 0
10 2 20 45000 0
7 12 35 70000 1
12 4 33 73000 0
11 4 38 83000 0
9 6 45 90000 1
6 5 30 60000 1
11 1 14 31500 0
9 7 45 90000 1
7 2 18 40500 0
11 6 55 110000 1
11 3 22 49500 0
5 1 7 15750 0
6 1 12 27000 0
7 4 35 70000 1
3 8 15 30000 1
11 13 55 110000 1
4 4 20 40000 1
9 2 23 51750 0
7 12 35 70000 1
4 5 20 40000 1
3 1 8 18000 0
9 9 45 90000 1
11 3 23 51750 0
11 12 55 110000 1
7 2 24 54000 0
10 1 11 23500 0
9 9 45 90000 1
8 6 40 80000 1
3 6 15 30000 1
9 9 45 90000 1
7 6 35 70000 1
8 6 40 80000 1
9 15 45 90000 1
10 15 50 100000 1
10 2 22 49500 0
5 1 9 20250 0
8 10 40 80000 1
3 1 9 20250 0
5 3 25 50000 1
3 4 15 30000 1
11 8 55 110000 1
2 1 6 13500 0
11 5 55 110000 1
3 2 15 30000 1
8 8 40 80000 1
10 17 50 100000 1
6 2 14 31500 0
3 1 7 15750 0
3 3 15 30000 1
2 4 10 20000 1
4 1 8 18000 0
11 3 31 69750 0
6 1 9 20250 0
9 4 45 90000 1
7 6 35 70000 1
11 1 11 24750 0
9 1 6 13500 0
2 1 6 13500 0
10 2 22 49500 0
3 4 15 30000 1
3 4 15 30000 1
2 1 10 20000 1
11 3 34 75250 0
8 18 40 80000 1
7 3 21 46000 0
2 2 10 20000 1
11 7 55 110000 1
10 12 50 100000 1
6 3 30 60000 1
10 1 13 29250 0
10 11 50 100000 1
6 10 30 60000 1
6 9 30 60000 1
9 3 45 90000 1
10 11 50 100000 1
3 1 15 30000 1
6 1 10 22500 0
8 4 40 80000 1
11 3 32 70750 0
9 8 45 90000 1
3 2 15 30000 1
2 5 10 20000 1
7 1 16 34750 0
3 1 10 22500 0
7 10 35 70000 1
2 4 10 20000 1
4 10 20 40000 1
8 8 40 80000 1
9 6 45 90000 1
8 1 9 20250 0
11 12 55 110000 1
4 3 20 40000 1
5 14 25 50000 1
8 6 40 80000 1
1 2 5 10000 1
2 4 10 20000 1
5 1 12 25750 0
4 7 20 40000 1
5 1 8 18000 0
11 8 55 110000 1
2 3 10 20000 1
7 11 35 70000 1
10 15 50 100000 1
6 1 9 20250 0
5 5 25 50000 1
7 7 35 70000 1
11 4 55 110000 1
5 13 25 50000 1
2 1 10 20000 1
3 1 11 23500 0
3 8 15 30000 1
7 2 28 60500 0
8 3 20 43750 0
3 1 10 22500 0
7 12 35 70000 1
6 6 30 60000 1
10 4 50 100000 1
4 8 20 40000 1
8 4 32 72000 0
7 12 35 70000 1
7 4 35 70000 1
9 16 45 90000 1
2 2 10 20000 1
10 5 41 89750 0
2 4 10 20000 1
4 1 7 15750 0
3 1 7 15750 0
11 2 16 36000 0
5 4 25 50000 1
7 3 30 65000 0
8 3 40 80000 1
4 3 20 40000 1
11 14 55 110000 1
7 1 8 18000 0
5 12 25 50000 1
9 15 45 90000 1
1 1 5 10000 1
7 2 28 58000 0
1 1 5 10000 1
8 7 40 80000 1
9 2 19 42750 0
4 5 20 40000 1
3 2 15 30000 1
10 10 50 100000 1
2 1 10 20000 1
11 14 55 110000 1
11 8 55 110000 1
10 5 50 100000 1
3 1 7 15750 0
8 1 11 24750 0
7 16 35 70000 1
6 4 30 60000 1
3 1 7 15750 0
8 17 40 80000 1
6 3 26 56000 0
3 6 15 30000 1
6 2 15 33750 0
2 1 10 20000 1
3 3 15 30000 1
9 4 36 81000 0
8 9 40 80000 1
6 11 30 60000 1
10 3 27 60750 0
6 4 30 60000 1
7 3 30 65000 0
4 4 20 40000 1
6 8 30 60000 1
5 12 25 50000 1
4 2 20 40000 1
2 1 10 20000 1
1 3 5 10000 1
264 14 182 382000 0
10 3 50 100000 1
1 2 5 10000 1
3 4 15 30000 1
13 15 65 130000 1
363 29 1815 3630000 1
270 24 1350 2700000 1
58 3 30 67500 0
1 3 5 10000 1
4 3 20 40000 1
2 3 10 20000 1
111 3 46 102250 0
1 1 5 10000 1
281 1 13 29250 0
1 1 5 10000 1
84 13 277 594500 0
3 4 15 30000 1
1 2 5 10000 1
63 26 315 630000 1
145 39 725 1450000 1
124 14 280 581250 0
1 1 5 10000 1
3 1 10 22500 0
11 1 7 15750 0
16 12 80 160000 1
3 4 15 30000 1
1 1 5 10000 1
1 1 5 10000 1
328 5 41 91000 0
3 2 15 30000 1
192 4 76 168500 0
9 4 45 90000 1
1 1 5 10000 1
1 1 5 10000 1
5 3 19 41500 0
1 1 5 10000 1
31 9 94 204000 0
85 8 90 198750 0
82 12 104 221500 0
46 5 45 100000 0
1 1 5 10000 1
5 13 25 50000 1
38 27 190 380000 1
1 3 5 10000 1
7 4 35 70000 1
3 5 15 30000 1
1 2 5 10000 1
1 1 5 10000 1
80 4 62 137000 0
129 2 25 56250 0
1 1 5 10000 1
266 33 1330 2660000 1
45 22 225 450000 1
180 1 10 22500 0
1 2 5 10000 1
1 1 5 10000 1
81 22 405 810000 1
1 3 5 10000 1
1 1 5 10000 1
2 5 10 20000 1
3 3 15 30000 1
10 7 50 100000 1
3 1 7 15750 0
1 3 5 10000 1
42 9 144 315250 0
1 3 5 10000 1
1 2 5 10000 1
5 1 10 22500 0
1 1 5 10000 1
78 1 18 40500 0
11 10 55 110000 1
1 1 5 10000 1
1 1 5 10000 1
2 1 10 20000 1
46 1 6 13500 0
175 11 111 236000 0
1 3 5 10000 1
236 1 7 15750 0
175 15 177 372000 0
13 6 65 130000 1
