5 6 20 50000 1
1 1 4 10000 1
4 1 8 20000 0
11 1 10 25550 0
9 1 13 32775 0
5 7 20 50000 1
4 1 10 25550 0
8 5 32 80000 1
1 1 4 10000 1
8 6 32 80000 1
2 3 8 20000 1
11 4 44 110000 1
10 4 40 100000 1
10 4 40 100000 1
6 1 13 32775 0
9 1 13 32775 0
2 1 8 20000 1
5 5 20 50000 1
10 10 40 100000 1
3 1 12 30000 1
4 3 16 40000 1
1 1 4 10000 1
4 3 16 40000 1
2 2 8 20000 1
2 1 8 20000 1
4 3 16 40000 1
5 2 15 38325 0
8 2 32 80000 1
10 1 15 38325 0
5 1 11 28325 0
8 6 32 80000 1
4 1 14 35550 0
6 1 16 41100 0
7 7 28 70000 1
4 3 16 40000 1
8 1 11 28325 0
1 1 4 10000 1
6 5 24 60000 1
8 4 32 80000 1
10 9 40 100000 1
8 1 16 41100 0
12 5 48 120000 1
5 1 19 48325 0
7 3 28 70000 1
7 7 28 70000 1
2 2 8 20000 1
1 1 4 10000 1
2 4 8 20000 1
11 5 44 110000 1
6 1 18 45550 0
3 4 12 30000 1
8 2 26 65550 0
6 1 9 22775 0
7 2 18 45550 0
3 4 12 30000 1
11 1 12 30000 0
1 1 4 10000 1
6 2 22 55550 0
8 5 32 80000 1
3 5 12 30000 1
6 1 12 30000 0
7 4 28 70000 1
3 4 12 30000 1
5 3 20 50000 1
8 5 32 80000 1
8 1 10 25550 0
11 7 44 110000 1
1 1 4 10000 1
9 3 36 90000 1
8 10 32 80000 1
11 3 44 110000 1
9 1 16 41100 0
2 1 8 20000 1
11 3 44 110000 1
6 6 24 60000 1
5 1 9 22775 0
4 1 9 22775 0
3 3 12 30000 1
7 10 28 70000 1
6 2 24 60000 1
9 11 36 90000 1
4 2 16 40000 1
11 3 33 83875 0
8 6 32 80000 1
4 3 16 40000 1
5 3 20 50000 1
11 7 44 110000 1
5 5 20 50000 1
1 1 4 10000 1
1 1 4 10000 1
11 11 44 110000 1
4 1 13 32775 0
5 1 9 22775 0
10 8 40 100000 1
3 1 10 25550 0
3 1 9 22775 0
10 1 11 28325 0
4 5 16 40000 1
3 1 9 22775 0
3 1 11 28325 0
7 4 28 70000 1
4 2 16 40000 1
7 1 17 42775 0
7 2 28 70000 1
3 1 12 30000 1
1 1 4 10000 1
3 4 12 30000 1
10 6 40 100000 1
10 3 34 86650 0
3 1 12 30000 1
4 2 16 40000 1
2 1 8 20000 1
2 1 8 20000 1
5 2 20 50000 1
4 5 16 40000 1
5 3 20 50000 1
8 5 32 80000 1
11 6 44 110000 1
6 7 24 60000 1
11 2 26 66650 0
2 1 8 20000 1
4 6 16 40000 1
2 2 8 20000 1
9 10 36 90000 1
1 1 4 10000 1
7 1 15 38325 0
7 6 28 70000 1
9 9 36 90000 1
1 1 4 10000 1
8 7 32 80000 1
5 1 9 22775 0
11 1 10 25550 0
3 3 12 30000 1
10 4 40 100000 1
5 6 20 50000 1
10 5 40 100000 1
11 4 44 110000 1
7 4 28 70000 1
11 10 44 110000 1
4 1 15 38325 0
3 1 9 22775 0
7 3 28 70000 1
3 4 12 30000 1
6 5 24 60000 1
11 9 44 110000 1
4 1 9 22775 0
11 2 39 98325 0
10 10 40 100000 1
8 1 7 18325 0
3 3 12 30000 1
10 1 18 45550 0
8 10 32 80000 1
5 1 12 30000 0
6 2 24 60000 1
10 5 40 100000 1
7 7 28 70000 1
9 10 36 90000 1
7 8 28 70000 1
10 8 40 100000 1
5 1 10 25550 0
11 1 21 54975 0
4 1 15 38325 0
3 1 10 25550 0
8 2 29 72775 0
6 1 11 28325 0
8 1 12 31100 0
6 2 24 60000 1
4 2 16 40000 1
7 3 28 70000 1
5 5 20 50000 1
4 2 16 40000 1
10 1 12 30000 0
4 1 11 28325 0
11 3 43 108325 0
2 1 8 20000 1
1 1 4 10000 1
12 2 26 65550 0
8 1 11 28325 0
4 1 13 32775 0
11 3 44 110000 1
10 1 16 40000 0
11 1 11 28325 0
1 1 4 10000 1
128 2 25 63875 0
1 1 4 10000 1
7 5 28 70000 1
2 1 8 20000 1
58 3 35 88325 0
16 10 64 160000 1
75 1 10 25550 0
15 3 44 111100 0
60 1 14 35550 0
12 4 48 120000 1
25 7 100 250000 1
1 1 4 10000 1
1 1 4 10000 1
47 11 188 470000 1
10 8 40 100000 1
1 1 4 10000 1
105 14 420 1050000 1
1 1 4 10000 1
1 1 4 10000 1
3 2 12 30000 1
12 6 48 120000 1
1 1 4 10000 1
2 2 8 20000 1
1 1 4 10000 1
6 3 24 60000 1
309 11 1236 3090000 1
21 1 6 15550 0
6 1 10 25550 0
1 1 4 10000 1
5 1 15 38325 0
93 16 372 930000 1
75 1 17 43875 0
1 1 4 10000 1
1 1 4 10000 1
1 1 4 10000 1
1 1 4 10000 1
1 1 4 10000 1
4 4 16 40000 1
23 9 92 230000 1
1 1 4 10000 1
6 1 14 35550 0
129 17 516 1290000 1
8 7 32 80000 1
13 4 52 130000 1
1 1 4 10000 1
71 1 15 38325 0
1 1 4 10000 1
276 22 1104 2760000 1
1 1 4 10000 1
2 1 8 20000 1
2 1 8 20000 1
5 2 20 50000 1
120 23 480 1200000 1
8 10 32 80000 1
11 1 12 30000 0
1 1 4 10000 1
2 2 8 20000 1
3 2 12 30000 1
6 2 24 60000 1
1 1 4 10000 1
1 1 4 10000 1
1 1 4 10000 1
4 1 9 22775 0
1 1 4 10000 1
9 11 36 90000 1
1 1 4 10000 1
1 1 4 10000 1
2 1 8 20000 1
1 1 4 10000 1
1 1 4 10000 1
1 1 4 10000 1
1 1 4 10000 1
1 1 4 10000 1
54 2 24 60000 0
1 1 4 10000 1
9 1 10 25550 0
4 3 16 40000 1
2 1 8 20000 1
2 2 8 20000 1
27 5 108 270000 1
1 1 4 10000 1
