5 0.900900900901
1 0.900900900901
4 0.900900900901
11 0.920720720721
9 0.908523908524
5 0.900900900901
4 0.920720720721
8 0.900900900901
1 0.900900900901
8 0.900900900901
2 0.900900900901
11 0.900900900901
10 0.900900900901
10 0.900900900901
6 0.908523908524
9 0.908523908524
2 0.900900900901
5 0.900900900901
10 0.900900900901
3 0.900900900901
4 0.900900900901
1 0.900900900901
4 0.900900900901
2 0.900900900901
2 0.900900900901
4 0.900900900901
5 0.920720720721
8 0.900900900901
10 0.920720720721
5 0.927927927928
8 0.900900900901
4 0.915057915058
6 0.925675675676
7 0.900900900901
4 0.900900900901
8 0.927927927928
1 0.900900900901
6 0.900900900901
8 0.900900900901
10 0.900900900901
8 0.925675675676
12 0.900900900901
5 0.916548127074
7 0.900900900901
7 0.900900900901
2 0.900900900901
1 0.900900900901
2 0.900900900901
11 0.900900900901
6 0.911911911912
3 0.900900900901
8 0.908523908524
6 0.911911911912
7 0.911911911912
3 0.900900900901
11 0.900900900901
1 0.900900900901
6 0.90990990991
8 0.900900900901
3 0.900900900901
6 0.900900900901
7 0.900900900901
3 0.900900900901
5 0.900900900901
8 0.900900900901
8 0.920720720721
11 0.900900900901
1 0.900900900901
9 0.900900900901
8 0.900900900901
11 0.900900900901
9 0.925675675676
2 0.900900900901
11 0.900900900901
6 0.900900900901
5 0.911911911912
4 0.911911911912
3 0.900900900901
7 0.900900900901
6 0.900900900901
9 0.900900900901
4 0.900900900901
11 0.915915915916
8 0.900900900901
4 0.900900900901
5 0.900900900901
11 0.900900900901
5 0.900900900901
1 0.900900900901
1 0.900900900901
11 0.900900900901
4 0.908523908524
5 0.911911911912
10 0.900900900901
3 0.920720720721
3 0.911911911912
10 0.927927927928
4 0.900900900901
3 0.911911911912
3 0.927927927928
7 0.900900900901
4 0.900900900901
7 0.906730259671
7 0.900900900901
3 0.900900900901
1 0.900900900901
3 0.900900900901
10 0.900900900901
10 0.918388977213
3 0.900900900901
4 0.900900900901
2 0.900900900901
2 0.900900900901
5 0.900900900901
4 0.900900900901
5 0.900900900901
8 0.900900900901
11 0.900900900901
6 0.900900900901
11 0.92376992377
2 0.900900900901
4 0.900900900901
2 0.900900900901
9 0.900900900901
1 0.900900900901
7 0.920720720721
7 0.900900900901
9 0.900900900901
1 0.900900900901
8 0.900900900901
5 0.911911911912
11 0.920720720721
3 0.900900900901
10 0.900900900901
5 0.900900900901
10 0.900900900901
11 0.900900900901
7 0.900900900901
11 0.900900900901
4 0.920720720721
3 0.911911911912
7 0.900900900901
3 0.900900900901
6 0.900900900901
11 0.900900900901
4 0.911911911912
11 0.908523908524
10 0.900900900901
8 0.943371943372
3 0.900900900901
10 0.911911911912
8 0.900900900901
5 0.900900900901
6 0.900900900901
10 0.900900900901
7 0.900900900901
9 0.900900900901
7 0.900900900901
10 0.900900900901
5 0.920720720721
11 0.943371943372
4 0.920720720721
3 0.920720720721
8 0.904318111215
6 0.927927927928
8 0.933933933934
6 0.900900900901
4 0.900900900901
7 0.900900900901
5 0.900900900901
4 0.900900900901
10 0.900900900901
4 0.927927927928
11 0.907814791536
2 0.900900900901
1 0.900900900901
12 0.908523908524
8 0.927927927928
4 0.908523908524
11 0.900900900901
10 0.900900900901
11 0.927927927928
1 0.900900900901
128 0.920720720721
1 0.900900900901
7 0.900900900901
2 0.900900900901
58 0.909395109395
16 0.900900900901
75 0.920720720721
15 0.90990990991
60 0.915057915058
12 0.900900900901
25 0.900900900901
1 0.900900900901
1 0.900900900901
47 0.900900900901
10 0.900900900901
1 0.900900900901
105 0.900900900901
1 0.900900900901
1 0.900900900901
3 0.900900900901
12 0.900900900901
1 0.900900900901
2 0.900900900901
1 0.900900900901
6 0.900900900901
309 0.900900900901
21 0.933933933934
6 0.920720720721
1 0.900900900901
5 0.920720720721
93 0.900900900901
75 0.930047694754
1 0.900900900901
1 0.900900900901
1 0.900900900901
1 0.900900900901
1 0.900900900901
4 0.900900900901
23 0.900900900901
1 0.900900900901
6 0.915057915058
129 0.900900900901
8 0.900900900901
13 0.900900900901
1 0.900900900901
71 0.920720720721
1 0.900900900901
276 0.900900900901
1 0.900900900901
2 0.900900900901
2 0.900900900901
5 0.900900900901
120 0.900900900901
8 0.900900900901
11 0.900900900901
1 0.900900900901
2 0.900900900901
3 0.900900900901
6 0.900900900901
1 0.900900900901
1 0.900900900901
1 0.900900900901
4 0.911911911912
1 0.900900900901
9 0.900900900901
1 0.900900900901
1 0.900900900901
2 0.900900900901
1 0.900900900901
1 0.900900900901
1 0.900900900901
1 0.900900900901
1 0.900900900901
54 0.900900900901
1 0.900900900901
9 0.920720720721
4 0.900900900901
2 0.900900900901
2 0.900900900901
27 0.900900900901
1 0.900900900901
