5 10 134 50000 1
11 11 270 110000 1
9 22 231 90000 1
11 20 325 110000 1
9 1 40 31398 0
8 6 150 80000 1
6 6 136 60000 1
11 14 245 110000 1
4 17 94 40000 1
6 10 179 60000 1
1 1 26 3811 0
10 1 50 43340 0
2 9 104 20000 1
8 2 127 80000 1
11 15 239 110000 1
2 11 67 20000 1
8 6 144 80000 1
9 26 174 90000 1
12 9 260 120000 1
9 4 155 90000 1
9 15 187 90000 1
11 4 147 110000 1
6 4 105 60000 1
4 16 107 40000 1
2 8 71 20000 1
2 10 68 20000 1
10 5 148 100000 1
9 25 211 90000 1
6 7 125 60000 1
11 14 160 110000 1
10 22 245 100000 1
11 1 45 39699 0
3 11 100 30000 1
4 4 85 40000 1
8 16 141 80000 1
10 1 68 49350 0
10 8 155 100000 1
5 16 110 50000 1
2 4 87 20000 1
3 1 25 10743 0
6 4 153 60000 1
9 20 168 90000 1
5 1 42 18510 0
1 4 68 10000 1
4 6 93 40000 1
12 15 252 120000 1
4 13 123 40000 1
11 1 48 33031 0
5 1 28 17595 0
4 1 33 15155 0
9 1 35 26478 0
9 19 251 90000 1
5 3 87 44616 0
10 19 192 100000 1
8 13 145 80000 1
1 8 61 10000 1
9 5 137 90000 1
7 12 152 70000 1
7 13 175 70000 1
4 9 176 40000 1
2 10 73 20000 1
7 4 119 70000 1
6 26 241 60000 1
1 12 80 10000 1
11 11 284 110000 1
3 12 125 30000 1
9 1 34 30715 0
3 7 104 30000 1
5 1 42 21810 0
2 20 73 20000 1
3 1 33 13006 0
11 6 157 110000 1
10 7 237 100000 1
4 17 99 40000 1
2 20 88 20000 1
2 6 77 20000 1
9 14 196 90000 1
6 12 141 60000 1
11 15 306 110000 1
3 5 76 30000 1
8 3 97 80000 1
7 8 156 70000 1
11 15 252 110000 1
8 6 129 80000 1
9 1 62 37679 0
7 11 122 70000 1
2 9 104 20000 1
8 18 205 80000 1
2 13 99 20000 1
10 23 186 100000 1
4 5 103 32908 0
7 9 180 70000 1
1 1 17 3214 0
4 1 33 13612 0
11 3 116 110000 1
8 6 178 80000 1
4 5 95 40000 1
7 5 133 70000 1
2 12 86 20000 1
10 19 196 100000 1
9 13 224 90000 1
7 27 193 70000 1
7 11 171 70000 1
5 6 108 50000 1
11 3 137 110000 1
11 18 247 110000 1
8 9 148 80000 1
6 4 137 60000 1
3 7 98 30000 1
9 5 143 90000 1
10 13 167 100000 1
4 11 125 40000 1
10 1 49 44699 0
2 6 80 20000 1
3 14 105 30000 1
6 10 153 60000 1
8 1 42 24952 0
5 20 158 50000 1
1 7 63 10000 1
4 17 150 40000 1
3 19 123 30000 1
9 1 75 44275 0
4 13 102 40000 1
9 5 146 90000 1
5 7 134 50000 1
1 13 59 10000 1
7 16 216 70000 1
2 19 103 20000 1
7 12 162 70000 1
2 1 20 5624 0
3 8 94 30000 1
8 1 17 13627 0
9 1 57 39069 0
8 11 149 80000 1
11 21 252 110000 1
6 3 107 60000 1
4 5 103 40000 1
10 5 204 100000 1
11 9 226 110000 1
3 21 133 30000 1
9 4 141 83625 0
8 21 140 80000 1
6 12 129 60000 1
3 7 105 30000 1
9 1 39 39915 0
7 11 120 70000 1
3 9 90 30000 1
6 14 138 60000 1
9 8 204 90000 1
3 3 61 27360 0
8 16 153 80000 1
1 15 72 10000 1
10 8 225 100000 1
11 3 150 110000 1
7 2 65 51648 0
1 1 35 4823 0
2 2 85 19394 0
6 9 139 60000 1
7 16 152 70000 1
4 5 87 40000 1
8 9 189 80000 1
1 2 38 6063 0
4 12 106 40000 1
10 9 156 100000 1
12 13 180 120000 1
11 3 141 110000 1
10 2 92 85185 0
6 10 165 60000 1
7 23 188 70000 1
6 12 106 60000 1
2 3 62 18766 0
10 20 157 100000 1
10 4 191 100000 1
1 7 63 10000 1
9 13 213 90000 1
1 10 76 10000 1
2 6 83 20000 1
11 18 296 110000 1
3 14 118 30000 1
5 4 78 35164 0
9 7 177 90000 1
9 4 148 90000 1
2 15 67 20000 1
1 1 27 4456 0
1 1 21 3518 0
20 4 263 200000 1
15 10 304 150000 1
62 8 689 620000 1
23 19 306 230000 1
2 2 72 20000 1
66 2 95 124514 0
1 4 59 10000 1
1 1 31 4015 0
11 7 214 110000 1
1 3 61 10000 1
111 13 1389 1110000 1
1 13 69 10000 1
22 18 412 220000 1
20 7 379 200000 1
233 20 3787 2330000 1
1 11 60 10000 1
150 16 2747 1500000 1
5 3 68 35200 0
8 23 175 80000 1
137 11 1715 1370000 1
1 4 77 10000 1
23 21 289 230000 1
9 17 258 90000 1
1 3 72 10000 1
16 2 69 77953 0
2 13 67 20000 1
19 22 414 190000 1
1 5 62 10000 1
1 1 26 4270 0
1 8 68 10000 1
1 9 65 10000 1
6 1 50 26910 0
3 6 75 30000 1
355 10 3595 3550000 1
3 15 96 30000 1
1 6 64 10000 1
2 11 79 20000 1
1 3 62 10000 1
347 24 7011 3470000 1
1 11 62 10000 1
5 3 133 50000 1
65 18 965 650000 1
3 3 69 24583 0
1 1 35 4745 0
23 1 61 59032 0
1 16 96 10000 1
1 6 74 10000 1
1 12 73 10000 1
1 14 61 10000 1
36 15 715 360000 1
1 2 67 10000 1
2 1 22 8252 0
1 1 23 4547 0
5 5 128 50000 1
9 3 148 79857 0
1 1 38 5269 0
355 12 5033 3550000 1
20 11 360 200000 1
271 11 4947 2710000 1
4 10 108 40000 1
1 6 72 10000 1
55 3 97 72289 0
194 18 4520 1940000 1
35 11 471 350000 1
8 15 263 80000 1
6 7 112 60000 1
1 16 64 10000 1
14 8 196 140000 1
30 2 95 164266 0
1 2 49 8443 0
23 9 378 230000 1
211 1 80 84030 0
1 13 62 10000 1
1 7 63 10000 1
1 3 52 8155 0
3 16 99 30000 1
2 11 127 20000 1
1 1 14 2251 0
1 13 82 10000 1
