1 0.383766233766
10 2.44618395303
11 1.61007025761
3 0.525210084034
11 1.44432773109
8 1.00750811688
8 1.08225108225
7 1.81492587601
2 0.615763546798
2 0.585480093677
11 3.09117647059
4 1.55279503106
5 1.38953081232
5 1.27551020408
4 1.59816176471
11 1.25915750916
8 1.6051364366
7 0.706214689266
11 1.96428571429
3 1.00247813411
9 1.72811059908
2 0.637755102041
11 1.62337662338
8 1.414427157
6 1.78571428571
3 0.974959415584
2 0.649350649351
11 2.72817460317
6 1.07142857143
7 1.19047619048
10 1.92012288786
11 1.83578104139
2 0.489236790607
5 1.79034391534
10 1.17481203008
2 0.669142857143
8 1.15207373272
11 2.53038903061
9 2.63117236025
3 1.01078167116
6 0.965250965251
7 2.77895021645
9 1.03686635945
9 3.06742610837
6 1.34435064935
5 1.85246031746
4 1.13378684807
7 1.47058823529
7 1.5625
2 0.714285714286
6 0.900360144058
3 1.02682926829
5 0.804375804376
8 1.38696255201
11 2.00437317784
4 1.3146875
1 0.489285714286
9 1.78571428571
1 0.357142857143
1 0.388198757764
5 0.819134993447
1 0.357142857143
10 3.13341836735
8 2.04081632653
7 1.59744543651
4 1.27551020408
8 1.56985871272
4 1.05042016807
3 1.10464285714
1 0.388198757764
10 1.19846596357
2 0.388198757764
7 1.20192307692
9 2.11466165414
7 0.816993464052
4 1.311
10 2.10084033613
3 0.892857142857
5 0.892857142857
8 0.871080139373
1 0.41640625
3 0.601926163724
2 0.62656641604
6 0.982961992136
1 0.39375
4 1.42857142857
7 1.62337662338
7 1.40449438202
6 1.19047619048
7 1.62337662338
3 1.01769480519
4 0.965250965251
2 0.46992481203
10 1.5943877551
7 2.04918032787
4 0.93984962406
9 2.23214285714
3 0.996261160714
5 1.13019891501
2 0.914631336406
11 2.51831501832
1 0.266524520256
3 0.744047619048
5 1.20656370656
6 1.32275132275
6 1.44787644788
9 1.72811059908
1 0.405844155844
4 0.768049155146
2 0.673854447439
6 1.50905432596
7 1.14678899083
10 1.96232339089
6 2.30741758242
10 0.906453952139
5 1.64919642857
5 0.866851595007
7 1.15740740741
10 1.39508928571
3 0.99688449848
10 0.93984962406
10 2.71428571429
3 0.982633928571
9 2.03435804702
4 1.24657335907
11 1.29229323308
10 1.13739763421
4 1.0060362173
4 1.4005952381
3 1.11607142857
5 1.39508928571
5 1.14468864469
8 2.13435960591
7 2.38713054187
6 1.84729064039
5 1.49739583333
7 1.38888888889
2 0.811688311688
2 0.47619047619
4 0.93984962406
3 0.582298136646
4 1.59666666667
11 2.81840986395
10 1.17481203008
11 1.13542526837
2 0.615763546798
10 2.32093933464
11 0.689223057644
4 1.37362637363
5 1.56648351648
5 1.68658892128
7 1.17924528302
10 0.82671957672
5 1.41723356009
4 1.17096018735
10 1.24875124875
8 1.76366843034
6 2.40407366071
5 1.65790816327
2 0.776397515528
6 1.16459627329
6 1.10456553756
4 0.860585197935
7 1.796875
10 1.13019891501
4 1.0989010989
9 1.33928571429
10 2.70803571429
11 1.51098901099
10 1.32275132275
3 0.46992481203
7 1.09649122807
10 2.19658054711
8 1.08225108225
9 1.91326530612
3 0.582298136646
10 1.5664160401
5 1.17481203008
10 3.29792471042
9 1.37362637363
2 0.744047619048
2 0.830564784053
15 1.45574534161
1 0.36443148688
23 3.04232804233
67 1.68511066398
1 0.350140056022
1 0.244618395303
1 0.395850840336
284 2.19923181762
2 0.773757763975
1 0.423660714286
9 1.28571428571
1 0.510204081633
1 0.36443148688
4 0.992063492063
1 0.525210084034
19 1.8047112462
1 0.350140056022
1 0.379939209726
7 1.81198412698
25 2.15665976536
7 0.644329896907
1 0.405844155844
1 0.401544401544
1 0.508834586466
1 0.425170068027
109 1.91577615298
308 2.20264317181
1 0.415282392027
16 2.1645021645
17 1.74466338259
16 3.10406746032
6 0.965250965251
1 0.388198757764
16 1.9305019305
6 1.40977443609
2 0.744047619048
25 1.89969604863
1 0.396825396825
4 1.15207373272
2 0.915750915751
173 1.749312409
1 0.541125541126
68 3.8795070744
240 3.04993842365
1 0.395491071429
27 1.46994773519
3 1.07142857143
1 0.297619047619
13 0.910364145658
3 1.09329446064
1 0.446428571429
4 1.0989010989
2 0.744047619048
3 0.576036866359
36 1.27804600966
3 0.874125364431
17 1.27551020408
1 0.36443148688
61 1.20629647208
26 1.43741707209
229 2.50109217999
12 1.83279042386
258 4.32389817629
20 1.494321578
8 2.04081632653
358 1.76452032649
237 1.35341952579
6 0.90799031477
296 3.06135204082
147 4.16666666667
1 0.36056547619
1 0.405844155844
102 2.11057771892
1 0.379939209726
1 0.324675324675
3 0.799573560768
310 3.00833333333
6 1.39146567718
1 0.258799171843
1 0.379939209726
38 1.12160566706
1 0.415282392027
