10 1.5318627451
8 2.79108455882
8 2.40384615385
10 1.50240384615
10 0.97049689441
11 1.86820652174
9 1.875
9 1.05733082707
8 0.816993464052
4 0.664893617021
7 1.03183962264
7 0.714869281046
12 1.2417218543
3 1.11607142857
2 0.568181818182
10 2.69396551724
8 2.71739130435
9 2.09888059701
1 0.390625
4 0.94696969697
3 0.997340425532
11 1.57683486239
6 1.23355263158
6 0.94696969697
11 1.3427734375
10 2.23214285714
5 1.28073770492
4 1.38888888889
3 1.20375
1 0.380921052632
4 0.644329896907
12 1.47637795276
4 0.644329896907
7 1.45833333333
9 1.69427710843
1 0.284090909091
2 0.612745098039
2 0.578703703704
6 0.956632653061
1 0.355113636364
2 0.919117647059
6 0.689338235294
9 0.943791946309
10 2.10431985294
5 1.5943877551
5 0.813802083333
4 1.27551020408
5 0.868055555556
4 1.58988970588
8 1.26262626263
8 1.25
6 1.67410714286
8 0.762195121951
6 0.568181818182
2 0.512295081967
8 1.60256410256
2 0.736486486486
3 1.01770833333
4 1.0593220339
1 0.411184210526
3 1.09011627907
10 1.61082474227
4 0.801282051282
1 0.3125
3 0.600961538462
11 1.48168103448
2 0.844140625
1 0.252016129032
7 2.3777173913
1 0.473484848485
2 0.844594594595
11 1.43229166667
8 1.31578947368
4 0.625
9 1.48026315789
3 1.09011627907
10 3.32446808511
11 1.93117977528
7 1.953125
4 0.919117647059
11 1.22767857143
5 1.32415254237
4 1.25
1 0.48828125
7 1.31777108434
10 1.44675925926
11 1.16921768707
3 0.679347826087
6 0.997340425532
8 3.0487804878
9 1.78006329114
5 2.2890625
1 0.325520833333
10 2.23214285714
9 1.7578125
7 1.02219626168
7 1.12757731959
2 0.901458333333
1 0.446428571429
7 1.6571969697
8 1.37362637363
11 1.19357638889
4 1.6765625
3 0.625
4 0.811688311688
10 3.0637254902
5 0.491352201258
7 1.85381355932
4 1.42045454545
1 0.520833333333
9 0.808189655172
4 0.664893617021
6 0.829646017699
4 0.880281690141
10 1.01461038961
10 2.52016129032
8 2.23214285714
1 0.462860576923
11 2.32263513514
7 1.35030864198
7 1.54049295775
1 0.520833333333
8 1.32978723404
3 0.699626865672
10 2.76530612245
9 1.92636986301
11 1.13824503311
10 1.40765765766
8 1.20192307692
3 0.732421875
11 3.19569256757
11 2.1484375
2 0.578703703704
10 1.37061403509
5 1.44675925926
8 2.04918032787
6 0.732421875
6 1.171875
5 1.18371212121
8 1.09649122807
7 1.11607142857
1 0.401345486111
10 0.882768361582
11 0.939207650273
6 0.689338235294
8 1.21359223301
8 2.4278125
8 1.23762376238
9 0.963184931507
4 1.71255787037
3 1.09011627907
5 1.07020547945
2 0.726744186047
8 1.21359223301
4 0.932835820896
8 1.38888888889
2 0.637755102041
2 0.637755102041
11 2.42077464789
6 0.966494845361
9 1.08173076923
2 0.359195402299
6 1.0775862069
8 0.776397515528
7 1.03183962264
11 1.00511695906
7 1.28676470588
3 0.78125
5 1.34698275862
8 1.0
4 0.905797101449
4 0.568181818182
8 1.52668087121
11 2.35445205479
8 0.771604938272
2 0.504032258065
2 0.446428571429
11 0.826322115385
7 1.33384146341
7 1.17607526882
2 0.801282051282
3 0.997340425532
1 0.48828125
1 0.390625
36 1.19426751592
9 1.73611111111
1 0.381097560976
2 0.762195121951
1 0.372023809524
1 0.381097560976
1 0.504032258065
1 0.381097560976
1 0.5565625
25 0.932279236277
321 2.5550815079
1 0.339673913043
1 0.459558823529
366 1.92226890756
227 7.06548804781
42 2.76898734177
1 0.473484848485
7 1.21527777778
7 1.08292079208
8 2.15517241379
27 1.70110887097
89 1.34489845261
3 0.78125
1 0.339673913043
78 0.698824541284
17 3.05818965517
37 3.9179375
2 0.529661016949
1 0.294811320755
1 0.256147540984
24 5.18153645833
326 3.60078125
3 0.43808411215
88 6.64251207729
2 1.0775862069
1 0.332446808511
1 0.484814453125
98 5.52269345238
1 0.390625
31 2.95350609756
305 1.4107830077
1 0.31887755102
1 0.274122807018
2 0.822368421053
1 0.400641025641
1 0.381097560976
8 1.28865979381
1 0.339673913043
50 1.97285353535
14 1.08292079208
3 1.27465277778
7 2.15958059211
106 1.87783446712
3 0.997340425532
3 0.59335443038
1 0.332446808511
2 0.385802469136
3 1.04166666667
13 0.799704724409
242 1.40150111193
2 0.651041666667
1 0.459558823529
1 0.411184210526
13 1.5272556391
18 1.41331658291
81 0.721153846154
69 2.4173206278
5 1.36077008929
1 0.400641025641
15 1.30208333333
1 0.381097560976
1 0.355113636364
4 0.811688311688
1 0.279017857143
1 0.434027777778
1 0.481184895833
1 0.375802364865
6 1.09011627907
4 0.726744186047
39 1.66042234332
