4 9 107 14980 0
2 32 144 20000 1
7 2 64 8960 0
6 3 63 8820 0
6 16 283 39460 0
2 40 144 20000 1
1 10 72 10000 1
8 5 81 11340 0
6 14 268 37360 0
5 11 219 30500 0
3 15 216 30000 1
2 9 144 20000 1
6 16 346 48200 0
7 21 303 42260 0
7 17 249 34780 0
5 17 204 28480 0
2 14 144 20000 1
3 1 13 1820 0
6 24 432 60000 1
4 27 288 40000 1
8 30 576 80000 1
5 21 234 32600 0
8 41 576 80000 1
4 11 115 16100 0
7 34 504 70000 1
1 2 24 3360 0
7 20 290 40440 0
3 28 216 30000 1
7 36 504 70000 1
7 16 268 37360 0
5 7 195 27140 0
4 20 280 38960 0
3 2 30 4200 0
5 24 236 32960 0
5 14 231 32180 0
7 25 396 55120 0
5 15 275 38340 0
1 17 72 10000 1
6 2 43 6020 0
2 17 123 17140 0
6 20 370 51560 0
6 9 194 27080 0
4 1 18 2520 0
1 16 72 10000 1
7 14 367 51140 0
6 43 432 60000 1
4 30 288 40000 1
2 8 98 13640 0
2 35 144 20000 1
3 20 203 28260 0
4 26 288 40000 1
1 10 72 10000 1
6 29 432 60000 1
4 36 288 40000 1
3 7 113 15740 0
3 2 38 5320 0
5 50 360 50000 1
4 10 256 35600 0
4 8 106 14760 0
7 17 336 46800 0
1 26 72 10000 1
3 55 216 30000 1
6 7 187 26100 0
5 5 86 12040 0
6 8 150 20920 0
7 14 462 64280 0
4 1 22 3080 0
8 20 299 41700 0
4 36 288 40000 1
5 29 360 50000 1
7 29 504 70000 1
7 25 460 64000 0
3 35 216 30000 1
4 13 199 27700 0
1 1 11 1540 0
3 27 216 30000 1
7 3 65 9100 0
3 17 216 30000 1
7 5 144 20080 0
3 5 46 6440 0
7 55 504 70000 1
5 27 360 50000 1
3 32 216 30000 1
3 9 173 24060 0
2 7 109 15180 0
7 63 504 70000 1
4 21 288 40000 1
8 18 356 49600 0
3 10 158 22040 0
1 11 72 10000 1
2 12 144 20000 1
2 5 110 15320 0
3 1 25 3500 0
2 1 13 1820 0
4 15 244 33920 0
2 8 113 15740 0
3 1 11 1540 0
1 11 72 10000 1
7 26 504 70000 1
2 2 33 4620 0
6 27 432 60000 1
2 15 144 20000 1
5 1 12 1680 0
3 15 216 30000 1
1 12 72 10000 1
4 28 288 40000 1
6 25 432 60000 1
6 16 348 48480 0
2 1 19 2660 0
7 3 54 7560 0
6 16 409 56860 0
2 6 69 9660 0
4 15 190 26520 0
3 40 216 30000 1
2 2 34 4760 0
6 29 398 55400 0
2 14 144 20000 1
7 25 448 62320 0
1 12 72 10000 1
4 7 136 18960 0
4 18 268 37280 0
4 9 142 19800 0
3 19 216 30000 1
1 3 52 7280 0
4 12 160 22320 0
6 1 20 2800 0
2 41 144 20000 1
6 9 183 25540 0
7 19 499 69380 0
5 15 321 44700 0
8 7 164 22880 0
2 6 144 20000 1
4 11 199 27700 0
1 13 72 10000 1
4 14 224 31200 0
7 17 483 67140 0
3 18 156 21760 0
6 5 117 16380 0
5 30 319 44420 0
7 54 504 70000 1
7 21 442 61560 0
7 2 60 8400 0
6 30 379 52740 0
3 19 216 30000 1
6 7 162 22600 0
3 11 159 22180 0
2 9 144 20000 1
5 2 32 4480 0
7 20 501 69660 0
3 24 216 30000 1
6 18 302 42120 0
5 16 216 30080 0
1 1 13 1820 0
6 27 412 57280 0
1 9 72 10000 1
7 20 373 51980 0
3 1 20 2800 0
1 18 72 10000 1
2 14 144 20000 1
3 7 121 16860 0
5 5 67 9380 0
6 23 432 60000 1
7 8 123 17220 0
5 53 360 50000 1
2 1 24 3360 0
2 27 144 20000 1
7 20 504 70000 1
7 33 504 70000 1
7 8 213 29740 0
6 25 432 60000 1
4 29 288 40000 1
7 20 303 42260 0
6 1 14 1960 0
1 4 40 5600 0
5 1 15 2100 0
2 13 144 20000 1
3 55 216 30000 1
7 38 504 70000 1
5 12 167 23300 0
7 16 310 43240 0
5 1 36 5040 0
7 27 504 70000 1
1 29 72 10000 1
186 17 754 105320 0
1 13 72 10000 1
3 32 216 30000 1
1 5 72 10000 1
184 13 308 43040 0
13 23 675 94020 0
8 6 137 19180 0
1 17 72 10000 1
31 23 391 54580 0
1 17 72 10000 1
2 3 72 10080 0
1 6 72 10000 1
20 35 1440 200000 1
37 22 455 63540 0
1 8 72 10000 1
6 19 308 42880 0
1 29 72 10000 1
2 33 144 20000 1
12 20 598 83400 0
5 3 81 11340 0
1 24 72 10000 1
1 7 72 10000 1
1 18 72 10000 1
18 5 67 9380 0
19 22 393 54860 0
1 16 72 10000 1
66 17 496 69280 0
1 34 72 10000 1
52 13 195 27220 0
2 33 144 20000 1
3 9 151 21060 0
17 3 120 16800 0
1 12 72 10000 1
150 13 267 37300 0
52 9 222 31000 0
1 12 72 10000 1
10 6 139 19380 0
7 13 203 28260 0
6 50 432 60000 1
8 83 576 80000 1
2 4 87 12100 0
38 9 193 26940 0
9 21 472 65760 0
57 24 344 48000 0
6 25 405 56300 0
1 14 72 10000 1
1 19 72 10000 1
1 6 72 10000 1
9 21 379 52820 0
1 17 72 10000 1
1 19 72 10000 1
1 9 72 10000 1
136 12 271 37860 0
1 14 72 10000 1
1 8 47 6580 0
2 7 89 12380 0
1 9 72 10000 1
178 10 297 41420 0
10 7 104 14560 0
13 19 343 47860 0
1 7 72 10000 1
18 1 48 6720 0
38 20 423 59060 0
10 45 720 100000 1
105 9 254 35480 0
1 4 72 10000 1
38 24 615 85780 0
1 1 12 1680 0
1 17 72 10000 1
1 1 10 1400 0
15 13 253 35340 0
27 17 445 62140 0
4 23 288 40000 1
1 12 72 10000 1
15 37 1043 145060 0
1 1 14 1960 0
3 28 216 30000 1
153 5 71 9940 0
1 17 72 10000 1
1 1 16 2240 0
2 33 144 20000 1
