4 1.0
2 0.992063492063
7 1.0
6 1.0
6 0.995961635538
2 0.992063492063
1 0.992063492063
8 1.0
6 0.995735607676
5 0.994781474234
3 0.992063492063
2 0.992063492063
6 0.995045417011
7 0.996228194248
7 0.997705106139
5 0.997198879552
2 0.992063492063
3 1.0
6 0.992063492063
4 0.992063492063
8 0.992063492063
5 0.995115995116
8 0.992063492063
4 1.0
7 0.992063492063
1 1.0
7 0.9960591133
3 0.992063492063
7 0.992063492063
7 0.995735607676
5 0.994139194139
4 0.99387755102
3 1.0
5 0.997578692494
5 0.995052566481
7 0.994227994228
5 0.995844155844
1 0.992063492063
6 1.0
2 0.995354239257
6 0.995366795367
6 0.9970544919
4 1.0
1 0.992063492063
7 0.995328921759
6 0.992063492063
4 0.992063492063
2 0.99416909621
2 0.992063492063
3 0.994370161858
4 0.992063492063
1 0.992063492063
6 0.992063492063
4 0.992063492063
3 0.994943109987
3 1.0
5 0.992063492063
4 0.993303571429
4 0.99460916442
7 0.994897959184
1 0.992063492063
3 0.992063492063
6 0.996944232238
5 1.0
6 0.99619047619
7 0.993815708101
4 1.0
8 0.996177735308
4 0.992063492063
5 0.992063492063
7 0.992063492063
7 0.993788819876
3 0.992063492063
4 0.994256999282
1 1.0
3 0.992063492063
7 1.0
3 0.992063492063
7 0.996031746032
3 1.0
7 0.992063492063
5 0.992063492063
3 0.992063492063
3 0.993393889348
2 0.994757536042
7 0.992063492063
4 0.992063492063
8 0.99518459069
3 0.996383363472
1 0.992063492063
2 0.992063492063
2 0.994805194805
3 1.0
2 1.0
4 0.992974238876
2 0.994943109987
3 1.0
1 0.992063492063
7 0.992063492063
2 1.0
6 0.992063492063
2 0.992063492063
5 1.0
3 0.992063492063
1 0.992063492063
4 0.992063492063
6 0.992063492063
6 0.995073891626
2 1.0
7 1.0
6 0.993014320643
2 1.0
4 0.996992481203
3 0.992063492063
2 1.0
6 0.994256999282
2 0.992063492063
7 0.99362244898
1 0.992063492063
4 0.995798319328
4 0.993603411514
4 0.995975855131
3 0.992063492063
1 1.0
4 0.996428571429
6 1.0
2 0.992063492063
6 0.9968774395
7 0.993129115374
5 0.994659546061
8 0.996515679443
2 0.992063492063
4 0.994256999282
1 0.992063492063
4 0.994897959184
7 0.992901508429
3 0.996336996337
6 1.0
5 0.994626063592
7 0.992063492063
7 0.994828700711
7 1.0
6 0.993969091594
3 0.992063492063
6 0.996472663139
3 0.996406109614
2 0.992063492063
5 1.0
7 0.993156544055
3 0.992063492063
6 0.996215704825
5 0.994708994709
1 1.0
6 0.99306518724
1 0.992063492063
7 0.995404059747
3 1.0
1 0.992063492063
2 0.992063492063
3 0.995277449823
5 1.0
6 0.992063492063
7 1.0
5 0.992063492063
2 1.0
2 0.992063492063
7 0.992063492063
7 0.992063492063
7 0.997317236754
6 0.992063492063
4 0.992063492063
7 0.996228194248
6 1.0
1 1.0
5 1.0
2 0.992063492063
3 0.992063492063
7 0.992063492063
5 0.996578272027
7 0.996313364055
5 1.0
7 0.992063492063
1 0.992063492063
186 0.99772641152
1 0.992063492063
3 0.992063492063
1 0.992063492063
184 0.99814471243
13 0.994920634921
8 1.0
1 0.992063492063
31 0.997077091706
1 0.992063492063
2 1.0
1 0.992063492063
20 0.992063492063
37 0.99748822606
1 0.992063492063
6 0.994434137291
1 0.992063492063
2 0.992063492063
12 0.996177735308
5 1.0
1 0.992063492063
1 0.992063492063
1 0.992063492063
18 1.0
19 0.997091966558
1 0.992063492063
66 0.997695852535
1 0.992063492063
52 0.99706959707
2 0.992063492063
3 0.996215704825
17 1.0
1 0.992063492063
150 0.997859818085
52 0.997425997426
1 0.992063492063
10 0.995889003083
7 0.994370161858
6 0.992063492063
8 0.992063492063
2 0.993431855501
38 0.9970392302
9 0.995157384988
57 0.996677740864
6 0.992945326279
1 0.992063492063
1 0.992063492063
1 0.992063492063
9 0.995476818696
1 0.992063492063
1 0.992063492063
1 0.992063492063
136 0.997891407486
1 0.992063492063
1 1.0
2 0.993579454254
1 0.992063492063
178 0.996151996152
10 1.0
13 0.996668054977
1 0.992063492063
18 1.0
38 0.997298210064
10 0.992063492063
105 0.997750281215
1 0.992063492063
38 0.996283391405
1 1.0
1 0.992063492063
1 1.0
15 0.997741389046
27 0.997431781701
4 0.992063492063
1 0.992063492063
15 0.993425558143
1 1.0
3 0.992063492063
153 1.0
1 0.992063492063
1 1.0
2 0.992063492063
