6 23 354 60000 1
6 1 38 6460 0
5 2 33 5610 0
6 14 354 60000 1
6 6 236 40030 0
5 19 295 50000 1
3 18 177 30000 1
5 14 295 50000 1
2 15 118 20000 1
5 3 128 21730 0
6 26 354 60000 1
2 23 118 20000 1
2 17 118 20000 1
1 5 59 10000 1
7 16 413 70000 1
6 14 354 60000 1
2 8 118 20000 1
7 37 413 70000 1
1 1 17 2890 0
2 13 118 20000 1
4 12 236 40000 1
5 12 280 47480 0
6 9 227 38530 0
6 5 185 31390 0
6 1 43 7310 0
3 1 35 5950 0
6 31 354 60000 1
5 32 295 50000 1
6 21 354 60000 1
4 29 236 40000 1
1 14 59 10000 1
5 16 295 50000 1
6 22 354 60000 1
3 9 177 30000 1
4 1 31 5270 0
7 19 398 67480 0
1 1 19 3230 0
5 25 295 50000 1
5 29 295 50000 1
3 12 177 30000 1
5 4 181 30710 0
7 19 413 70000 1
5 15 295 50000 1
1 10 59 10000 1
3 23 177 30000 1
1 9 59 10000 1
2 20 118 20000 1
2 6 118 20000 1
7 14 399 67650 0
5 17 295 50000 1
7 2 63 10710 0
4 1 17 2890 0
2 9 118 20000 1
5 19 295 50000 1
2 1 48 8160 0
6 2 42 7140 0
3 10 177 30000 1
1 7 59 10000 1
7 17 413 70000 1
1 1 26 4420 0
5 28 295 50000 1
6 6 183 31050 0
1 12 59 10000 1
8 4 196 33260 0
4 12 215 36460 0
3 26 177 30000 1
2 6 103 17480 0
7 34 413 70000 1
5 16 295 50000 1
4 1 24 4080 0
2 3 86 14590 0
4 14 236 40000 1
7 6 159 27000 0
4 14 236 40000 1
6 7 209 35470 0
7 39 413 70000 1
5 5 232 39350 0
4 12 236 40000 1
1 6 59 10000 1
2 9 118 20000 1
8 7 141 23940 0
4 12 236 40000 1
5 1 31 5270 0
2 11 118 20000 1
7 13 302 51250 0
1 1 21 3570 0
6 31 354 60000 1
4 13 236 40000 1
4 8 215 36460 0
8 2 77 13060 0
2 2 46 7820 0
7 10 251 42580 0
3 12 177 30000 1
5 10 295 50000 1
7 42 413 70000 1
5 11 283 47990 0
6 8 163 27650 0
5 10 287 48670 0
7 2 46 7820 0
2 1 41 6970 0
8 22 472 80000 1
3 7 160 27140 0
7 23 413 70000 1
6 17 354 60000 1
5 5 206 34930 0
5 8 142 24110 0
7 11 264 44790 0
6 9 216 36660 0
2 15 118 20000 1
1 5 59 10000 1
2 1 35 5950 0
1 10 59 10000 1
5 39 295 50000 1
5 21 295 50000 1
6 4 123 20880 0
4 4 130 22070 0
2 1 26 4420 0
3 10 177 30000 1
5 6 284 48160 0
5 10 295 50000 1
4 21 236 40000 1
2 24 118 20000 1
6 3 127 21560 0
5 17 295 50000 1
7 19 413 70000 1
2 26 118 20000 1
7 25 413 70000 1
5 2 68 11560 0
4 4 161 27310 0
7 3 131 22240 0
4 12 236 40000 1
3 9 177 30000 1
5 5 149 25300 0
5 2 65 11050 0
2 1 48 8160 0
4 11 236 40000 1
6 18 354 60000 1
1 5 59 10000 1
2 5 98 16630 0
7 1 48 8160 0
7 40 413 70000 1
3 8 157 26630 0
5 21 295 50000 1
4 6 131 22240 0
8 16 472 80000 1
3 7 177 30000 1
4 14 236 40000 1
5 4 131 22240 0
6 28 354 60000 1
5 9 295 50000 1
5 20 295 50000 1
4 10 236 40000 1
2 1 18 3060 0
2 1 28 4760 0
4 3 108 18330 0
6 18 354 60000 1
7 13 413 70000 1
7 14 321 54450 0
1 11 59 10000 1
3 13 177 30000 1
4 19 236 40000 1
4 8 235 39860 0
1 6 59 10000 1
6 1 28 4760 0
7 21 413 70000 1
4 14 236 40000 1
2 13 118 20000 1
5 6 180 30540 0
5 19 295 50000 1
7 5 156 26490 0
1 7 59 10000 1
2 7 118 20000 1
3 10 177 30000 1
6 1 42 7140 0
6 25 354 60000 1
7 24 413 70000 1
5 26 295 50000 1
3 15 177 30000 1
3 1 21 3570 0
6 1 44 7480 0
2 22 118 20000 1
1 14 59 10000 1
16 4 144 24450 0
1 10 59 10000 1
3 17 177 30000 1
22 3 81 13770 0
1 2 34 5780 0
17 28 1003 170000 1
3 1 39 6630 0
1 2 59 10000 1
1 12 59 10000 1
24 1 32 5440 0
44 9 291 49380 0
1 9 59 10000 1
13 13 543 92100 0
41 29 2419 410000 1
1 14 59 10000 1
1 1 31 5270 0
1 1 17 2890 0
1 16 59 10000 1
4 16 236 40000 1
1 6 59 10000 1
1 15 59 10000 1
1 14 59 10000 1
3 12 177 30000 1
30 27 1770 300000 1
1 1 15 2550 0
17 5 114 19350 0
90 4 123 20880 0
6 1 26 4420 0
1 1 20 3400 0
2 2 49 8330 0
14 23 826 140000 1
159 30 9381 1590000 1
7 12 413 70000 1
64 31 3776 640000 1
1 1 28 4760 0
1 6 59 10000 1
1 3 59 10000 1
19 11 461 78220 0
80 4 107 18160 0
1 1 25 4250 0
3 5 97 16460 0
1 2 50 8500 0
117 19 1888 320210 0
14 9 416 70600 0
121 1 65 11050 0
20 27 1180 200000 1
4 15 236 40000 1
1 1 23 3910 0
16 18 944 160000 1
1 10 59 10000 1
5 27 295 50000 1
1 11 59 10000 1
2 26 118 20000 1
63 16 1052 178480 0
30 18 938 159010 0
24 22 1416 240000 1
8 3 143 24280 0
1 1 17 2890 0
1 1 36 6120 0
1 10 59 10000 1
1 1 21 3570 0
53 16 716 121540 0
36 5 152 25810 0
42 21 2435 412780 0
5 2 55 9350 0
21 33 1239 210000 1
112 17 1334 226180 0
78 24 4468 757400 0
232 19 931 158000 0
236 8 285 48330 0
3 1 21 3570 0
1 10 59 10000 1
3 26 177 30000 1
1 4 59 10000 1
1 2 48 8160 0
3 15 177 30000 1
62 9 598 101420 0
146 7 432 73380 0
1 10 59 10000 1
1 3 59 10000 1
1 8 59 10000 1
1 4 59 10000 1
