7 2 18 27000 0
2 1 5 7500 0
1 1 7 10000 1
8 16 56 80000 1
4 15 28 40000 1
4 1 4 6000 0
2 8 14 20000 1
7 22 49 70000 1
2 8 14 20000 1
1 8 7 10000 1
3 22 21 30000 1
7 11 49 70000 1
1 5 7 10000 1
4 2 6 9000 0
4 5 22 32500 0
3 25 21 30000 1
7 5 15 22000 0
3 8 21 30000 1
4 16 28 40000 1
7 11 49 70000 1
7 5 24 35500 0
1 2 7 10000 1
3 17 21 30000 1
7 25 49 70000 1
7 18 49 70000 1
8 22 56 80000 1
1 4 7 10000 1
1 2 6 9000 0
2 9 14 20000 1
5 19 35 50000 1
1 1 6 9000 0
4 13 28 40000 1
6 19 42 60000 1
4 1 6 9000 0
5 3 26 38000 0
7 9 31 45000 0
7 8 41 59000 0
7 11 49 70000 1
3 7 21 30000 1
6 17 42 60000 1
8 21 56 80000 1
2 9 14 20000 1
4 17 28 40000 1
6 27 42 60000 1
7 25 49 70000 1
6 5 35 51000 0
3 18 21 30000 1
5 3 15 22000 0
3 2 8 12000 0
4 12 28 40000 1
5 10 35 50000 1
2 15 14 20000 1
6 25 42 60000 1
1 5 7 10000 1
6 9 42 60000 1
7 19 49 70000 1
6 2 8 12000 0
1 5 7 10000 1
4 21 28 40000 1
7 19 49 70000 1
6 6 32 48000 0
7 13 49 70000 1
5 20 35 50000 1
3 5 21 30000 1
1 1 5 7500 0
2 1 9 13500 0
6 20 42 60000 1
7 7 23 33500 0
2 4 14 20000 1
7 13 49 70000 1
2 4 14 20000 1
4 7 28 40000 1
1 1 6 9000 0
5 6 35 50000 1
1 3 7 10000 1
2 9 14 20000 1
6 6 21 31000 0
6 3 22 32500 0
2 8 14 20000 1
3 1 4 6000 0
2 8 14 20000 1
3 1 6 9000 0
4 13 28 40000 1
7 1 8 12000 0
7 6 34 49500 0
8 2 12 18000 0
2 2 14 20000 1
4 1 5 7500 0
7 1 6 9000 0
2 2 9 13500 0
7 1 9 13500 0
4 2 10 15000 0
4 13 28 40000 1
4 5 19 28500 0
7 36 49 70000 1
7 7 32 47500 0
7 12 49 70000 1
3 15 21 30000 1
4 1 5 7500 0
5 23 35 50000 1
5 1 3 4500 0
7 1 5 7500 0
1 1 7 10000 1
5 11 35 50000 1
5 5 31 46000 0
4 2 8 12000 0
6 25 42 60000 1
7 2 14 21000 0
1 4 7 10000 1
6 25 42 60000 1
2 1 4 6000 0
7 23 49 70000 1
6 1 3 4500 0
4 9 28 40000 1
1 7 7 10000 1
4 9 28 40000 1
2 5 14 20000 1
5 8 35 50000 1
6 14 42 60000 1
4 7 28 40000 1
5 1 4 6000 0
3 10 21 30000 1
7 25 49 70000 1
3 25 21 30000 1
1 5 7 10000 1
4 22 28 40000 1
1 4 7 10000 1
2 10 14 20000 1
2 14 14 20000 1
1 3 7 10000 1
3 14 21 30000 1
3 1 8 11500 0
7 14 49 70000 1
6 11 42 60000 1
5 8 35 50000 1
7 3 12 18000 0
7 1 5 7500 0
5 2 12 18000 0
5 10 35 50000 1
4 4 13 19000 0
1 1 3 4500 0
4 2 12 18000 0
3 5 16 23500 0
7 8 45 66000 0
4 11 28 40000 1
1 1 5 7500 0
5 12 35 50000 1
2 8 14 20000 1
7 15 49 70000 1
4 4 24 35000 0
4 7 28 40000 1
4 6 28 40000 1
6 22 42 60000 1
4 8 28 40000 1
1 1 3 4500 0
5 3 15 22000 0
7 35 49 70000 1
6 26 42 60000 1
6 2 8 12000 0
8 22 56 80000 1
4 1 7 10500 0
2 2 10 15000 0
4 5 28 40000 1
4 6 28 40000 1
1 3 7 10000 1
6 13 42 60000 1
2 1 5 7500 0
3 12 21 30000 1
2 16 14 20000 1
2 10 14 20000 1
1 6 7 10000 1
5 3 15 22500 0
2 12 14 20000 1
7 6 47 68000 0
3 1 5 7500 0
6 15 42 60000 1
6 1 4 6000 0
5 8 35 50000 1
6 2 10 15000 0
7 2 14 21000 0
3 8 21 30000 1
3 5 18 27000 0
36 30 252 360000 1
1 1 5 7500 0
67 57 469 670000 1
37 24 240 347500 0
37 11 56 83000 0
1 1 4 6000 0
43 22 301 430000 1
2 13 14 20000 1
2 14 14 20000 1
30 38 210 300000 1
18 11 70 104500 0
75 14 90 133500 0
17 6 35 52500 0
3 10 21 30000 1
2 1 5 7500 0
27 22 189 270000 1
1 7 7 10000 1
6 1 5 7500 0
1 7 7 10000 1
5 5 23 34500 0
1 6 7 10000 1
12 21 84 120000 1
6 18 42 60000 1
1 1 5 7500 0
3 1 6 9000 0
1 5 7 10000 1
1 1 6 9000 0
1 3 7 10000 1
2 1 5 7500 0
3 21 21 30000 1
1 1 6 9000 0
174 25 204 295000 0
1 1 4 6000 0
1 3 7 10000 1
79 5 16 24000 0
1 1 7 10000 1
30 33 210 300000 1
2 8 14 20000 1
1 7 7 10000 1
1 5 7 10000 1
4 13 28 40000 1
1 2 7 10000 1
8 31 56 80000 1
4 1 7 10500 0
1 7 7 10000 1
136 6 45 67500 0
20 18 140 200000 1
66 6 42 63000 0
1 1 5 7500 0
12 7 43 62500 0
1 7 7 10000 1
2 3 14 20000 1
1 1 7 10000 1
206 10 64 94500 0
144 32 1008 1440000 1
1 4 7 10000 1
7 18 49 70000 1
1 1 4 6000 0
224 36 1568 2240000 1
18 18 126 180000 1
63 15 157 230500 0
63 7 35 52000 0
1 1 4 6000 0
1 2 7 10000 1
74 26 518 740000 1
2 4 14 20000 1
5 5 18 27000 0
4 11 28 40000 1
5 1 6 9000 0
1 2 7 10000 1
1 3 7 10000 1
1 1 4 6000 0
123 1 6 9000 0
1 5 7 10000 1
1 3 7 10000 1
2 6 14 20000 1
1 7 7 10000 1
1 1 4 6000 0
4 10 28 40000 1
211 19 96 139000 0
1 8 7 10000 1
2 4 14 20000 1
