2 3 10 20000 1
6 3 15 31500 0
7 1 6 12600 0
7 17 35 70000 1
6 1 5 10500 0
2 1 6 12600 0
3 5 15 30000 1
5 10 25 50000 1
3 3 15 30000 1
2 2 10 20000 1
1 1 5 10000 1
4 9 20 40000 1
7 11 35 70000 1
2 7 10 20000 1
2 7 10 20000 1
7 6 35 70000 1
4 7 20 40000 1
5 9 25 50000 1
4 1 5 10500 0
2 4 10 20000 1
6 8 30 60000 1
6 1 6 12600 0
7 5 35 70000 1
2 6 10 20000 1
6 8 30 60000 1
6 2 8 16800 0
4 2 20 40000 1
2 3 10 20000 1
7 1 11 23100 0
6 15 30 60000 1
5 2 18 37800 0
3 2 9 18900 0
2 1 10 20000 1
4 6 20 40000 1
1 1 5 10000 1
4 13 20 40000 1
7 2 9 18900 0
7 12 35 70000 1
7 7 35 70000 1
4 1 5 10500 0
6 2 16 33600 0
6 3 15 31500 0
5 9 25 50000 1
4 14 20 40000 1
1 4 5 10000 1
4 14 20 40000 1
7 6 29 60400 0
6 7 30 60000 1
4 8 20 40000 1
5 1 4 8400 0
4 1 10 21000 0
4 6 20 40000 1
5 7 25 50000 1
4 2 10 21000 0
3 2 15 30000 1
2 4 10 20000 1
4 5 20 40000 1
6 2 9 18900 0
3 10 15 30000 1
1 3 5 10000 1
4 14 20 40000 1
4 4 20 40000 1
2 1 5 10500 0
7 15 35 70000 1
2 3 10 20000 1
3 4 15 30000 1
6 2 9 18900 0
4 12 20 40000 1
2 1 4 8400 0
1 1 5 10000 1
2 5 10 20000 1
7 6 29 60400 0
2 5 10 20000 1
4 5 20 40000 1
6 3 20 42000 0
1 4 5 10000 1
5 18 25 50000 1
4 5 20 40000 1
4 7 20 40000 1
5 4 25 50000 1
6 1 6 12600 0
2 3 10 20000 1
4 7 20 40000 1
5 7 25 50000 1
5 13 25 50000 1
2 7 10 20000 1
1 3 5 10000 1
5 14 25 50000 1
8 1 6 12600 0
1 5 5 10000 1
6 9 30 60000 1
1 1 4 8400 0
2 2 10 20000 1
5 1 6 12600 0
4 3 15 31500 0
2 4 10 20000 1
3 3 15 30000 1
7 3 15 31500 0
7 13 35 70000 1
3 2 15 30000 1
7 5 33 66800 0
5 12 25 50000 1
5 5 25 50000 1
1 3 5 10000 1
5 14 25 50000 1
1 3 5 10000 1
3 5 15 30000 1
5 16 25 50000 1
3 2 10 21000 0
7 1 5 10500 0
3 1 7 14700 0
1 3 5 10000 1
2 5 10 20000 1
6 5 30 60000 1
7 1 6 12600 0
3 2 15 30000 1
2 5 10 20000 1
1 4 5 10000 1
7 5 35 70000 1
2 1 9 18400 0
4 2 19 38400 0
8 1 8 16800 0
4 12 20 40000 1
2 3 10 20000 1
6 7 30 60000 1
7 17 35 70000 1
3 3 15 30000 1
1 2 5 10000 1
5 1 4 8400 0
3 1 5 10500 0
4 1 6 12600 0
3 3 12 25200 0
2 2 10 20000 1
5 1 10 21000 0
3 1 5 10500 0
2 5 10 20000 1
3 2 10 21000 0
2 3 10 20000 1
2 4 10 20000 1
5 1 8 16800 0
4 4 20 40000 1
3 1 6 12600 0
5 6 25 50000 1
2 4 10 20000 1
2 3 10 20000 1
5 4 19 39900 0
3 2 10 21000 0
3 4 15 30000 1
2 2 10 20000 1
7 1 6 12600 0
5 10 25 50000 1
6 12 30 60000 1
4 10 20 40000 1
5 3 18 37800 0
3 1 7 14700 0
7 9 35 70000 1
5 4 25 50000 1
2 1 10 20000 1
2 4 10 20000 1
3 8 15 30000 1
4 14 20 40000 1
4 10 20 40000 1
5 2 14 28900 0
4 6 20 40000 1
4 8 20 40000 1
7 1 6 12600 0
5 5 25 50000 1
3 6 15 30000 1
1 1 4 8400 0
1 1 5 10000 1
3 8 15 30000 1
4 4 20 40000 1
3 1 6 12600 0
5 15 25 50000 1
4 1 5 10500 0
4 5 20 40000 1
5 5 25 50000 1
1 1 5 10000 1
2 5 10 20000 1
1 5 5 10000 1
6 1 4 8400 0
3 7 15 30000 1
141 1 6 12600 0
120 4 27 56700 0
1 5 5 10000 1
6 2 10 21000 0
1 1 5 10000 1
78 16 182 368700 0
1 4 5 10000 1
1 1 5 10000 1
1 1 5 10000 1
2 1 9 18400 0
51 29 255 510000 1
1 3 5 10000 1
2 2 10 20000 1
1 1 5 10000 1
22 26 110 220000 1
39 5 27 56200 0
2 1 4 8400 0
30 15 127 258200 0
1 5 5 10000 1
35 1 5 10500 0
13 7 35 73000 0
1 1 5 10000 1
56 1 5 10500 0
8 2 20 42000 0
1 3 5 10000 1
24 12 58 120800 0
49 16 245 490000 1
1 5 5 10000 1
15 17 75 150000 1
3 2 8 16800 0
1 5 5 10000 1
1 5 5 10000 1
1 5 5 10000 1
13 6 43 89800 0
4 2 10 21000 0
1 2 5 10000 1
2 1 5 10500 0
22 12 80 166000 0
9 8 35 72500 0
232 26 1160 2320000 1
220 14 122 248700 0
5 6 25 50000 1
94 15 206 421100 0
17 4 19 39900 0
2 6 10 20000 1
1 2 5 10000 1
1 1 5 10000 1
84 28 420 840000 1
1 2 5 10000 1
95 22 475 950000 1
1 1 4 8400 0
8 3 21 44100 0
1 1 5 10000 1
22 18 110 220000 1
2 6 10 20000 1
1 1 5 10000 1
1 1 5 10000 1
18 12 67 138200 0
1 2 5 10000 1
1 1 4 8400 0
1 1 5 10000 1
12 1 7 14700 0
1 1 5 10000 1
2 2 10 20000 1
95 25 475 950000 1
2 1 7 14700 0
4 2 8 16800 0
40 24 200 400000 1
2 6 10 20000 1
1 3 5 10000 1
5 1 9 18900 0
2 1 5 10500 0
5 1 4 8400 0
3 1 6 12600 0
9 1 10 21000 0
1 4 5 10000 1
1 1 5 10000 1
1 2 5 10000 1
30 3 24 49900 0
13 2 9 18900 0
13 2 13 27300 0
