5 1.05065517241
6 1.0
1 1.0
3 1.01939130435
2 1.0326875
7 1.05506666667
5 1.06133333333
4 1.027375
2 1.0
4 1.01469230769
3 1.03833333333
1 1.0
5 1.0
4 1.152
4 1.05317647059
4 1.025
7 1.08472727273
2 1.06875
2 1.06169230769
7 1.035
5 1.02040816327
2 1.0
5 1.0905
2 1.0
5 1.03626666667
3 1.0
3 1.10357142857
3 1.0
4 1.0226969697
6 1.07247368421
1 1.0
1 1.0
5 1.04166666667
3 1.0
3 1.03448275862
6 1.07377083333
2 1.0
1 1.015
1 1.015
3 1.0
6 1.0818
5 1.0
7 1.05577272727
4 1.05325
7 1.08904761905
2 1.0745
2 1.03833333333
6 1.04426315789
4 1.02564102564
7 1.09528947368
6 1.04428
4 1.01134375
4 1.0
2 1.01833333333
7 1.0673
1 1.015
6 1.01694915254
1 1.0
5 1.02074468085
1 1.0
1 1.0
4 1.0
7 1.07015384615
4 1.06666666667
7 1.06151111111
1 1.0
4 1.02387096774
7 1.05566666667
4 1.07211111111
5 1.05987804878
2 1.02838888889
6 1.04724137931
1 1.0
1 1.0
6 1.05
7 1.08531034483
7 1.06570967742
2 1.0
2 1.0
5 1.10825
2 1.0
2 1.0
2 1.02355555556
2 1.06166666667
4 1.03657142857
2 1.085
2 1.05083333333
6 1.07334615385
7 1.0
5 1.06661538462
7 1.0452
2 1.00136363636
6 1.05653846154
2 1.0
5 1.04870731707
6 1.01694915254
3 1.02112
4 1.091
3 1.04435714286
7 1.231
1 1.0
3 1.035
2 1.076
5 1.0
5 1.11084615385
5 1.04166666667
1 1.015
4 1.0
3 1.01961538462
7 1.05702439024
7 1.06526923077
4 1.03685714286
3 1.06533333333
4 1.09325
3 1.0
2 1.01505555556
6 1.09676923077
5 1.03734285714
1 1.0
1 1.015
3 1.0915
7 1.05228571429
2 1.0674
3 1.03448275862
3 1.0723
2 1.0
3 1.02863157895
3 1.10918181818
4 1.05263157895
2 1.04625
6 1.06666666667
1 1.0
6 1.01795652174
6 1.04607692308
7 1.10275
3 1.0805
7 1.07148
1 1.0
7 1.0735
2 1.0
5 1.0
6 1.04973684211
4 1.0
2 1.01989473684
4 1.061125
1 1.015
3 1.0
4 1.03606666667
1 1.015
1 1.0
7 1.09275675676
2 1.0
6 1.02775
5 1.0
5 1.02040816327
2 1.015
1 1.0
1 1.015
5 1.10325
4 1.09825
3 1.0
5 1.02117142857
5 1.12536363636
4 1.02785714286
3 1.01927777778
5 1.0
1 1.0
3 1.0
7 1.0508125
1 1.0
6 1.10125
5 1.08233333333
7 1.07672727273
6 1.01694915254
5 1.05207692308
2 1.01761111111
7 1.02501492537
6 1.10576595745
5 1.04428571429
6 1.05401923077
1 1.015
1 1.015
122 1.04115447154
9 1.06574193548
1 1.015
1 1.0
40 1.22862162162
4 1.055
187 1.05816129032
1 1.0
1 1.0
1 1.0
2 1.0
44 1.050125
1 1.015
1 1.015
4 1.12866666667
21 1.03033333333
8 1.04884210526
2 1.0
3 1.03174074074
1 1.0
170 1.0
13 1.10865853659
1 1.0
1 1.0
5 1.054825
6 1.05955263158
2 1.03283333333
34 1.09091891892
1 1.015
47 1.111675
107 1.04563076923
3 1.0
1 1.0
1 1.0
30 1.02069090909
1 1.015
1 1.0
1 1.0
1 1.0
69 1.07566666667
27 1.02552173913
116 1.05505882353
1 1.0
1 1.0
51 1.015
10 1.03302702703
1 1.015
1 1.015
5 1.02040816327
24 1.09597777778
2 1.0502
2 1.07141666667
1 1.015
1 1.0
100 1.09504166667
6 1.06404347826
10 1.07883333333
20 1.0988358209
26 1.12860869565
8 1.01265822785
1 1.015
20 1.07479166667
1 1.0
6 1.0
115 1.09142857143
13 1.05653225806
1 1.015
1 1.015
5 1.093
1 1.0
1 1.0
1 1.015
1 1.015
1 1.0
1 1.015
4 1.0795
1 1.0
1 1.0
231 1.1006
5 1.0
2 1.0
