5 14 25 50000 1
6 3 9 18397 0
5 14 26 50000 1
5 1 3 6083 0
5 12 26 48521 0
4 21 22 40000 1
6 5 17 38422 0
1 5 6 10000 1
5 26 25 50000 1
3 2 5 10009 0
1 4 6 10000 1
3 14 18 30000 1
7 14 34 70000 1
2 13 11 20000 1
7 25 36 70000 1
2 2 5 9789 0
5 4 9 18684 0
1 1 2 3442 0
5 1 2 4901 0
6 1 3 7203 0
2 23 11 20000 1
4 1 5 10068 0
6 9 29 57687 0
6 1 3 6754 0
1 4 6 10000 1
3 1 4 7587 0
7 34 39 70000 1
6 11 23 43517 0
5 14 25 50000 1
3 3 6 11285 0
7 21 39 70000 1
7 14 38 70000 1
3 8 18 30000 1
2 10 12 20000 1
3 19 18 30000 1
2 10 12 20000 1
3 19 17 30000 1
1 5 6 10000 1
4 1 3 6261 0
3 21 17 30000 1
7 15 39 70000 1
4 12 21 40000 1
2 13 12 20000 1
2 4 11 20000 1
6 16 32 60000 1
7 4 13 27850 0
7 2 5 11384 0
5 6 12 25202 0
3 16 17 30000 1
1 3 6 10000 1
1 2 6 10000 1
7 9 32 62305 0
5 1 2 3897 0
6 16 32 60000 1
7 9 34 70000 1
6 24 32 60000 1
2 13 12 20000 1
5 13 27 48216 0
5 19 25 50000 1
4 12 22 40000 1
5 6 17 35371 0
2 20 12 20000 1
7 26 36 70000 1
6 2 8 18098 0
3 10 17 30000 1
5 12 28 50000 1
3 3 8 16978 0
7 16 34 70000 1
6 1 6 11805 0
6 9 20 38460 0
1 1 2 3442 0
2 12 12 20000 1
2 20 12 20000 1
1 3 5 8605 0
2 16 12 20000 1
8 28 46 80000 1
2 19 12 20000 1
1 13 6 10000 1
7 1 3 7158 0
6 22 34 60000 1
2 4 8 14117 0
1 6 6 10000 1
8 5 12 29023 0
2 26 12 20000 1
2 9 11 19822 0
7 4 13 30261 0
6 1 6 13477 0
1 1 3 5163 0
7 18 39 70000 1
5 11 23 50000 1
7 18 37 70000 1
3 16 18 30000 1
4 1 3 6498 0
7 13 35 70000 1
1 1 2 3442 0
3 12 17 30000 1
2 3 7 13767 0
4 16 23 40000 1
1 8 6 10000 1
4 16 23 40000 1
3 21 17 30000 1
4 22 22 40000 1
5 35 28 50000 1
3 7 14 24894 0
2 18 12 20000 1
3 11 16 30000 1
3 1 3 6188 0
2 6 11 20000 1
4 2 6 14429 0
3 7 16 29714 0
1 7 6 10000 1
2 4 8 15206 0
6 7 17 35539 0
5 2 11 24201 0
5 24 27 50000 1
4 9 22 40000 1
5 22 28 50000 1
5 4 10 21452 0
2 4 10 17702 0
5 2 6 12872 0
5 3 10 20835 0
7 15 39 70000 1
7 14 36 66539 0
4 18 22 40000 1
3 13 17 30000 1
2 8 12 20000 1
1 7 6 10000 1
7 13 37 70000 1
1 12 6 10000 1
3 10 17 30000 1
2 1 2 4184 0
5 14 27 50000 1
1 12 6 10000 1
5 18 28 50000 1
4 6 12 22675 0
5 5 24 48570 0
2 12 11 20000 1
2 2 8 15191 0
5 3 10 22563 0
1 6 6 10000 1
4 14 24 40000 1
8 4 25 55911 0
6 10 31 60000 1
6 12 27 53372 0
5 2 8 17525 0
7 6 17 38962 0
5 18 26 50000 1
3 3 8 16136 0
5 11 27 50000 1
4 3 7 14676 0
6 28 33 60000 1
6 19 32 60000 1
7 19 36 70000 1
3 6 13 24469 0
4 3 13 25740 0
5 12 27 50000 1
2 20 12 20000 1
2 29 12 20000 1
4 6 20 39255 0
6 5 21 42716 0
6 4 12 24674 0
5 9 22 44544 0
1 14 6 10000 1
2 3 6 10826 0
4 7 15 29951 0
4 6 20 40000 1
4 28 21 40000 1
3 20 16 30000 1
2 1 4 8603 0
2 2 2 3970 0
1 8 6 10000 1
4 4 15 33392 0
5 2 9 19317 0
6 6 18 38505 0
2 3 6 11487 0
1 1 3 5163 0
8 15 42 80000 1
2 6 12 20000 1
6 12 31 60000 1
3 3 8 15665 0
7 22 39 70000 1
6 4 17 35532 0
1 2 3 5163 0
1 14 6 10000 1
1 13 6 10000 1
1 1 3 5163 0
20 6 25 53393 0
1 1 3 5163 0
1 4 6 10000 1
24 29 114 240000 1
7 18 37 70000 1
1 2 4 6884 0
3 16 18 30000 1
1 3 6 10000 1
1 13 6 10000 1
1 2 5 8605 0
30 1 4 7789 0
6 1 4 8539 0
3 2 7 15303 0
1 5 6 10000 1
1 4 5 8605 0
21 5 22 42873 0
3 1 4 7800 0
30 4 11 26001 0
1 1 2 3442 0
1 2 4 6884 0
6 9 27 51423 0
1 11 6 10000 1
1 1 2 3442 0
1 1 2 3442 0
14 8 40 88795 0
1 9 6 10000 1
22 23 116 220000 1
2 9 12 20000 1
167 3 24 60278 0
1 1 2 3442 0
37 27 176 370000 1
1 9 6 10000 1
15 37 83 150000 1
1 14 6 10000 1
4 4 9 18494 0
1 9 6 10000 1
84 1 2 4461 0
9 24 49 90000 1
1 6 6 10000 1
32 1 4 9913 0
1 2 4 6884 0
1 8 6 10000 1
142 1 11 29289 0
1 8 6 10000 1
1 1 1 1721 0
10 13 57 100000 1
127 32 641 1270000 1
4 3 9 20239 0
237 11 48 107683 0
3 6 17 30000 1
18 13 61 120766 0
1 1 2 3442 0
1 3 6 10000 1
1 9 6 10000 1
10 28 53 100000 1
163 25 800 1630000 1
1 9 6 10000 1
3 5 17 30000 1
1 2 4 6884 0
21 20 110 210000 1
1 13 6 10000 1
1 2 5 8605 0
6 13 32 60000 1
44 1 5 13289 0
72 28 388 720000 1
4 2 7 15302 0
1 7 6 10000 1
11 34 60 110000 1
32 1 7 16659 0
28 1 3 6430 0
1 5 6 10000 1
1 12 6 10000 1
1 5 6 10000 1
1 3 6 10000 1
1 2 4 6884 0
1 14 6 10000 1
5 3 10 21203 0
