5 1.17647058824
6 1.20241830065
5 1.13122171946
5 1.19274509804
5 1.097760181
4 1.06951871658
6 1.32948096886
1 0.980392156863
5 1.17647058824
3 1.17752941176
1 0.980392156863
3 0.980392156863
7 1.21107266436
2 1.06951871658
7 1.14379084967
2 1.15164705882
5 1.22117647059
1 1.01235294118
5 1.44147058824
6 1.41235294118
2 1.06951871658
4 1.18447058824
6 1.17012170385
6 1.32431372549
1 0.980392156863
3 1.11573529412
7 1.05580693816
6 1.11296675192
5 1.17647058824
3 1.10637254902
7 1.05580693816
7 1.08359133127
3 0.980392156863
2 0.980392156863
3 0.980392156863
2 0.980392156863
3 1.03806228374
1 0.980392156863
4 1.22764705882
3 1.03806228374
7 1.05580693816
4 1.12044817927
2 0.980392156863
2 1.06951871658
6 1.10294117647
7 1.26018099548
7 1.33929411765
5 1.23539215686
3 1.03806228374
1 0.980392156863
1 0.980392156863
7 1.1453125
5 1.14617647059
6 1.10294117647
7 1.21107266436
6 1.10294117647
2 0.980392156863
5 1.05045751634
5 1.17647058824
4 1.06951871658
5 1.2239100346
2 0.980392156863
7 1.14379084967
6 1.33073529412
3 1.03806228374
5 1.05042016807
3 1.24838235294
7 1.21107266436
6 1.15735294118
6 1.13117647059
1 1.01235294118
2 0.980392156863
2 0.980392156863
1 1.01235294118
2 0.980392156863
8 1.02301790281
2 0.980392156863
1 0.980392156863
7 1.40352941176
6 1.03806228374
2 1.03801470588
1 0.980392156863
8 1.42269607843
2 0.980392156863
2 1.06
7 1.3692760181
6 1.3212745098
1 1.01235294118
7 1.05580693816
5 1.27877237852
7 1.11287758347
3 0.980392156863
4 1.27411764706
7 1.17647058824
1 1.01235294118
3 1.03806228374
2 1.1568907563
4 1.02301790281
1 0.980392156863
4 1.02301790281
3 1.03806228374
4 1.06951871658
5 1.05042016807
3 1.04596638655
2 0.980392156863
3 1.10294117647
3 1.21333333333
2 1.06951871658
4 1.41460784314
3 1.09242647059
1 0.980392156863
2 1.11808823529
6 1.22972318339
5 1.29417112299
5 1.08932461874
4 1.06951871658
5 1.05042016807
5 1.26188235294
2 1.04129411765
5 1.26196078431
5 1.22558823529
7 1.05580693816
7 1.08723856209
4 1.06951871658
3 1.03806228374
2 0.980392156863
1 0.980392156863
7 1.11287758347
1 0.980392156863
3 1.03806228374
2 1.23058823529
5 1.08932461874
1 0.980392156863
5 1.05042016807
4 1.11151960784
5 1.19044117647
2 1.06951871658
2 1.11698529412
5 1.32723529412
1 0.980392156863
4 0.980392156863
8 1.31555294118
6 1.1385199241
6 1.16278867102
5 1.28860294118
7 1.34816608997
5 1.13122171946
3 1.18647058824
5 1.08932461874
4 1.23327731092
6 1.06951871658
6 1.10294117647
7 1.14379084967
3 1.10719457014
4 1.16470588235
5 1.08932461874
2 0.980392156863
2 0.980392156863
4 1.15455882353
6 1.19652661064
6 1.20950980392
5 1.19101604278
1 0.980392156863
2 1.06137254902
4 1.17454901961
4 1.17647058824
4 1.12044817927
3 1.10294117647
2 1.26514705882
2 1.16764705882
1 0.980392156863
4 1.30949019608
5 1.26254901961
6 1.25833333333
2 1.12617647059
1 1.01235294118
8 1.12044817927
2 0.980392156863
6 1.1385199241
3 1.15183823529
7 1.05580693816
6 1.22948096886
1 1.01235294118
1 0.980392156863
1 0.980392156863
1 1.01235294118
20 1.25630588235
1 1.01235294118
1 0.980392156863
24 1.23839009288
7 1.11287758347
1 1.01235294118
3 0.980392156863
1 0.980392156863
1 0.980392156863
1 1.01235294118
30 1.14544117647
6 1.25573529412
3 1.28596638655
1 0.980392156863
1 1.01235294118
21 1.1463368984
3 1.14705882353
30 1.39042780749
1 1.01235294118
1 1.01235294118
6 1.12032679739
1 0.980392156863
1 1.01235294118
1 1.01235294118
14 1.30580882353
1 0.980392156863
22 1.11561866126
2 0.980392156863
167 1.47740196078
1 1.01235294118
37 1.23663101604
1 0.980392156863
15 1.06307583274
1 0.980392156863
4 1.20875816993
1 0.980392156863
84 1.31205882353
9 1.08043217287
1 0.980392156863
32 1.45779411765
1 1.01235294118
1 0.980392156863
142 1.56625668449
1 0.980392156863
1 1.01235294118
10 1.03199174407
127 1.16545838304
4 1.32281045752
237 1.31964460784
3 1.03806228374
18 1.16457087753
1 1.01235294118
1 0.980392156863
1 0.980392156863
10 1.10987791343
163 1.19852941176
1 0.980392156863
3 1.03806228374
1 1.01235294118
21 1.12299465241
1 0.980392156863
1 1.01235294118
6 1.10294117647
44 1.56341176471
72 1.09157064888
4 1.28588235294
1 0.980392156863
11 1.07843137255
32 1.39991596639
28 1.26078431373
1 0.980392156863
1 0.980392156863
1 0.980392156863
1 0.980392156863
1 1.01235294118
1 0.980392156863
5 1.24723529412
