3 0.952380952381
4 0.952380952381
5 1.0
2 0.952380952381
3 1.0
5 0.952380952381
4 0.952380952381
1 0.952380952381
4 0.962962962963
5 0.952380952381
6 1.0
6 1.0
2 0.952380952381
7 0.952380952381
5 1.0
6 0.952380952381
2 0.952380952381
3 0.952380952381
1 1.0
1 0.952380952381
6 0.952380952381
4 0.952380952381
3 0.952380952381
7 0.952380952381
7 0.952380952381
3 1.0
6 1.0
6 0.952380952381
6 0.990476190476
4 0.952380952381
5 0.952380952381
6 0.952380952381
7 0.952380952381
4 1.0
3 0.952380952381
7 1.0
2 0.952380952381
6 0.952380952381
3 0.952380952381
5 0.952380952381
7 0.952380952381
4 0.952380952381
2 1.0
6 0.952380952381
5 0.952380952381
2 0.952380952381
4 1.0
7 0.952380952381
7 0.952380952381
6 0.952380952381
7 1.0
7 0.987654320988
5 0.952380952381
7 1.0
3 0.980392156863
6 0.952380952381
6 1.0
4 0.952380952381
4 0.952380952381
7 1.0
5 0.952380952381
2 0.952380952381
3 0.952380952381
5 0.952380952381
7 0.952380952381
6 0.952380952381
7 1.0
5 0.952380952381
2 0.952380952381
5 0.952380952381
7 0.952380952381
2 0.972222222222
6 0.952380952381
5 1.0
1 0.952380952381
5 1.0
5 0.952380952381
6 0.988505747126
7 0.952380952381
2 1.0
2 0.952380952381
4 0.952380952381
3 1.0
6 0.952380952381
5 1.0
4 1.0
5 1.0
5 0.952380952381
4 0.952380952381
3 0.952380952381
5 1.0
2 1.0
6 0.962962962963
4 0.952380952381
7 0.952380952381
3 0.952380952381
2 0.962962962963
1 0.952380952381
4 0.952380952381
2 1.0
2 0.952380952381
8 0.952380952381
3 0.952380952381
1 0.952380952381
2 0.966666666667
3 0.952380952381
7 0.952380952381
7 0.952380952381
7 1.0
3 0.952380952381
7 1.0
7 1.0
3 0.960784313725
2 0.952380952381
6 1.0
3 0.966666666667
7 0.952380952381
4 1.0
1 1.0
5 1.0
5 1.0
3 0.952380952381
7 1.0
7 1.0
4 0.974358974359
5 1.0
3 0.952380952381
3 0.952380952381
3 1.0
6 1.0
3 1.0
7 1.0
1 0.952380952381
2 1.0
7 1.0
3 0.952380952381
3 0.952380952381
7 1.0
4 1.0
4 0.952380952381
6 0.952380952381
7 0.952380952381
1 0.952380952381
2 0.962962962963
3 0.952380952381
6 0.952380952381
6 0.952380952381
3 0.952380952381
3 0.952380952381
7 0.952380952381
3 1.0
5 1.0
3 1.0
7 0.952380952381
1 0.952380952381
3 0.952380952381
1 0.952380952381
7 0.952380952381
4 0.952380952381
5 0.952380952381
5 0.952380952381
3 0.974358974359
4 0.952380952381
1 0.952380952381
6 1.0
3 0.952380952381
4 0.952380952381
6 0.966666666667
2 0.952380952381
3 0.952380952381
6 0.952380952381
5 0.952380952381
8 0.952380952381
4 1.0
5 0.952380952381
1 1.0
6 0.962962962963
2 0.952380952381
3 1.0
4 0.952380952381
4 0.952380952381
5 0.962962962963
210 0.993939393939
1 0.952380952381
35 1.0
2 0.952380952381
1 0.952380952381
12 1.0
1 1.0
2 0.952380952381
1 0.952380952381
1 0.952380952381
4 0.952380952381
4 0.952380952381
1 1.0
67 0.952380952381
4 0.952380952381
1 0.952380952381
1 0.952380952381
15 1.0
1 0.952380952381
228 0.952380952381
190 0.952380952381
1 1.0
11 1.0
62 0.983333333333
2 0.962962962963
11 0.952380952381
1 1.0
1 0.952380952381
1 0.952380952381
4 0.952380952381
1 0.952380952381
4 0.952380952381
1 0.952380952381
2 1.0
1 0.952380952381
5 0.952380952381
1 1.0
1 0.952380952381
5 1.0
1 0.952380952381
4 0.952380952381
2 0.952380952381
1 0.952380952381
1 1.0
5 1.0
12 0.990476190476
12 0.952380952381
27 0.952380952381
7 0.952380952381
141 0.994350282486
11 0.952380952381
1 0.952380952381
42 0.991228070175
3 0.952380952381
5 0.952380952381
2 0.952380952381
9 0.952380952381
106 0.968847352025
1 1.0
29 0.952380952381
1 0.952380952381
12 0.952380952381
2 0.952380952381
1 1.0
1 0.952380952381
1 0.952380952381
1 0.952380952381
1 0.952380952381
7 1.0
60 0.97619047619
50 0.952380952381
1 0.952380952381
18 0.993333333333
15 1.0
1 1.0
118 0.952380952381
2 0.952380952381
42 0.952380952381
1 1.0
109 1.0
113 0.965005931198
