3 6 18 30000 1
4 13 24 40000 1
6 6 36 60000 1
5 8 30 50000 1
5 3 21 35550 0
2 1 12 20000 1
3 3 18 30000 1
5 1 7 11850 0
8 13 48 80000 1
3 7 18 30000 1
7 3 21 35550 0
5 4 30 50000 1
2 1 7 11850 0
2 2 12 20000 1
4 2 18 30000 0
2 1 10 17400 0
3 10 18 30000 1
2 5 12 20000 1
2 6 12 20000 1
1 1 6 10000 1
5 1 8 13700 0
2 1 7 11850 0
7 5 42 70000 1
7 7 42 70000 1
6 5 36 60000 1
7 9 42 70000 1
1 1 6 10000 1
5 6 30 50000 1
7 13 42 70000 1
2 4 12 20000 1
2 4 12 20000 1
3 2 16 27400 0
2 6 12 20000 1
2 7 12 20000 1
4 8 24 40000 1
6 1 9 15550 0
5 3 23 39250 0
1 1 5 9250 0
1 3 6 10000 1
7 11 42 70000 1
1 2 6 10000 1
2 1 7 11850 0
3 1 5 9250 0
5 1 13 21850 0
4 7 24 40000 1
4 5 24 40000 1
6 15 36 60000 1
3 4 18 30000 1
1 4 6 10000 1
7 14 42 70000 1
4 12 24 40000 1
5 5 30 50000 1
2 8 12 20000 1
7 11 42 70000 1
7 6 42 70000 1
5 9 30 50000 1
7 5 42 70000 1
2 1 11 19250 0
6 7 36 60000 1
5 13 30 50000 1
3 1 15 25550 0
2 2 12 20000 1
7 15 42 70000 1
1 2 6 10000 1
5 12 30 50000 1
3 2 18 30000 1
6 2 20 33700 0
5 1 9 15550 0
5 7 30 50000 1
6 7 36 60000 1
1 3 6 10000 1
3 9 18 30000 1
2 5 12 20000 1
2 2 12 20000 1
2 1 6 10000 0
3 1 7 11850 0
3 2 12 20000 0
7 11 42 70000 1
1 1 5 9250 0
4 1 12 21100 0
1 3 6 10000 1
5 3 21 35550 0
6 2 33 55550 0
5 1 9 15550 0
4 1 14 23700 0
2 6 12 20000 1
1 1 6 10000 1
6 6 36 60000 1
3 6 18 30000 1
4 1 7 11850 0
5 12 30 50000 1
4 14 24 40000 1
7 4 26 43700 0
3 1 7 11850 0
5 1 16 27400 0
7 7 42 70000 1
2 7 12 20000 1
3 1 9 15550 0
1 4 6 10000 1
1 3 6 10000 1
4 7 24 40000 1
2 8 12 20000 1
4 7 24 40000 1
1 1 6 10000 1
1 1 6 10000 1
7 2 13 22950 0
7 2 12 21100 0
1 1 6 10000 1
2 7 12 20000 1
5 4 30 50000 1
3 1 8 13700 0
7 1 9 15550 0
8 6 48 80000 1
4 8 24 40000 1
5 1 12 21100 0
6 7 36 60000 1
7 9 42 70000 1
4 6 24 40000 1
7 11 42 70000 1
5 2 11 19250 0
4 1 11 19250 0
3 7 18 30000 1
2 1 10 17400 0
4 5 24 40000 1
3 7 18 30000 1
3 10 18 30000 1
4 13 24 40000 1
7 1 7 11850 0
3 9 18 30000 1
4 1 12 21100 0
5 2 13 22950 0
3 1 8 13700 0
6 9 36 60000 1
7 12 42 70000 1
3 3 15 25550 0
2 1 7 11850 0
2 1 8 13700 0
3 2 16 27400 0
3 1 8 13700 0
5 1 9 15550 0
4 1 13 21850 0
8 3 30 51100 0
6 10 36 60000 1
4 12 24 40000 1
7 1 17 29250 0
6 1 13 21850 0
4 6 24 40000 1
7 4 36 61100 0
7 6 42 70000 1
1 1 6 10000 1
5 5 30 50000 1
2 7 12 20000 1
7 16 42 70000 1
3 2 14 23700 0
4 3 24 40000 1
2 4 12 20000 1
6 14 36 60000 1
5 12 30 50000 1
5 1 7 11850 0
1 2 6 10000 1
1 3 6 10000 1
6 15 36 60000 1
5 11 30 50000 1
3 1 10 17400 0
3 1 14 23700 0
3 3 18 30000 1
7 15 42 70000 1
5 9 30 50000 1
7 12 42 70000 1
4 7 24 40000 1
6 4 25 42950 0
5 8 30 50000 1
2 4 12 20000 1
5 1 13 22950 0
7 5 35 59250 0
5 1 8 13700 0
7 2 14 23700 0
2 1 12 20000 1
2 1 7 11850 0
3 2 18 30000 1
5 1 12 20000 0
1 4 6 10000 1
1 1 6 10000 1
87 1 8 13700 0
113 9 102 173300 0
33 19 198 330000 1
1 1 6 10000 1
1 2 6 10000 1
3 1 9 15550 0
1 1 6 10000 1
1 1 6 10000 1
1 1 6 10000 1
6 6 36 60000 1
8 1 8 13700 0
1 2 6 10000 1
1 3 6 10000 1
49 14 294 490000 1
5 9 30 50000 1
26 7 98 163700 0
1 1 6 10000 1
2 2 12 20000 1
55 1 17 29250 0
32 21 192 320000 1
1 1 6 10000 1
4 5 24 40000 1
90 1 10 17400 0
1 1 6 10000 1
1 2 6 10000 1
1 3 6 10000 1
6 1 10 17400 0
6 5 36 60000 1
1 1 6 10000 1
1 1 6 10000 1
3 1 6 11100 0
23 1 8 13700 0
1 2 6 10000 1
1 2 6 10000 1
1 4 6 10000 1
1 2 6 10000 1
1 1 6 10000 1
6 9 36 60000 1
194 14 1164 1940000 1
95 1 10 17400 0
6 17 36 60000 1
13 1 8 13700 0
3 1 13 21850 0
1 1 6 10000 1
3 7 18 30000 1
1 3 6 10000 1
1 1 6 10000 1
1 4 6 10000 1
1 1 6 10000 1
23 13 138 230000 1
39 20 234 390000 1
24 3 43 71850 0
3 2 12 20000 0
1 3 6 10000 1
1 2 6 10000 1
3 1 8 13700 0
58 13 348 580000 1
4 14 24 40000 1
1 1 6 10000 1
1 1 5 9250 0
1 1 6 10000 1
49 13 294 490000 1
193 20 1158 1930000 1
7 1 8 13700 0
26 3 36 61100 0
13 16 78 130000 1
42 20 252 420000 1
1 1 6 10000 1
1 2 6 10000 1
1 2 6 10000 1
1 1 6 10000 1
55 3 21 35550 0
1 1 6 10000 1
1 1 6 10000 1
203 16 1218 2030000 1
1 1 6 10000 1
29 8 158 265900 0
9 3 22 37400 0
20 4 31 51850 0
4 5 24 40000 1
