4 1.03403846154
1 0.30487804878
1 0.373977272727
3 0.842696629213
2 0.531914893617
6 0.903614457831
4 1.28565217391
7 1.51223684211
7 1.12072368421
1 0.35
5 0.527426160338
3 0.829212962963
2 0.667625
1 0.328947368421
2 0.611320754717
4 0.819672131148
1 0.352112676056
2 0.5
6 1.2928125
3 0.5859375
2 0.515463917526
7 1.10490322581
3 0.643194444444
1 0.324675324675
3 0.694444444444
7 1.3853960396
6 0.909090909091
6 0.738916256158
4 0.861025641026
4 1.2734375
5 0.748502994012
3 0.635593220339
3 0.78125
6 1.0177919708
8 0.769230769231
4 0.980392156863
2 0.617283950617
2 0.588235294118
1 0.403225806452
7 0.717213114754
2 0.423728813559
3 0.896117021277
2 0.579907407407
5 0.856440217391
1 0.403225806452
2 0.510204081633
7 0.754310344828
2 0.662045454545
1 0.352112676056
4 0.909204545455
5 0.714285714286
1 0.378787878788
2 0.625
2 0.728243243243
7 1.03057971014
7 0.645756457565
1 0.244330357143
4 0.436681222707
6 0.9375
4 0.671140939597
7 0.734575
2 0.462962962963
1 0.337837837838
4 0.588235294118
2 0.568181818182
6 0.934722222222
4 0.724637681159
1 0.342465753425
7 1.47485294118
3 0.843055555556
7 1.27454268293
4 0.59974137931
7 0.60553633218
7 0.758362068966
3 0.563909774436
2 0.413223140496
3 0.839622093023
3 0.635593220339
5 0.954198473282
3 0.595178571429
6 1.39321428571
4 0.591715976331
6 1.051
1 0.390625
6 0.991590909091
1 0.265957446809
2 0.632911392405
4 0.552486187845
4 0.934152542373
2 0.638125
3 0.657894736842
4 0.997840909091
3 0.681818181818
6 0.666666666667
5 1.17927083333
5 0.713604651163
6 1.04
4 0.930806451613
7 0.927326388889
3 0.762391304348
3 0.700934579439
2 0.54347826087
5 0.634517766497
4 0.740740740741
4 0.77519379845
1 0.390625
3 0.872540983607
4 0.59880239521
3 0.743833333333
5 0.718390804598
3 0.657894736842
5 1.12543478261
6 0.643776824034
6 0.862068965517
4 0.632911392405
6 0.868828125
1 0.349926470588
5 1.30833333333
4 0.719424460432
4 0.636942675159
2 0.680476190476
7 1.25690217391
6 1.3346969697
4 1.0318902439
5 0.808684210526
2 0.555555555556
1 0.418055555556
5 0.686813186813
6 1.1669
3 0.5859375
5 0.834444444444
4 0.96025
5 1.33375
1 0.357142857143
3 0.969375
1 0.390409836066
7 1.39211538462
5 0.952256097561
7 1.25078125
2 0.617283950617
4 0.996136363636
2 0.467289719626
4 0.757575757576
6 1.606875
6 0.809656862745
2 0.717352941176
1 0.3125
1 0.282954545455
5 1.08695652174
3 0.797872340426
6 0.816822429907
6 0.907869318182
5 0.868055555556
3 0.595238095238
2 0.520833333333
3 0.572519083969
5 1.06760869565
6 0.955414012739
5 0.932835820896
3 0.780777777778
1 0.384615384615
6 1.03530092593
3 0.609756097561
6 0.646551724138
4 1.13305555556
1 0.433552631579
1 0.493166666667
4 0.757575757576
2 0.675675675676
7 1.48828947368
2 0.5825
5 0.880281690141
1 0.43097826087
6 0.819672131148
6 1.33385416667
6 0.617283950617
5 0.589622641509
7 1.11429435484
6 0.667725988701
2 0.5
4 0.719424460432
2 0.54347826087
37 1.96390658174
1 0.352112676056
24 0.920245398773
5 0.598086124402
1 0.290697674419
1 0.384615384615
12 1.28898148148
3 0.797946428571
1 0.36231884058
188 1.5604249668
1 0.287356321839
1 0.373134328358
1 0.30487804878
1 0.347222222222
1 0.342465753425
151 1.99128378378
2 0.574712643678
1 0.423728813559
1 0.317358490566
1 0.392222222222
2 0.515463917526
2 0.581395348837
15 1.36861313869
3 0.765306122449
119 1.38155737705
1 0.367647058824
1 0.403225806452
1 0.357142857143
12 0.740740740741
9 0.833333333333
132 1.07073329007
1 0.378787878788
15 1.83178571429
8 0.813008130081
1 0.36231884058
12 1.17647058824
114 1.62676086957
62 1.2598940678
3 0.576923076923
24 1.28282608696
37 0.955578512397
1 0.390625
1 0.4175
1 0.3562
1 0.333928571429
89 1.9293287037
1 0.342465753425
82 1.04591836735
40 1.02040816327
1 0.404074074074
1 0.357142857143
24 1.428375
1 0.297619047619
1 0.410892857143
2 0.530080645161
69 1.59322368421
55 1.38888888889
1 0.328947368421
4 1.02292105263
18 0.949367088608
1 0.30487804878
150 2.00883928571
1 0.30487804878
3 0.763285714286
1 0.265957446809
3 0.721153846154
4 0.654085365854
204 1.15515288788
197 1.03618767094
1 0.373134328358
17 1.22126436782
2 0.62625
1 0.378787878788
5 0.932835820896
25 1.75633333333
1 0.309473684211
1 0.426363636364
3 0.595238095238
50 0.773036487322
2 0.551038961039
4 1.03612903226
