2 1 40 18708 0
7 1 70 64321 0
6 1 49 37592 0
4 1 40 32461 0
4 7 72 40000 1
3 1 39 22565 0
3 4 57 30000 1
3 8 80 30000 1
4 5 49 40000 1
3 1 35 16122 0
2 1 24 11628 0
7 3 80 70000 1
4 1 26 17896 0
1 5 52 10000 1
2 9 84 20000 1
3 5 54 30000 1
5 1 31 35360 0
7 2 82 70000 1
1 1 30 6678 0
4 2 46 35373 0
5 1 25 31494 0
5 10 96 50000 1
2 1 31 17070 0
1 2 45 10000 1
3 3 49 30000 1
5 5 109 50000 1
4 2 73 40000 1
2 6 44 20000 1
2 6 41 20000 1
8 9 113 80000 1
5 1 38 36008 0
2 2 43 20000 1
6 4 62 60000 1
7 7 116 70000 1
2 1 36 16458 0
5 1 25 26176 0
3 2 42 30000 1
1 9 46 10000 1
3 3 48 30000 1
6 1 29 34404 0
3 5 64 30000 1
5 5 93 50000 1
3 7 135 30000 1
5 3 86 50000 1
2 1 37 18479 0
4 8 73 40000 1
4 9 88 40000 1
1 4 41 10000 1
5 10 82 50000 1
3 7 83 30000 1
6 8 122 60000 1
7 2 103 70000 1
3 1 36 23457 0
6 3 77 60000 1
4 2 60 40000 1
2 5 58 20000 1
3 9 84 30000 1
1 2 36 9048 0
1 5 43 10000 1
6 9 170 60000 1
7 11 115 70000 1
6 6 120 60000 1
6 10 89 60000 1
4 2 45 40000 1
6 3 75 60000 1
4 3 55 40000 1
2 1 25 12701 0
3 4 60 30000 1
4 5 95 40000 1
1 1 27 6395 0
4 1 32 29694 0
6 10 98 60000 1
3 1 29 15267 0
5 8 94 50000 1
2 2 35 20000 1
1 5 50 10000 1
1 1 26 7363 0
5 5 127 50000 1
7 5 100 70000 1
7 2 108 70000 1
2 9 70 20000 1
6 7 116 60000 1
5 1 43 33932 0
4 2 65 40000 1
6 1 41 45501 0
4 4 65 40000 1
8 2 90 80000 1
5 6 109 50000 1
3 7 81 30000 1
5 1 27 27021 0
2 2 58 20000 1
7 3 88 70000 1
3 3 59 30000 1
7 5 98 70000 1
4 5 73 40000 1
2 8 83 20000 1
7 1 50 45950 0
7 1 26 35073 0
3 6 68 30000 1
2 1 43 20000 1
5 9 117 50000 1
4 11 100 40000 1
2 5 40 20000 1
3 7 102 30000 1
5 2 55 50000 1
2 1 23 13790 0
6 5 96 60000 1
7 2 72 70000 1
4 2 77 40000 1
6 2 65 60000 1
6 1 22 28217 0
7 1 36 38021 0
2 1 26 14507 0
3 8 90 30000 1
3 3 56 30000 1
3 11 109 30000 1
3 9 83 30000 1
3 7 73 30000 1
7 6 96 70000 1
2 4 70 20000 1
2 7 66 20000 1
1 2 57 10000 1
5 1 45 31711 0
2 8 53 20000 1
7 8 135 70000 1
5 1 35 34145 0
6 11 94 60000 1
4 2 52 40000 1
3 7 81 30000 1
6 5 71 60000 1
6 4 88 60000 1
2 10 45 20000 1
4 7 88 40000 1
7 10 104 70000 1
7 11 98 70000 1
6 1 37 41839 0
1 6 46 10000 1
5 1 59 41363 0
2 3 43 20000 1
7 2 79 70000 1
6 6 102 60000 1
1 1 27 8689 0
2 3 39 20000 1
6 4 92 60000 1
5 1 49 46911 0
8 3 94 80000 1
6 5 115 60000 1
6 4 83 60000 1
7 1 60 49884 0
5 5 99 50000 1
3 9 91 30000 1
1 1 30 7747 0
3 8 63 30000 1
3 8 79 30000 1
3 4 58 30000 1
2 10 69 20000 1
6 1 31 31043 0
2 2 36 20000 1
5 10 90 50000 1
7 3 138 70000 1
2 1 46 20000 1
7 1 35 39990 0
6 1 22 28940 0
7 1 24 21682 0
4 5 75 40000 1
5 4 71 50000 1
7 4 122 70000 1
1 8 51 10000 1
6 1 27 26681 0
6 2 67 60000 1
6 9 115 60000 1
1 4 51 10000 1
7 8 170 70000 1
2 7 42 20000 1
2 6 54 20000 1
5 2 61 50000 1
5 4 78 50000 1
2 1 34 16420 0
4 6 87 40000 1
1 1 22 6505 0
6 9 71 60000 1
3 10 86 30000 1
29 1 105 290000 1
17 1 59 75195 0
170 6 1933 1700000 1
7 1 34 38470 0
1 6 65 10000 1
1 1 41 9828 0
1 3 35 10000 1
3 6 52 30000 1
182 7 3347 1820000 1
1 7 42 10000 1
3 2 49 30000 1
4 1 47 30909 0
8 7 154 80000 1
195 2 1047 1950000 1
148 1 34 59203 0
1 7 60 10000 1
1 10 34 10000 1
1 4 37 10000 1
5 1 34 32536 0
17 2 118 170000 1
8 2 68 80000 1
10 1 49 45062 0
1 10 36 10000 1
20 1 41 86162 0
1 1 25 6430 0
5 8 104 50000 1
1 2 51 10000 1
118 11 1559 1180000 1
2 1 33 9168 0
3 9 67 30000 1
1 9 41 10000 1
58 4 491 580000 1
1 5 41 10000 1
3 2 52 30000 1
3 4 62 30000 1
69 1 227 690000 1
1 4 31 10000 1
11 1 64 110000 1
200 6 1588 2000000 1
1 4 43 10000 1
1 9 45 10000 1
63 1 74 176420 0
1 5 28 10000 1
22 9 376 220000 1
11 1 97 110000 1
26 9 388 260000 1
144 3 1149 1440000 1
1 10 50 10000 1
215 2 1179 2150000 1
1 7 52 10000 1
13 5 190 130000 1
232 1 23 31294 0
1 3 39 10000 1
1 10 39 10000 1
5 1 48 49087 0
1 2 45 10000 1
2 1 36 17358 0
94 2 518 940000 1
43 10 599 430000 1
1 1 26 8177 0
17 10 289 170000 1
13 8 175 130000 1
1 1 24 6127 0
2 6 60 20000 1
4 5 58 40000 1
1 5 39 10000 1
18 7 356 180000 1
1 3 46 10000 1
186 4 999 1860000 1
61 5 634 610000 1
198 4 2090 1980000 1
31 1 45 89424 0
16 2 112 160000 1
88 7 1265 880000 1
1 5 46 10000 1
23 1 41 79166 0
12 1 31 57515 0
105 4 574 1050000 1
1 1 36 8690 0
6 1 25 23880 0
42 1 24 34982 0
