2 0.73078125
7 1.43573660714
6 1.1987244898
4 1.2680078125
4 0.868055555556
3 0.904046474359
3 0.822368421053
3 0.5859375
4 1.27551020408
3 0.719732142857
2 0.75703125
7 1.3671875
4 1.07548076923
1 0.300480769231
2 0.372023809524
3 0.868055555556
5 1.78225806452
7 1.33384146341
1 0.3478125
4 1.20152853261
5 1.968375
5 0.813802083333
2 0.860383064516
1 0.347222222222
3 0.956632653061
5 0.716743119266
4 0.856164383562
2 0.710227272727
2 0.762195121951
8 1.10619469027
5 1.48059210526
2 0.726744186047
6 1.51209677419
7 0.942887931034
2 0.714322916667
5 1.636
3 1.11607142857
1 0.339673913043
3 0.9765625
6 1.8536637931
3 0.732421875
5 0.840053763441
3 0.347222222222
5 0.908430232558
2 0.780363175676
4 0.856164383562
4 0.710227272727
1 0.381097560976
5 0.952743902439
3 0.564759036145
6 0.768442622951
7 1.06189320388
3 1.01809895833
6 1.21753246753
4 1.04166666667
2 0.538793103448
3 0.558035714286
1 0.392708333333
1 0.363372093023
6 0.551470588235
7 0.951086956522
6 0.78125
6 1.05337078652
4 1.38888888889
6 1.25
4 1.13636363636
2 0.7938125
3 0.78125
4 0.657894736842
1 0.370081018519
4 1.44990234375
6 0.956632653061
3 0.822575431034
5 0.831117021277
2 0.892857142857
1 0.3125
1 0.442487980769
5 0.615157480315
7 1.09375
7 1.01273148148
2 0.446428571429
6 0.808189655172
5 1.23299418605
4 0.961538461538
6 1.7340320122
4 0.961538461538
8 1.38888888889
5 0.716743119266
3 0.578703703704
5 1.56371527778
2 0.538793103448
7 1.24289772727
3 0.794491525424
7 1.11607142857
4 0.856164383562
2 0.376506024096
7 1.4359375
7 2.10775240385
3 0.689338235294
2 0.726744186047
5 0.667735042735
4 0.625
2 0.78125
3 0.459558823529
5 1.42045454545
2 0.936820652174
6 0.9765625
7 1.51909722222
4 0.811688311688
6 1.44230769231
6 2.00404829545
7 1.65021701389
2 0.871814903846
3 0.520833333333
3 0.837053571429
3 0.43004587156
3 0.564759036145
3 0.642123287671
7 1.13932291667
2 0.446428571429
2 0.473484848485
1 0.274122807018
5 1.10107638889
2 0.589622641509
7 0.810185185185
5 1.52433035714
6 0.997340425532
4 1.20192307692
3 0.578703703704
6 1.32042253521
6 1.06534090909
2 0.694444444444
4 0.710227272727
7 1.05168269231
7 1.11607142857
6 1.76684966216
1 0.339673913043
5 1.0954184322
2 0.726744186047
7 1.38449367089
6 0.919117647059
1 0.502835648148
2 0.801282051282
6 1.01902173913
5 1.49588647959
8 1.32978723404
6 0.815217391304
6 1.12951807229
7 1.2990625
5 0.789141414141
3 0.51510989011
1 0.403489583333
3 0.744047619048
3 0.59335443038
3 0.808189655172
2 0.452898550725
6 1.56466733871
2 0.868055555556
5 0.868055555556
7 0.792572463768
2 0.679347826087
7 1.78526785714
6 2.05539772727
7 1.41158854167
4 0.833333333333
5 1.10035211268
7 0.896516393443
1 0.30637254902
6 1.54403935185
6 1.39925373134
6 0.815217391304
1 0.30637254902
7 0.643382352941
2 0.744047619048
2 0.578703703704
5 1.28073770492
5 1.0016025641
2 0.754595588235
4 0.718390804598
1 0.462002840909
6 1.32042253521
3 0.545058139535
29 4.31547619048
17 1.99139300847
170 1.37415933782
7 1.76792279412
1 0.240384615385
1 0.374542682927
1 0.446428571429
3 0.901442307692
182 0.849641469973
1 0.372023809524
3 0.956632653061
4 1.02755984043
8 0.811688311688
195 2.91010028653
148 2.72072610294
1 0.260416666667
1 0.459558823529
1 0.422297297297
5 1.49522058824
17 2.25105932203
8 1.83823529412
10 1.43692602041
1 0.434027777778
20 3.28361280488
1 0.401875
5 0.751201923077
1 0.30637254902
118 1.18264913406
2 0.434090909091
3 0.699626865672
1 0.381097560976
58 1.84572301426
1 0.381097560976
3 0.901442307692
3 0.756048387097
69 4.74944933921
1 0.504032258065
11 2.685546875
200 1.96788413098
1 0.363372093023
1 0.347222222222
63 3.72508445946
1 0.558035714286
22 0.914228723404
11 1.77190721649
26 1.04703608247
144 1.95822454308
1 0.3125
215 2.84934266327
1 0.300480769231
13 1.06907894737
232 2.12595108696
1 0.400641025641
1 0.400641025641
5 1.59788411458
1 0.347222222222
2 0.753385416667
94 2.83542471042
43 1.12166110184
1 0.49140625
17 0.919117647059
13 1.16071428571
1 0.398893229167
2 0.520833333333
4 1.0775862069
1 0.400641025641
18 0.790028089888
1 0.339673913043
186 2.90915915916
61 1.50335173502
198 1.48026315789
31 3.105
16 2.23214285714
88 1.08695652174
1 0.339673913043
23 3.01699695122
12 2.89894153226
105 2.85823170732
1 0.377170138889
6 1.4925
42 2.27747395833
