5 14 305 12200 0
5 39 368 14720 0
3 31 334 13360 0
5 22 271 10840 0
6 24 308 12320 0
1 17 178 7120 0
1 10 86 3440 0
5 9 99 3960 0
6 48 674 26960 0
3 23 263 10520 0
1 25 212 8480 0
2 33 196 7840 0
4 39 486 19440 0
3 27 226 9040 0
4 24 272 10880 0
1 24 121 4840 0
6 6 84 3360 0
4 1 16 640 0
2 28 278 11120 0
6 36 424 16960 0
6 33 401 16040 0
1 30 250 10000 1
4 71 615 24600 0
1 27 250 10000 1
3 16 165 6600 0
3 23 286 11440 0
1 1 7 280 0
6 18 235 9400 0
5 16 179 7160 0
6 41 551 22040 0
5 25 334 13360 0
2 23 173 6920 0
3 9 111 4440 0
4 20 201 8040 0
3 27 216 8640 0
1 7 72 2880 0
5 29 328 13120 0
4 18 243 9720 0
1 15 123 4920 0
3 75 672 26880 0
5 16 210 8400 0
5 22 262 10480 0
5 21 299 11960 0
6 86 1380 55200 0
5 24 375 15000 0
3 11 198 7920 0
2 7 61 2440 0
6 41 495 19800 0
2 26 188 7520 0
4 6 83 3320 0
4 38 308 12320 0
4 13 125 5000 0
2 18 185 7400 0
3 49 486 19440 0
1 30 203 8120 0
1 26 147 5880 0
1 28 156 6240 0
1 22 161 6440 0
5 27 221 8840 0
6 27 310 12400 0
6 11 102 4080 0
4 13 146 5840 0
4 96 824 32960 0
1 28 228 9120 0
2 54 402 16080 0
4 23 232 9280 0
5 42 649 25960 0
4 28 295 11800 0
2 18 137 5480 0
3 24 286 11440 0
4 25 258 10320 0
4 44 406 16240 0
3 13 190 7600 0
6 19 218 8720 0
3 20 143 5720 0
4 46 451 18040 0
2 12 115 4600 0
6 14 296 11840 0
4 27 274 10960 0
3 31 198 7920 0
2 13 125 5000 0
5 24 300 12000 0
3 51 437 17480 0
2 19 178 7120 0
5 9 82 3280 0
2 1 14 560 0
3 31 351 14040 0
2 29 300 12000 0
3 27 268 10720 0
2 12 63 2520 0
5 9 159 6360 0
4 139 1000 40000 1
5 11 223 8920 0
4 4 54 2160 0
4 39 267 10680 0
1 33 250 10000 1
3 25 292 11680 0
2 1 13 520 0
1 13 124 4960 0
1 31 212 8480 0
4 5 61 2440 0
4 19 197 7880 0
5 43 509 20360 0
4 56 562 22480 0
5 20 236 9440 0
6 34 449 17960 0
3 20 207 8280 0
2 31 256 10240 0
5 25 353 14120 0
3 13 159 6360 0
2 19 178 7120 0
4 3 32 1280 0
4 41 518 20720 0
1 9 79 3160 0
5 10 85 3400 0
3 15 159 6360 0
2 17 117 4680 0
1 16 92 3680 0
5 18 274 10960 0
4 19 201 8040 0
1 20 175 7000 0
4 19 220 8800 0
2 20 130 5200 0
3 1 13 520 0
3 5 56 2240 0
2 21 258 10320 0
3 8 123 4920 0
2 26 192 7680 0
1 48 250 10000 1
5 19 213 8520 0
3 35 352 14080 0
1 11 113 4520 0
3 34 255 10200 0
2 17 191 7640 0
3 1 21 840 0
5 7 98 3920 0
4 40 397 15880 0
6 6 59 2360 0
2 42 500 20000 1
1 1 11 440 0
2 92 500 20000 1
5 28 358 14320 0
4 27 366 14640 0
4 23 232 9280 0
4 35 381 15240 0
5 34 502 20080 0
5 16 263 10520 0
1 7 34 1360 0
2 18 157 6280 0
5 19 193 7720 0
1 6 47 1880 0
4 37 415 16600 0
4 6 75 3000 0
5 14 225 9000 0
4 25 342 13680 0
2 16 169 6760 0
4 21 246 9840 0
4 72 839 33560 0
2 56 396 15840 0
3 40 436 17440 0
4 33 448 17920 0
6 20 238 9520 0
4 22 221 8840 0
2 30 306 12240 0
5 27 374 14960 0
2 33 250 10000 0
4 8 102 4080 0
3 31 309 12360 0
4 4 46 1840 0
4 33 394 15760 0
2 29 223 8920 0
4 19 239 9560 0
1 16 186 7440 0
3 30 318 12720 0
5 29 473 18920 0
4 13 167 6680 0
2 21 236 9440 0
3 20 173 6920 0
3 56 629 25160 0
1 23 212 8480 0
4 18 204 8160 0
5 140 1250 50000 1
1 35 248 9920 0
48 15 438 17520 0
57 30 1295 51800 0
180 15 226 9040 0
1 25 159 6360 0
23 35 1362 54480 0
1 25 183 7320 0
1 29 200 8000 0
70 39 1151 46040 0
122 29 1113 44520 0
30 27 958 38320 0
3 12 156 6240 0
65 9 265 10600 0
33 20 354 14160 0
19 19 771 30840 0
48 3 117 4680 0
8 32 406 16240 0
1 5 50 2000 0
104 7 168 6720 0
5 25 278 11120 0
1 18 72 2880 0
1 31 226 9040 0
1 14 129 5160 0
13 15 285 11400 0
1 13 97 3880 0
9 27 384 15360 0
148 62 1691 67640 0
1 23 109 4360 0
1 24 250 10000 1
1 19 122 4880 0
1 13 71 2840 0
1 22 174 6960 0
25 37 1327 53080 0
2 23 173 6920 0
185 26 440 17600 0
4 16 216 8640 0
11 20 275 11000 0
10 4 104 4160 0
13 19 383 15320 0
4 19 252 10080 0
1 5 49 1960 0
4 23 307 12280 0
79 5 103 4120 0
156 18 270 10800 0
3 30 315 12600 0
5 6 104 4160 0
1 50 250 10000 1
1 10 111 4440 0
1 10 71 2840 0
1 17 130 5200 0
2 20 215 8600 0
1 36 250 10000 1
1 34 182 7280 0
1 28 250 10000 1
5 19 354 14160 0
11 118 2103 84120 0
2 24 209 8360 0
18 17 217 8680 0
1 8 56 2240 0
43 17 333 13320 0
4 22 318 12720 0
21 18 567 22680 0
1 32 230 9200 0
18 24 604 24160 0
128 1 25 1000 0
2 18 143 5720 0
77 17 810 32400 0
34 23 501 20040 0
1 18 137 5480 0
5 22 317 12680 0
7 23 411 16440 0
1 13 107 4280 0
1 10 69 2760 0
6 5 76 3040 0
1 44 250 10000 1
8 35 547 21880 0
1 22 173 6920 0
12 21 375 15000 0
36 25 527 21080 0
1 22 134 5360 0
5 17 186 7440 0
