5 1.0
5 1.0
3 1.0
5 1.0
6 1.0
1 1.0
1 1.0
5 1.0
6 1.0
3 1.0
1 1.0
2 1.0
4 1.0
3 1.0
4 1.0
1 1.0
6 1.0
4 1.0
2 1.0
6 1.0
6 1.0
1 1.0
4 1.0
1 1.0
3 1.0
3 1.0
1 1.0
6 1.0
5 1.0
6 1.0
5 1.0
2 1.0
3 1.0
4 1.0
3 1.0
1 1.0
5 1.0
4 1.0
1 1.0
3 1.0
5 1.0
5 1.0
5 1.0
6 1.0
5 1.0
3 1.0
2 1.0
6 1.0
2 1.0
4 1.0
4 1.0
4 1.0
2 1.0
3 1.0
1 1.0
1 1.0
1 1.0
1 1.0
5 1.0
6 1.0
6 1.0
4 1.0
4 1.0
1 1.0
2 1.0
4 1.0
5 1.0
4 1.0
2 1.0
3 1.0
4 1.0
4 1.0
3 1.0
6 1.0
3 1.0
4 1.0
2 1.0
6 1.0
4 1.0
3 1.0
2 1.0
5 1.0
3 1.0
2 1.0
5 1.0
2 1.0
3 1.0
2 1.0
3 1.0
2 1.0
5 1.0
4 1.0
5 1.0
4 1.0
4 1.0
1 1.0
3 1.0
2 1.0
1 1.0
1 1.0
4 1.0
4 1.0
5 1.0
4 1.0
5 1.0
6 1.0
3 1.0
2 1.0
5 1.0
3 1.0
2 1.0
4 1.0
4 1.0
1 1.0
5 1.0
3 1.0
2 1.0
1 1.0
5 1.0
4 1.0
1 1.0
4 1.0
2 1.0
3 1.0
3 1.0
2 1.0
3 1.0
2 1.0
1 1.0
5 1.0
3 1.0
1 1.0
3 1.0
2 1.0
3 1.0
5 1.0
4 1.0
6 1.0
2 1.0
1 1.0
2 1.0
5 1.0
4 1.0
4 1.0
4 1.0
5 1.0
5 1.0
1 1.0
2 1.0
5 1.0
1 1.0
4 1.0
4 1.0
5 1.0
4 1.0
2 1.0
4 1.0
4 1.0
2 1.0
3 1.0
4 1.0
6 1.0
4 1.0
2 1.0
5 1.0
2 1.0
4 1.0
3 1.0
4 1.0
4 1.0
2 1.0
4 1.0
1 1.0
3 1.0
5 1.0
4 1.0
2 1.0
3 1.0
3 1.0
1 1.0
4 1.0
5 1.0
1 1.0
48 1.0
57 1.0
180 1.0
1 1.0
23 1.0
1 1.0
1 1.0
70 1.0
122 1.0
30 1.0
3 1.0
65 1.0
33 1.0
19 1.0
48 1.0
8 1.0
1 1.0
104 1.0
5 1.0
1 1.0
1 1.0
1 1.0
13 1.0
1 1.0
9 1.0
148 1.0
1 1.0
1 1.0
1 1.0
1 1.0
1 1.0
25 1.0
2 1.0
185 1.0
4 1.0
11 1.0
10 1.0
13 1.0
4 1.0
1 1.0
4 1.0
79 1.0
156 1.0
3 1.0
5 1.0
1 1.0
1 1.0
1 1.0
1 1.0
2 1.0
1 1.0
1 1.0
1 1.0
5 1.0
11 1.0
2 1.0
18 1.0
1 1.0
43 1.0
4 1.0
21 1.0
1 1.0
18 1.0
128 1.0
2 1.0
77 1.0
34 1.0
1 1.0
5 1.0
7 1.0
1 1.0
1 1.0
6 1.0
1 1.0
8 1.0
1 1.0
12 1.0
36 1.0
1 1.0
5 1.0
