2 1 47 4512 0
2 12 210 20000 1
4 38 420 40000 1
3 1 32 3072 0
1 10 105 10000 1
3 11 315 30000 1
3 20 315 30000 1
2 11 210 20000 1
3 15 315 30000 1
2 25 210 20000 1
3 12 315 30000 1
2 18 210 20000 1
2 22 210 20000 1
5 26 525 50000 1
1 6 100 9600 0
5 5 183 17488 0
3 26 315 30000 1
2 27 210 20000 1
2 28 210 20000 1
4 7 188 17968 0
6 5 130 12480 0
2 8 210 20000 1
6 28 630 60000 1
4 9 345 32880 0
4 34 420 40000 1
2 14 210 20000 1
5 6 182 17392 0
4 23 420 40000 1
5 14 501 47776 0
4 15 411 39216 0
5 24 525 50000 1
4 37 420 40000 1
1 14 105 10000 1
4 2 58 5568 0
1 12 105 10000 1
3 19 315 30000 1
4 11 221 21136 0
4 34 420 40000 1
2 18 210 20000 1
3 4 117 11232 0
5 25 525 50000 1
4 15 411 39216 0
4 15 338 32288 0
6 11 257 24592 0
5 13 483 46048 0
6 27 630 60000 1
5 5 184 17584 0
6 14 501 47776 0
2 25 210 20000 1
1 9 105 10000 1
6 1 41 3936 0
2 8 210 20000 1
4 6 125 12000 0
2 11 210 20000 1
4 23 420 40000 1
2 2 44 4224 0
6 22 523 49888 0
2 21 210 20000 1
2 7 210 20000 1
2 8 210 20000 1
1 7 105 10000 1
1 6 105 10000 1
6 9 203 19408 0
1 15 105 10000 1
5 10 356 34016 0
6 21 521 49696 0
5 44 525 50000 1
5 22 525 50000 1
4 5 96 9216 0
5 8 205 19600 0
4 21 420 40000 1
4 16 420 40000 1
6 4 131 12576 0
2 13 210 20000 1
5 10 218 20848 0
5 22 525 50000 1
3 7 154 14704 0
1 18 105 10000 1
2 4 156 14896 0
5 9 259 24784 0
4 62 420 40000 1
1 1 30 2880 0
3 19 315 30000 1
6 7 244 23344 0
6 26 630 60000 1
3 18 226 21616 0
3 3 92 8832 0
3 29 315 30000 1
3 12 315 30000 1
5 6 144 13744 0
4 34 420 40000 1
3 1 36 3456 0
6 24 630 60000 1
3 24 315 30000 1
6 5 184 17584 0
3 6 212 20272 0
3 5 123 11808 0
4 7 310 29600 0
1 23 105 10000 1
1 12 105 10000 1
1 8 105 10000 1
3 14 315 30000 1
1 16 105 10000 1
5 1 36 3456 0
1 2 55 5280 0
3 20 315 30000 1
6 5 129 12384 0
2 1 26 2496 0
5 8 238 22768 0
2 12 210 20000 1
5 3 170 16240 0
6 15 389 37184 0
6 16 370 35360 0
4 24 420 40000 1
1 3 66 6336 0
1 1 20 1920 0
2 10 190 18160 0
5 5 310 29600 0
2 2 95 9120 0
4 19 420 40000 1
4 44 420 40000 1
3 4 100 9600 0
2 24 210 20000 1
3 7 163 15568 0
3 23 315 30000 1
3 18 315 30000 1
6 33 630 60000 1
6 2 79 7584 0
4 13 322 30752 0
1 6 105 10000 1
4 6 193 18448 0
6 14 443 42288 0
2 13 210 20000 1
5 1 47 4512 0
2 24 210 20000 1
2 28 210 20000 1
5 1 47 4512 0
2 23 210 20000 1
6 2 84 8064 0
2 11 210 20000 1
5 30 525 50000 1
1 19 105 10000 1
4 11 262 24992 0
1 20 105 10000 1
4 8 244 23344 0
1 2 70 6720 0
6 9 235 22480 0
5 6 160 15280 0
4 38 420 40000 1
6 1 31 2976 0
2 6 111 10656 0
3 39 315 30000 1
3 20 315 30000 1
5 1 56 5376 0
5 1 32 3072 0
2 2 57 5472 0
5 11 525 50000 1
1 19 105 10000 1
1 14 105 10000 1
1 1 28 2688 0
2 25 210 20000 1
4 19 374 35664 0
3 23 315 30000 1
3 21 315 30000 1
2 11 210 20000 1
5 34 525 50000 1
1 3 105 10000 1
3 26 315 30000 1
2 7 147 14032 0
1 1 47 4512 0
5 12 343 32768 0
4 27 420 40000 1
2 10 209 19984 0
4 1 32 3072 0
6 15 484 46224 0
4 3 78 7488 0
4 30 420 40000 1
2 19 210 20000 1
6 18 562 53632 0
6 13 344 32864 0
2 21 210 20000 1
4 12 420 40000 1
1 1 27 2592 0
135 55 14175 1350000 1
2 3 122 11632 0
1 2 79 7584 0
1 25 105 10000 1
1 11 105 10000 1
11 17 425 40640 0
1 1 31 2976 0
5 21 525 50000 1
26 11 335 32080 0
19 25 1363 130208 0
1 2 55 5280 0
2 2 56 5376 0
1 2 51 4896 0
35 17 503 48128 0
72 21 1666 159216 0
3 19 315 30000 1
90 17 910 87040 0
117 29 1859 177264 0
1 21 105 10000 1
1 18 105 10000 1
48 17 814 77904 0
1 10 105 10000 1
36 1 32 3072 0
1 17 105 10000 1
2 26 210 20000 1
1 16 105 10000 1
1 4 72 6912 0
1 12 105 10000 1
1 10 105 10000 1
6 1 39 3744 0
140 7 260 24880 0
1 2 65 6240 0
111 2 165 15840 0
36 24 1016 97136 0
1 18 105 10000 1
1 10 105 10000 1
1 2 76 7296 0
31 26 1142 109152 0
20 22 1654 157984 0
130 15 458 43808 0
81 10 287 27392 0
161 14 573 54768 0
1 1 27 2592 0
1 5 105 10000 1
16 18 1208 115408 0
1 11 105 10000 1
1 1 27 2592 0
50 27 2656 253856 0
30 12 462 44112 0
1 4 105 10000 1
2 7 187 17872 0
1 3 98 9408 0
39 13 1051 100576 0
1 11 105 10000 1
18 26 1839 175264 0
1 25 105 10000 1
1 12 105 10000 1
9 20 581 55456 0
1 7 105 10000 1
1 7 105 10000 1
4 13 279 26624 0
13 13 790 75520 0
5 14 337 32192 0
6 25 630 60000 1
1 7 105 10000 1
11 13 406 38896 0
71 51 7455 710000 1
3 39 315 30000 1
1 14 105 10000 1
70 18 1444 138144 0
175 8 228 21808 0
2 17 210 20000 1
1 7 105 10000 1
5 12 331 31616 0
35 29 1245 119040 0
4 30 420 40000 1
6 2 98 9408 0
4 21 420 40000 1
1 1 22 2112 0
1 7 105 10000 1
