2 1.0
2 0.992063492063
4 0.992063492063
3 1.0
1 0.992063492063
3 0.992063492063
3 0.992063492063
2 0.992063492063
3 0.992063492063
2 0.992063492063
3 0.992063492063
2 0.992063492063
2 0.992063492063
5 0.992063492063
1 1.0
5 0.995446265938
3 0.992063492063
2 0.992063492063
2 0.992063492063
4 0.995567375887
6 1.0
2 0.992063492063
6 0.992063492063
4 0.992753623188
4 0.992063492063
2 0.992063492063
5 0.995421245421
4 0.992063492063
5 0.993346640053
4 0.993917274939
5 0.992063492063
4 0.992063492063
1 0.992063492063
4 1.0
1 0.992063492063
3 0.992063492063
4 0.996229260935
4 0.992063492063
2 0.992063492063
3 1.0
5 0.992063492063
4 0.993917274939
4 0.995069033531
6 0.996757457847
5 0.993098688751
6 0.992063492063
5 0.995471014493
6 0.993346640053
2 0.992063492063
1 0.992063492063
6 1.0
2 0.992063492063
4 1.0
2 0.992063492063
4 0.992063492063
2 1.0
6 0.993626513703
2 0.992063492063
2 0.992063492063
2 0.992063492063
1 0.992063492063
1 0.992063492063
6 0.995894909688
1 0.992063492063
5 0.99531835206
6 0.993602047345
5 0.992063492063
5 0.992063492063
4 1.0
5 0.99593495935
4 0.992063492063
4 0.992063492063
6 1.0
2 0.992063492063
5 0.996177370031
5 0.992063492063
3 0.994588744589
1 0.992063492063
2 0.994658119658
5 0.996782496782
4 0.992063492063
1 1.0
3 0.992063492063
6 0.996584699454
6 0.992063492063
3 0.996312684366
3 1.0
3 0.992063492063
3 0.992063492063
5 0.994212962963
4 0.992063492063
3 1.0
6 0.992063492063
3 0.992063492063
6 0.995471014493
3 0.99606918239
3 1.0
4 0.994623655914
1 0.992063492063
1 0.992063492063
1 0.992063492063
3 0.992063492063
1 0.992063492063
5 1.0
1 1.0
3 0.992063492063
6 1.0
2 1.0
5 0.99649859944
2 0.992063492063
5 0.995098039216
6 0.995715509854
6 0.995495495495
4 0.992063492063
1 1.0
1 1.0
2 0.995614035088
5 0.994623655914
2 1.0
4 0.992063492063
4 0.992063492063
3 1.0
2 0.992063492063
3 0.994887525562
3 0.992063492063
3 0.992063492063
6 0.992063492063
6 1.0
4 0.994824016563
1 0.992063492063
4 0.995682210708
6 0.994356659142
2 0.992063492063
5 1.0
2 0.992063492063
2 0.992063492063
5 1.0
2 0.992063492063
6 1.0
2 0.992063492063
5 0.992063492063
1 0.992063492063
4 0.993638676845
1 0.992063492063
4 0.996584699454
1 1.0
6 0.996453900709
5 0.994791666667
4 0.992063492063
6 1.0
2 1.0
3 0.992063492063
3 0.992063492063
5 1.0
5 1.0
2 1.0
5 0.992063492063
1 0.992063492063
1 0.992063492063
1 1.0
2 0.992063492063
4 0.993315508021
3 0.992063492063
3 0.992063492063
2 0.992063492063
5 0.992063492063
1 0.992063492063
3 0.992063492063
2 0.99433106576
1 1.0
5 0.995140913508
4 0.992063492063
2 0.996012759171
4 1.0
6 0.994834710744
4 1.0
4 0.992063492063
2 0.992063492063
6 0.994068801898
6 0.99515503876
2 0.992063492063
4 0.992063492063
1 1.0
135 0.992063492063
2 0.993169398907
1 1.0
1 0.992063492063
1 0.992063492063
11 0.996078431373
1 1.0
5 0.992063492063
26 0.997512437811
19 0.995108828564
1 1.0
2 1.0
1 1.0
35 0.996686547382
72 0.99549819928
3 0.992063492063
90 0.996336996337
117 0.993275954814
1 0.992063492063
1 0.992063492063
48 0.996928746929
1 0.992063492063
36 1.0
1 0.992063492063
2 0.992063492063
1 0.992063492063
1 1.0
1 0.992063492063
1 0.992063492063
6 1.0
140 0.996794871795
1 1.0
111 1.0
36 0.995898950131
1 0.992063492063
1 0.992063492063
1 1.0
31 0.995621716287
20 0.994961708988
130 0.996360989811
81 0.994192799071
161 0.995636998255
1 1.0
1 0.992063492063
16 0.995171081678
1 0.992063492063
1 1.0
50 0.995607429719
30 0.994588744589
1 0.992063492063
2 0.995543672014
1 1.0
39 0.99682841738
1 0.992063492063
18 0.992749682799
1 0.992063492063
1 0.992063492063
9 0.994262765347
1 0.992063492063
1 0.992063492063
4 0.994026284349
13 0.995780590717
5 0.995054401583
6 0.992063492063
1 0.992063492063
11 0.997947454844
71 0.992063492063
3 0.992063492063
1 0.992063492063
70 0.996537396122
175 0.99634502924
2 0.992063492063
1 0.992063492063
5 0.994964753273
35 0.995983935743
4 0.992063492063
6 1.0
4 0.992063492063
1 1.0
1 0.992063492063
