1 1.0
1 1.0
5 1.0
1 1.0
2 1.0
5 1.0
4 1.0
3 1.0
4 1.0
4 1.0
1 1.0
2 1.0
4 1.0
5 1.0
6 1.0
5 1.0
4 1.0
2 1.0
1 1.0
2 1.0
2 1.0
5 1.0
3 1.0
3 1.0
2 1.0
5 1.0
5 1.0
6 1.0
2 1.0
1 1.0
2 1.0
3 1.0
5 1.0
1 1.0
3 1.0
1 1.0
4 1.0
6 1.0
3 1.0
3 1.0
6 1.0
3 1.0
4 1.0
4 1.0
2 1.0
6 1.0
5 1.0
1 1.0
3 1.0
5 1.0
6 1.0
5 1.0
4 1.0
4 1.0
3 1.0
4 1.0
4 1.0
3 1.0
2 1.0
5 1.0
3 1.0
2 1.0
3 1.0
6 1.0
5 1.0
2 1.0
3 1.0
3 1.0
2 1.0
6 1.0
2 1.0
5 1.0
3 1.0
2 1.0
3 1.0
2 1.0
5 1.0
4 1.0
4 1.0
4 1.0
3 1.0
5 1.0
3 1.0
6 1.0
6 1.0
4 1.0
4 1.0
2 1.0
4 1.0
6 1.0
4 1.0
2 1.0
6 1.0
5 1.0
6 1.0
6 1.0
3 1.0
5 1.0
6 1.0
4 1.0
4 1.0
2 1.0
4 1.0
1 1.0
4 1.0
1 1.0
2 1.0
6 1.0
3 1.0
1 1.0
5 1.0
5 1.0
5 1.0
3 1.0
3 1.0
1 1.0
5 1.0
6 1.0
4 1.0
3 1.0
3 1.0
4 1.0
5 1.0
1 1.0
1 1.0
2 1.0
5 1.0
2 1.0
1 1.0
4 1.0
2 1.0
4 1.0
5 1.0
2 1.0
3 1.0
2 1.0
5 1.0
3 1.0
2 1.0
3 1.0
4 1.0
4 1.0
3 1.0
5 1.0
3 1.0
2 1.0
3 1.0
1 1.0
4 1.0
2 1.0
2 1.0
4 1.0
2 1.0
2 1.0
2 1.0
6 1.0
4 1.0
1 1.0
1 1.0
5 1.0
1 1.0
6 1.0
4 1.0
3 1.0
5 1.0
3 1.0
1 1.0
2 1.0
3 1.0
3 1.0
6 1.0
3 1.0
2 1.0
4 1.0
5 1.0
2 1.0
3 1.0
3 1.0
4 1.0
4 1.0
5 1.0
1 1.0
1 1.0
1 1.0
146 1.0
1 1.0
83 1.0
25 1.0
4 1.0
10 1.0
3 1.0
1 1.0
11 1.0
1 1.0
131 1.0
5 1.0
1 1.0
152 1.0
1 1.0
16 1.0
1 1.0
19 1.0
2 1.0
1 1.0
1 1.0
2 1.0
81 1.0
1 1.0
7 1.0
24 1.0
1 1.0
1 1.0
1 1.0
9 1.0
95 1.0
16 1.0
1 1.0
1 1.0
1 1.0
157 1.0
116 1.0
1 1.0
106 1.0
45 1.0
177 1.0
3 1.0
2 1.0
36 1.0
1 1.0
54 1.0
51 1.0
5 1.0
5 1.0
1 1.0
1 1.0
1 1.0
6 1.0
2 1.0
1 1.0
1 1.0
1 1.0
4 1.0
62 1.0
6 1.0
60 1.0
10 1.0
78 1.0
1 1.0
133 1.0
2 1.0
1 1.0
2 1.0
24 1.0
27 1.0
124 1.0
9 1.0
1 1.0
2 1.0
3 1.0
12 1.0
34 1.0
1 1.0
1 1.0
