2 1 7 5040 0
4 33 56 40000 1
3 17 42 30000 1
4 39 56 40000 1
6 23 84 60000 1
2 10 28 20000 1
3 18 42 30000 1
4 5 25 18000 0
4 11 43 30880 0
5 9 70 50000 1
4 3 26 18640 0
5 1 5 3600 0
3 21 42 30000 1
3 5 42 30000 1
5 4 20 14400 0
3 1 6 4320 0
1 11 14 10000 1
5 12 70 50000 1
1 2 14 10000 1
3 21 42 30000 1
2 6 28 20000 1
5 10 70 50000 1
2 15 28 20000 1
6 21 84 60000 1
4 20 56 40000 1
2 15 28 20000 1
3 16 42 30000 1
4 4 24 17280 0
6 1 5 3600 0
3 1 6 4320 0
6 19 84 60000 1
2 6 28 20000 1
1 1 5 3600 0
1 4 14 10000 1
2 18 28 20000 1
5 15 70 50000 1
5 33 70 50000 1
6 6 25 18000 0
2 22 28 20000 1
3 2 12 8640 0
3 1 6 4320 0
4 37 56 40000 1
3 8 40 28720 0
5 1 6 4320 0
1 1 5 3600 0
1 4 14 10000 1
3 12 42 30000 1
4 9 53 37920 0
1 6 14 10000 1
2 11 28 20000 1
1 2 14 10000 1
1 11 14 10000 1
3 20 42 30000 1
5 10 63 45360 0
5 18 70 50000 1
3 3 18 12960 0
4 23 56 40000 1
4 10 52 37280 0
3 3 34 24320 0
5 15 70 50000 1
4 12 45 32240 0
6 28 84 60000 1
3 15 42 30000 1
4 11 56 40000 1
5 1 9 6480 0
5 3 18 12960 0
4 2 14 10080 0
6 11 58 41520 0
4 1 7 5040 0
3 13 42 30000 1
6 4 20 14400 0
6 5 35 25200 0
2 1 12 8640 0
3 22 42 30000 1
6 7 42 30240 0
1 11 14 10000 1
4 4 43 30800 0
3 4 24 17280 0
2 4 28 20000 1
2 1 7 5040 0
6 14 55 39520 0
2 9 28 20000 1
6 12 84 60000 1
5 4 36 25840 0
5 31 70 50000 1
4 6 39 28080 0
5 21 70 50000 1
2 13 28 20000 1
1 6 14 10000 1
4 18 56 40000 1
5 18 70 50000 1
5 35 70 50000 1
1 7 14 10000 1
2 7 28 20000 1
2 9 28 20000 1
4 5 44 31600 0
6 6 59 42480 0
4 2 20 14400 0
1 3 14 10000 1
3 8 42 30000 1
6 9 41 29360 0
6 7 76 54560 0
1 1 7 5040 0
4 23 56 40000 1
4 2 16 11520 0
5 14 59 42320 0
5 6 41 29520 0
4 1 7 5040 0
3 4 28 20160 0
4 21 56 40000 1
3 21 42 30000 1
3 1 7 5040 0
2 19 28 20000 1
2 18 28 20000 1
3 12 42 30000 1
1 5 14 10000 1
2 3 17 12160 0
6 41 84 60000 1
3 1 9 6480 0
2 4 28 20000 1
2 2 16 11520 0
3 6 40 28720 0
3 17 42 30000 1
4 5 56 40000 1
4 2 10 7200 0
1 5 14 10000 1
3 2 14 10080 0
1 2 12 8640 0
6 10 84 60000 1
5 16 70 50000 1
1 7 14 10000 1
4 15 56 40000 1
3 1 8 5760 0
4 27 56 40000 1
1 1 7 5040 0
4 34 56 40000 1
5 6 36 25760 0
4 5 49 35200 0
3 12 42 30000 1
1 10 14 10000 1
3 2 10 7200 0
3 21 42 30000 1
5 12 59 42400 0
4 1 7 5040 0
5 15 70 50000 1
5 28 70 50000 1
6 16 84 60000 1
4 20 56 40000 1
2 22 28 20000 1
1 1 5 3600 0
5 24 70 50000 1
6 5 25 18000 0
4 9 47 33840 0
4 26 56 40000 1
1 10 14 10000 1
5 4 32 22960 0
2 1 8 5760 0
5 9 52 37360 0
2 12 28 20000 1
5 4 30 21600 0
1 12 14 10000 1
2 25 28 20000 1
4 36 56 40000 1
2 9 28 20000 1
2 14 28 20000 1
4 11 56 40000 1
3 13 42 30000 1
2 6 28 20000 1
1 1 6 4320 0
3 23 42 30000 1
2 4 27 19360 0
6 13 68 48800 0
1 2 14 10000 1
5 20 70 50000 1
3 12 42 30000 1
2 5 22 15760 0
3 11 42 30000 1
6 13 78 56000 0
3 20 42 30000 1
2 2 12 8640 0
1 1 8 5760 0
3 17 42 30000 1
97 12 114 81920 0
96 34 267 191440 0
1 4 14 10000 1
5 3 15 10800 0
1 1 11 7920 0
1 2 9 6480 0
2 1 11 7920 0
1 3 14 10000 1
1 1 7 5040 0
1 6 14 10000 1
7 10 57 40960 0
2 9 28 20000 1
3 9 42 30000 1
1 1 12 8640 0
72 15 154 110640 0
1 1 6 4320 0
3 10 42 30000 1
1 5 14 10000 1
4 4 50 35760 0
115 31 190 136160 0
11 35 154 110000 1
11 15 117 83760 0
70 15 146 104880 0
29 1 5 3600 0
3 1 6 4320 0
137 34 440 315520 0
187 30 366 262800 0
6 37 84 60000 1
102 27 192 137520 0
21 25 205 146960 0
54 47 756 540000 1
1 2 14 10000 1
2 4 28 20000 1
107 30 174 124720 0
1 8 14 10000 1
7 1 5 3600 0
2 10 28 20000 1
93 13 85 61120 0
1 4 14 10000 1
10 26 140 100000 1
48 22 202 144880 0
1 3 14 10000 1
4 9 54 38720 0
5 21 70 50000 1
125 34 533 382160 0
1 8 14 10000 1
8 18 104 74800 0
32 7 56 40320 0
1 1 10 7200 0
1 1 8 5760 0
1 1 5 3600 0
17 35 213 152800 0
1 2 14 10000 1
1 4 14 10000 1
44 25 174 124800 0
1 4 14 10000 1
1 6 14 10000 1
1 2 8 5760 0
1 12 14 10000 1
1 2 14 10000 1
4 8 56 40000 1
1 1 8 5760 0
3 14 42 30000 1
96 25 204 146240 0
3 13 42 30000 1
19 21 118 84800 0
1 8 14 10000 1
1 11 14 10000 1
2 23 28 20000 1
45 17 208 149280 0
110 27 166 119120 0
48 8 35 25120 0
2 16 28 20000 1
5 11 43 30880 0
1 1 5 3600 0
2 4 28 20000 1
5 4 18 12960 0
1 9 14 10000 1
1 2 14 10000 1
1 12 14 10000 1
1 2 14 10000 1
