2 1.0
4 0.992063492063
3 0.992063492063
4 0.992063492063
6 0.992063492063
2 0.992063492063
3 0.992063492063
4 1.0
4 0.997416020672
5 0.992063492063
4 0.995726495726
5 1.0
3 0.992063492063
3 0.992063492063
5 1.0
3 1.0
1 0.992063492063
5 0.992063492063
1 0.992063492063
3 0.992063492063
2 0.992063492063
5 0.992063492063
2 0.992063492063
6 0.992063492063
4 0.992063492063
2 0.992063492063
3 0.992063492063
4 1.0
6 1.0
3 1.0
6 0.992063492063
2 0.992063492063
1 1.0
1 0.992063492063
2 0.992063492063
5 0.992063492063
5 0.992063492063
6 1.0
2 0.992063492063
3 1.0
3 1.0
4 0.992063492063
3 0.997222222222
5 1.0
1 1.0
1 0.992063492063
3 0.992063492063
4 0.993710691824
1 0.992063492063
2 0.992063492063
1 0.992063492063
1 0.992063492063
3 0.992063492063
5 1.0
5 0.992063492063
3 1.0
4 0.992063492063
4 0.995726495726
3 0.993464052288
5 0.992063492063
4 0.995061728395
6 0.992063492063
3 0.992063492063
4 0.992063492063
5 1.0
5 1.0
4 1.0
6 0.994252873563
4 1.0
3 0.992063492063
6 1.0
6 1.0
2 1.0
3 0.992063492063
6 1.0
1 0.992063492063
4 0.994832041344
3 1.0
2 0.992063492063
2 1.0
6 0.99797979798
2 0.992063492063
6 0.992063492063
5 0.996913580247
5 0.992063492063
4 1.0
5 0.992063492063
2 0.992063492063
1 0.992063492063
4 0.992063492063
5 0.992063492063
5 0.992063492063
1 0.992063492063
2 0.992063492063
2 0.992063492063
4 0.997474747475
6 1.0
4 1.0
1 0.992063492063
3 0.992063492063
6 0.994579945799
6 0.997076023392
1 1.0
4 0.992063492063
4 1.0
5 0.996233521657
5 1.0
4 1.0
3 1.0
4 0.992063492063
3 0.992063492063
3 1.0
2 0.992063492063
2 0.992063492063
3 0.992063492063
1 0.992063492063
2 0.993464052288
6 0.992063492063
3 1.0
2 0.992063492063
2 1.0
3 0.997222222222
3 0.992063492063
4 0.992063492063
4 1.0
1 0.992063492063
3 1.0
1 1.0
6 0.992063492063
5 0.992063492063
1 0.992063492063
4 0.992063492063
3 1.0
4 0.992063492063
1 1.0
4 0.992063492063
5 0.993827160494
4 0.997732426304
3 0.992063492063
1 0.992063492063
3 1.0
3 0.992063492063
5 0.998116760829
4 1.0
5 0.992063492063
5 0.992063492063
6 0.992063492063
4 0.992063492063
2 0.992063492063
1 1.0
5 0.992063492063
6 1.0
4 1.0
4 0.992063492063
1 0.992063492063
5 0.996527777778
2 1.0
5 0.997863247863
2 0.992063492063
5 1.0
1 0.992063492063
2 0.992063492063
4 0.992063492063
2 0.992063492063
2 0.992063492063
4 0.992063492063
3 0.992063492063
2 0.992063492063
1 1.0
3 0.992063492063
2 0.995884773663
6 0.996732026144
1 0.992063492063
5 0.992063492063
3 0.992063492063
2 0.994949494949
3 0.992063492063
6 0.997150997151
3 0.992063492063
2 1.0
1 1.0
3 0.992063492063
97 0.998050682261
96 0.995838535164
1 0.992063492063
5 1.0
1 1.0
1 1.0
2 1.0
1 0.992063492063
1 1.0
1 0.992063492063
7 0.998050682261
2 0.992063492063
3 0.992063492063
1 1.0
72 0.997835497835
1 1.0
3 0.992063492063
1 0.992063492063
4 0.993333333333
115 0.995321637427
11 0.992063492063
11 0.994301994302
70 0.997716894977
29 1.0
3 1.0
137 0.99595959596
187 0.997267759563
6 0.992063492063
102 0.994791666667
21 0.99566395664
54 0.992063492063
1 0.992063492063
2 0.992063492063
107 0.995530012771
1 0.992063492063
7 1.0
2 0.992063492063
93 0.998692810458
1 0.992063492063
10 0.992063492063
48 0.996149614961
1 0.992063492063
4 0.995884773663
5 0.992063492063
125 0.995830727538
1 0.992063492063
8 0.998931623932
32 1.0
1 1.0
1 1.0
1 1.0
17 0.996348461137
1 0.992063492063
1 0.992063492063
44 0.996168582375
1 0.992063492063
1 0.992063492063
1 1.0
1 0.992063492063
1 0.992063492063
4 0.992063492063
1 1.0
3 0.992063492063
96 0.995642701525
3 0.992063492063
19 0.998116760829
1 0.992063492063
1 0.992063492063
2 0.992063492063
45 0.996794871795
110 0.996653279786
48 0.996825396825
2 0.992063492063
5 0.997416020672
1 1.0
2 0.992063492063
5 1.0
1 0.992063492063
1 0.992063492063
1 0.992063492063
1 0.992063492063
