2 16 24 15921 0
4 1 2 1700 0
2 15 23 15560 0
5 29 64 46191 0
4 7 21 15179 0
6 20 43 32705 0
6 23 65 46622 0
2 3 3 1965 0
3 16 31 21573 0
1 15 17 10000 1
2 15 27 17275 0
1 1 2 1218 0
2 3 8 5614 0
1 20 17 10000 1
1 6 9 5481 0
5 41 74 50000 1
5 23 45 33409 0
2 12 13 8544 0
5 28 48 34446 0
5 24 50 34953 0
4 30 59 40000 1
5 25 56 39549 0
5 13 24 18330 0
6 23 45 32212 0
2 17 24 15125 0
5 20 50 36477 0
4 38 61 40000 1
5 37 73 50000 1
4 1 3 2395 0
2 14 22 15557 0
4 19 36 24574 0
2 25 32 20000 1
1 20 17 10000 1
6 15 35 25811 0
3 16 35 24301 0
2 27 32 20000 1
6 24 66 49290 0
1 34 17 10000 1
2 30 32 20000 1
4 31 60 40000 1
2 12 20 13035 0
2 25 32 20000 1
1 26 17 10000 1
1 28 17 10000 1
5 26 47 34640 0
3 23 33 22498 0
2 45 32 20000 1
2 16 29 18619 0
4 23 57 40000 1
1 18 17 10000 1
2 52 33 20000 1
2 20 23 15020 0
2 2 4 2813 0
5 29 66 48588 0
4 22 49 33314 0
3 25 44 28609 0
3 31 45 30000 1
2 14 21 14886 0
3 24 38 25597 0
3 14 45 29985 0
5 24 53 38999 0
1 11 15 9135 0
6 15 49 35611 0
1 22 17 10000 1
1 2 4 2436 0
4 14 26 18293 0
3 5 13 10051 0
6 13 28 20830 0
2 6 19 13509 0
5 72 79 50000 1
2 28 33 20000 1
4 2 7 5030 0
3 4 13 9584 0
2 28 32 20000 1
4 14 26 18708 0
5 22 47 33472 0
4 6 10 6925 0
1 9 10 6090 0
4 13 26 18426 0
3 4 12 8325 0
4 14 35 24173 0
4 8 17 12178 0
1 2 5 3045 0
1 21 17 10000 1
5 19 43 32407 0
3 15 33 22230 0
1 37 17 10000 1
2 18 21 13555 0
2 10 12 8137 0
1 7 17 10000 1
1 25 17 10000 1
5 20 46 34269 0
3 26 44 30000 1
5 32 62 44193 0
1 1 2 1218 0
1 16 17 10000 1
2 3 5 3553 0
6 27 73 52023 0
3 20 44 29197 0
4 12 32 21829 0
2 28 31 20000 1
5 31 59 43343 0
4 21 42 28963 0
3 14 32 23361 0
5 34 71 50000 1
2 17 27 17459 0
2 20 32 20000 1
4 21 43 30468 0
4 35 60 40000 1
2 7 8 5194 0
1 19 17 10000 1
4 1 3 2484 0
4 26 48 33028 0
3 30 44 30000 1
6 43 87 60000 1
1 3 4 2436 0
4 26 53 35762 0
3 12 31 21494 0
5 51 73 50000 1
5 14 27 20584 0
5 33 71 50000 1
2 19 24 15781 0
1 8 16 9744 0
2 2 4 2682 0
4 13 32 22731 0
2 10 18 12469 0
6 25 56 42105 0
4 27 59 40000 1
3 15 34 24267 0
4 26 46 31494 0
1 2 3 1827 0
5 15 37 27487 0
2 20 27 16924 0
5 18 36 25714 0
2 10 22 14633 0
2 43 33 20000 1
6 21 49 36988 0
2 1 2 1528 0
1 27 17 10000 1
2 12 19 12617 0
3 7 13 8973 0
2 19 31 20000 1
1 26 17 10000 1
1 31 17 10000 1
3 12 22 14923 0
2 4 6 4451 0
5 10 23 17135 0
5 1 3 2244 0
6 31 80 57678 0
3 37 46 30000 1
1 17 17 10000 1
4 30 60 40000 1
2 10 21 13489 0
5 9 23 17786 0
1 17 17 10000 1
4 39 61 40000 1
1 13 17 10000 1
4 33 61 40000 1
5 20 56 41087 0
6 13 31 22570 0
5 9 28 20277 0
5 22 39 27539 0
5 18 41 30064 0
6 10 20 14527 0
2 3 9 6183 0
2 12 13 8653 0
5 21 37 27769 0
4 5 9 6033 0
5 2 6 4415 0
2 16 32 20000 1
6 15 41 30642 0
1 11 17 10000 1
6 30 84 60000 1
1 6 6 3654 0
3 21 32 20899 0
3 27 45 29048 0
1 18 17 10000 1
1 6 12 7308 0
1 6 7 4263 0
1 18 17 10000 1
6 1 2 1510 0
6 27 58 40806 0
2 28 32 20000 1
1 15 17 10000 1
3 1 2 1537 0
11 16 61 45185 0
20 6 25 20841 0
74 31 218 186172 0
8 6 15 11227 0
2 15 18 11842 0
8 21 60 47739 0
19 40 150 116841 0
1 7 15 9135 0
1 25 17 10000 1
1 11 17 10000 1
1 3 3 1827 0
31 17 101 84924 0
1 25 17 10000 1
4 32 62 40000 1
4 24 42 29167 0
1 10 12 7308 0
129 30 118 88915 0
68 8 36 25314 0
77 14 34 28333 0
1 21 17 10000 1
3 6 11 7760 0
1 4 11 6699 0
73 42 197 152186 0
11 23 74 56370 0
1 16 17 10000 1
1 15 17 10000 1
1 20 17 10000 1
2 40 32 20000 1
1 21 17 10000 1
1 8 16 9744 0
1 8 10 6090 0
1 25 17 10000 1
1 21 17 10000 1
10 13 36 28606 0
1 4 9 5481 0
8 22 73 55330 0
10 15 44 32187 0
1 28 17 10000 1
97 21 69 50642 0
14 19 62 49364 0
53 15 75 57292 0
54 21 74 59295 0
2 34 33 20000 1
1 1 2 1218 0
2 57 31 20000 1
14 23 86 67242 0
9 12 35 27808 0
1 2 5 3045 0
1 15 16 9744 0
4 15 38 26298 0
4 14 34 24615 0
3 5 10 7130 0
15 12 56 45219 0
1 10 12 7308 0
1 39 17 10000 1
1 9 17 10000 1
2 24 32 20000 1
1 15 17 10000 1
85 39 218 177766 0
1 18 17 10000 1
96 14 44 34323 0
2 1 3 2042 0
1 12 16 9744 0
8 28 67 50832 0
1 13 17 10000 1
10 23 71 53035 0
42 12 46 31993 0
1 12 17 10000 1
1 8 17 10000 1
29 26 184 151675 0
1 1 2 1218 0
166 15 73 58472 0
28 18 117 94659 0
1 18 17 10000 1
85 63 1070 850000 1
4 24 45 31550 0
1 18 17 10000 1
2 50 33 20000 1
