2 1.105625
4 1.41666666667
2 1.12753623188
5 1.202890625
4 1.20468253968
6 1.26763565891
6 1.19543589744
2 1.09166666667
3 1.15983870968
1 0.980392156863
2 1.06635802469
1 1.015
2 1.16958333333
1 0.980392156863
1 1.015
5 1.12612612613
5 1.23737037037
2 1.09538461538
5 1.19604166667
5 1.1651
4 1.12994350282
5 1.17705357143
5 1.27291666667
6 1.19303703704
2 1.05034722222
5 1.2159
4 1.09289617486
5 1.14155251142
4 1.33055555556
2 1.17856060606
4 1.13768518519
2 1.04166666667
1 0.980392156863
6 1.2290952381
3 1.15719047619
2 1.04166666667
6 1.2446969697
1 0.980392156863
2 1.04166666667
4 1.11111111111
2 1.08625
2 1.04166666667
1 0.980392156863
1 0.980392156863
5 1.22836879433
3 1.13626262626
2 1.04166666667
2 1.07005747126
4 1.16959064327
1 0.980392156863
2 1.0101010101
2 1.0884057971
2 1.17208333333
5 1.22696969697
4 1.1331292517
3 1.08367424242
3 1.11111111111
2 1.18142857143
3 1.1226754386
3 1.11055555556
5 1.2263836478
1 1.015
6 1.2112585034
1 0.980392156863
1 1.015
4 1.17262820513
3 1.28858974359
6 1.23988095238
2 1.185
5 1.05485232068
2 1.0101010101
4 1.19761904762
3 1.22871794872
2 1.04166666667
4 1.19923076923
5 1.18695035461
4 1.15416666667
1 1.015
4 1.18115384615
3 1.15625
4 1.1510952381
4 1.19392156863
1 1.015
1 0.980392156863
5 1.25608527132
3 1.12272727273
1 0.980392156863
2 1.07579365079
2 1.13013888889
1 0.980392156863
1 0.980392156863
5 1.24163043478
3 1.13636363636
5 1.18798387097
1 1.015
1 0.980392156863
2 1.18433333333
6 1.18773972603
3 1.1059469697
4 1.13692708333
2 1.0752688172
5 1.22437853107
4 1.14932539683
3 1.21671875
5 1.17370892019
2 1.07771604938
2 1.04166666667
4 1.18093023256
4 1.11111111111
2 1.08208333333
1 0.980392156863
4 1.38
4 1.14680555556
3 1.13636363636
6 1.14942528736
1 1.015
4 1.12459119497
3 1.15559139785
5 1.14155251142
5 1.27061728395
5 1.17370892019
2 1.09590277778
1 1.015
2 1.1175
4 1.18390625
2 1.15453703704
6 1.253125
4 1.12994350282
3 1.18955882353
4 1.14108695652
1 1.015
5 1.23815315315
2 1.04469135802
5 1.19046296296
2 1.10856060606
2 1.0101010101
6 1.2580952381
2 1.27333333333
1 0.980392156863
2 1.10675438596
3 1.15038461538
2 1.0752688172
1 0.980392156863
1 0.980392156863
3 1.13053030303
2 1.23638888889
5 1.24166666667
5 1.24666666667
6 1.201625
3 1.08695652174
1 0.980392156863
4 1.11111111111
2 1.07055555556
5 1.28884057971
1 0.980392156863
4 1.09289617486
1 0.980392156863
4 1.09289617486
5 1.22282738095
6 1.21344086022
5 1.20696428571
5 1.17688034188
5 1.22211382114
6 1.21058333333
2 1.145
2 1.10935897436
5 1.25085585586
4 1.11722222222
5 1.22638888889
2 1.04166666667
6 1.2456097561
1 0.980392156863
6 1.19047619048
1 1.015
3 1.08848958333
3 1.07585185185
1 0.980392156863
1 1.015
1 1.015
1 0.980392156863
6 1.25833333333
6 1.1725862069
2 1.04166666667
1 0.980392156863
3 1.28083333333
11 1.23456284153
20 1.3894
74 1.42333333333
8 1.24744444444
2 1.09648148148
8 1.32608333333
19 1.29823333333
1 1.015
1 0.980392156863
1 0.980392156863
1 1.015
31 1.40138613861
1 0.980392156863
4 1.0752688172
4 1.15742063492
1 1.015
129 1.25586158192
68 1.17194444444
77 1.38887254902
1 0.980392156863
3 1.17575757576
1 1.015
73 1.28752961083
11 1.26959459459
1 0.980392156863
1 0.980392156863
1 0.980392156863
2 1.04166666667
1 0.980392156863
1 1.015
1 1.015
1 0.980392156863
1 0.980392156863
10 1.32435185185
1 1.015
8 1.26324200913
10 1.21920454545
1 0.980392156863
97 1.22323671498
14 1.32698924731
53 1.27315555556
54 1.33547297297
2 1.0101010101
1 1.015
2 1.0752688172
14 1.30313953488
9 1.32419047619
1 1.015
1 1.015
4 1.15342105263
4 1.20661764706
3 1.18833333333
15 1.34580357143
1 1.015
1 0.980392156863
1 0.980392156863
2 1.04166666667
1 0.980392156863
85 1.35906727829
1 0.980392156863
96 1.30011363636
2 1.13444444444
1 1.015
8 1.26447761194
1 0.980392156863
10 1.24495305164
42 1.15916666667
1 0.980392156863
1 0.980392156863
29 1.37386775362
1 1.015
166 1.33497716895
28 1.34841880342
1 0.980392156863
85 1.32398753894
4 1.16851851852
1 0.980392156863
2 1.0101010101
