3 8 12 16199 0
5 44 38 50000 1
1 15 10 10000 1
4 9 29 40000 1
5 15 37 50000 1
5 3 8 12627 0
1 1 3 3096 0
1 20 10 10000 1
4 20 30 40000 1
5 5 18 25757 0
4 14 30 40000 1
6 13 39 60000 1
3 16 23 30000 1
6 7 27 39960 0
1 7 10 10000 1
4 1 4 6110 0
5 14 35 50000 1
3 2 10 14404 0
1 3 9 9288 0
3 16 23 30000 1
4 15 29 38206 0
3 7 14 20368 0
6 8 32 47965 0
1 16 10 10000 1
4 19 32 40000 1
4 24 31 40000 1
2 10 17 20000 1
2 3 5 6508 0
4 14 31 40000 1
3 2 8 12520 0
5 16 36 50000 1
1 3 6 6192 0
5 27 39 50000 1
5 3 11 17669 0
2 8 17 20000 1
3 9 20 26220 0
4 17 31 40000 1
5 15 38 50000 1
1 6 10 10000 1
1 9 10 10000 1
1 9 10 10000 1
3 18 24 30000 1
1 1 2 2064 0
1 17 10 10000 1
3 29 25 30000 1
4 30 31 40000 1
2 18 18 20000 1
3 19 25 30000 1
2 2 4 5044 0
5 20 37 50000 1
6 18 45 60000 1
6 13 37 54930 0
4 7 16 21894 0
2 2 4 5196 0
4 2 5 7462 0
1 20 10 10000 1
3 16 24 30000 1
2 18 18 20000 1
2 8 12 15889 0
2 25 17 20000 1
3 6 13 18610 0
4 19 30 40000 1
2 12 17 20000 1
1 6 10 10000 1
2 23 18 20000 1
5 16 36 50000 1
2 4 11 14927 0
1 20 10 10000 1
3 20 23 30000 1
1 1 2 2064 0
2 8 16 19900 0
1 11 10 10000 1
5 22 38 50000 1
2 9 16 20000 1
6 11 31 46711 0
4 27 30 40000 1
3 33 25 30000 1
6 12 25 35112 0
5 23 38 50000 1
2 1 2 2787 0
6 8 23 37421 0
2 1 3 4007 0
2 8 16 20000 1
3 10 23 30000 1
1 4 8 8256 0
4 20 32 40000 1
3 14 24 30000 1
3 3 6 8956 0
3 17 24 30000 1
3 2 7 10215 0
5 3 8 12044 0
2 18 18 20000 1
2 14 17 20000 1
1 1 3 3096 0
2 7 16 19804 0
4 19 32 40000 1
6 20 45 60000 1
2 7 14 17131 0
6 18 43 60000 1
1 12 10 10000 1
2 5 15 18564 0
1 5 9 9288 0
2 1 2 2598 0
4 6 13 19856 0
3 1 3 4332 0
6 21 41 60000 1
4 3 11 17953 0
3 1 4 5984 0
4 5 16 24214 0
2 23 17 20000 1
4 13 29 39960 0
3 12 23 30000 1
2 19 17 20000 1
5 30 38 50000 1
3 16 25 30000 1
6 1 5 8652 0
3 20 24 30000 1
2 8 17 20000 1
3 3 9 13995 0
3 11 23 30000 1
4 17 30 40000 1
1 22 10 10000 1
4 21 30 40000 1
4 36 31 40000 1
5 4 8 11858 0
4 21 30 40000 1
6 21 41 60000 1
3 14 24 30000 1
1 8 10 10000 1
3 10 23 30000 1
1 5 10 10000 1
6 20 43 60000 1
4 27 31 40000 1
4 9 18 26389 0
3 6 13 18924 0
1 7 8 8256 0
3 13 24 30000 1
6 16 42 60000 1
2 1 3 4263 0
3 10 18 23398 0
4 26 29 40000 1
3 5 11 15599 0
1 3 7 7224 0
2 3 7 9626 0
6 6 18 29838 0
6 9 33 51390 0
5 18 36 50000 1
3 2 8 11530 0
3 7 22 29895 0
4 14 31 40000 1
2 16 18 20000 1
3 7 15 22689 0
4 1 2 3277 0
1 13 10 10000 1
5 16 36 50000 1
4 15 30 40000 1
2 16 17 20000 1
5 13 34 46822 0
5 17 36 50000 1
2 5 16 19300 0
5 28 39 50000 1
3 23 25 30000 1
5 16 37 50000 1
5 3 9 14123 0
2 13 17 20000 1
5 23 37 50000 1
5 26 37 50000 1
6 1 3 5586 0
2 2 4 5585 0
4 23 30 40000 1
2 11 17 20000 1
5 1 4 6196 0
4 5 15 22386 0
3 1 3 4164 0
3 24 25 30000 1
3 2 4 6124 0
3 1 3 4340 0
4 17 29 40000 1
2 3 11 14648 0
4 8 22 34338 0
5 10 36 50000 1
1 4 8 8256 0
37 4 23 37399 0
57 32 354 570000 1
24 23 149 240000 1
20 26 129 200000 1
26 8 51 81524 0
1 15 10 10000 1
4 16 31 40000 1
111 31 727 1110000 1
1 1 3 3096 0
1 3 10 10000 1
37 2 8 13114 0
1 13 10 10000 1
2 11 16 20000 1
1 1 3 3096 0
1 11 10 10000 1
170 26 302 440935 0
66 18 86 137726 0
9 41 66 90000 1
2 15 17 20000 1
1 1 2 2064 0
176 16 154 265594 0
1 3 7 7224 0
4 1 2 3101 0
56 34 340 560000 1
3 18 24 30000 1
4 28 32 40000 1
2 1 3 4121 0
4 22 30 40000 1
4 3 9 12775 0
1 4 5 5160 0
1 1 3 3096 0
1 25 10 10000 1
1 18 10 10000 1
9 2 6 10327 0
4 4 18 27488 0
31 8 46 79890 0
11 2 11 17582 0
8 1 3 4770 0
1 4 9 9288 0
15 29 100 150000 1
1 3 6 6192 0
1 3 4 4128 0
2 1 4 5798 0
4 20 30 40000 1
1 2 4 4128 0
1 8 10 10000 1
67 13 145 253602 0
1 26 10 10000 1
1 7 10 10000 1
8 31 57 80000 1
1 2 6 6192 0
1 5 10 10000 1
9 23 61 90000 1
181 21 126 194350 0
1 1 2 2064 0
1 4 10 10000 1
177 20 1032 1770000 1
1 11 10 10000 1
7 4 16 24803 0
1 11 10 10000 1
1 15 10 10000 1
1 11 10 10000 1
1 3 10 10000 1
1 12 10 10000 1
1 1 2 2064 0
1 11 10 10000 1
53 19 178 304511 0
22 14 69 111705 0
5 11 30 44910 0
10 7 36 60974 0
10 22 67 100000 1
1 18 10 10000 1
1 15 10 10000 1
38 32 266 380000 1
25 34 176 250000 1
1 15 10 10000 1
1 9 10 10000 1
74 3 20 33797 0
1 11 10 10000 1
3 2 5 6963 0
1 14 10 10000 1
