3 1.32344771242
5 1.28998968008
1 0.980392156863
4 1.35226504395
5 1.32485426603
5 1.54742647059
1 1.01176470588
1 0.980392156863
4 1.30718954248
5 1.40288671024
4 1.30718954248
6 1.50829562594
3 1.27877237852
6 1.45098039216
1 0.980392156863
4 1.49754901961
5 1.40056022409
3 1.41215686275
1 1.01176470588
3 1.27877237852
4 1.29161595673
3 1.42633053221
6 1.46951593137
1 0.980392156863
4 1.22549019608
4 1.26502213789
2 1.15340253749
2 1.27607843137
4 1.26502213789
3 1.53431372549
5 1.36165577342
1 1.01176470588
5 1.25691302162
5 1.5747771836
2 1.15340253749
3 1.28529411765
4 1.26502213789
5 1.28998968008
1 0.980392156863
1 0.980392156863
1 0.980392156863
3 1.22549019608
1 1.01176470588
1 0.980392156863
3 1.17647058824
4 1.26502213789
2 1.08932461874
3 1.17647058824
2 1.2362745098
5 1.32485426603
6 1.30718954248
6 1.45548489666
4 1.34154411765
2 1.27352941176
4 1.4631372549
1 0.980392156863
3 1.22549019608
2 1.08932461874
2 1.29812091503
2 1.15340253749
3 1.40346907994
4 1.30718954248
2 1.15340253749
1 0.980392156863
2 1.08932461874
5 1.36165577342
2 1.33039215686
1 0.980392156863
3 1.27877237852
1 1.01176470588
2 1.2193627451
1 0.980392156863
5 1.28998968008
2 1.22549019608
6 1.47726122707
4 1.30718954248
3 1.17647058824
6 1.37694117647
5 1.28998968008
2 1.36617647059
6 1.59509803922
2 1.30947712418
2 1.22549019608
3 1.27877237852
1 1.01176470588
4 1.22549019608
3 1.22549019608
3 1.46339869281
3 1.22549019608
3 1.43067226891
5 1.47598039216
2 1.08932461874
2 1.15340253749
1 1.01176470588
2 1.21348039216
4 1.22549019608
6 1.30718954248
2 1.19964985994
6 1.36798905609
1 0.980392156863
2 1.21333333333
1 1.01176470588
2 1.27352941176
4 1.49743589744
3 1.41568627451
6 1.43472022956
4 1.60008912656
3 1.46666666667
4 1.48370098039
2 1.15340253749
4 1.3509127789
3 1.27877237852
2 1.15340253749
5 1.28998968008
3 1.17647058824
6 1.69647058824
3 1.22549019608
2 1.15340253749
3 1.52450980392
3 1.27877237852
4 1.30718954248
1 0.980392156863
4 1.30718954248
4 1.26502213789
5 1.45318627451
4 1.30718954248
6 1.43472022956
3 1.22549019608
1 0.980392156863
3 1.27877237852
1 0.980392156863
6 1.36798905609
4 1.26502213789
4 1.43730936819
3 1.42714932127
1 1.01176470588
3 1.22549019608
6 1.40056022409
2 1.3931372549
3 1.27440087146
4 1.35226504395
3 1.39028520499
1 1.01176470588
2 1.34817927171
6 1.62516339869
6 1.52673796791
5 1.36165577342
3 1.41299019608
3 1.33221925134
4 1.26502213789
2 1.08932461874
3 1.48294117647
4 1.60637254902
1 0.980392156863
5 1.36165577342
4 1.30718954248
2 1.15340253749
5 1.35011534025
5 1.36165577342
2 1.18259803922
5 1.25691302162
3 1.17647058824
5 1.32485426603
5 1.53845315904
2 1.15340253749
5 1.32485426603
5 1.32485426603
6 1.82549019608
2 1.36887254902
4 1.30718954248
2 1.15340253749
5 1.51862745098
4 1.4631372549
3 1.36078431373
3 1.17647058824
3 1.50098039216
3 1.41830065359
4 1.35226504395
2 1.3055258467
4 1.53021390374
5 1.36165577342
1 1.01176470588
37 1.5941602728
57 1.57859754071
24 1.57915515199
20 1.5199878401
26 1.56716647443
1 0.980392156863
4 1.26502213789
111 1.49688486123
1 1.01176470588
1 0.980392156863
37 1.60710784314
1 0.980392156863
2 1.22549019608
1 1.01176470588
1 0.980392156863
170 1.43142124399
66 1.57006383949
9 1.33689839572
2 1.15340253749
1 1.01176470588
176 1.69081996435
1 1.01176470588
4 1.52009803922
56 1.61476355248
3 1.22549019608
4 1.22549019608
2 1.34673202614
4 1.30718954248
4 1.39161220044
1 1.01176470588
1 1.01176470588
1 0.980392156863
1 0.980392156863
9 1.68741830065
4 1.49716775599
31 1.70268542199
11 1.56702317291
8 1.55882352941
1 1.01176470588
15 1.47058823529
1 1.01176470588
1 1.01176470588
2 1.42107843137
4 1.30718954248
1 1.01176470588
1 0.980392156863
67 1.71468559838
1 0.980392156863
1 0.980392156863
8 1.37598899209
1 1.01176470588
1 0.980392156863
9 1.44648023144
181 1.51221599751
1 1.01176470588
1 0.980392156863
177 1.68148654811
1 0.980392156863
7 1.51979166667
1 0.980392156863
1 0.980392156863
1 0.980392156863
1 0.980392156863
1 0.980392156863
1 1.01176470588
1 0.980392156863
53 1.6771921128
22 1.58716965047
5 1.46764705882
10 1.66051198257
10 1.46327187591
1 0.980392156863
1 0.980392156863
38 1.40056022409
25 1.39260249554
1 0.980392156863
1 0.980392156863
74 1.65671568627
1 0.980392156863
3 1.36529411765
1 0.980392156863
