5 16 30 50000 1
5 9 28 50000 1
6 20 33 60000 1
1 8 9 10000 1
5 1 5 9951 0
6 3 16 29530 0
5 14 29 50000 1
3 25 22 30000 1
2 17 15 20000 1
6 16 35 60000 1
4 23 23 40000 1
4 1 6 11605 0
5 9 29 50000 1
6 1 8 17214 0
2 16 14 20000 1
3 11 19 30000 1
2 3 12 18059 0
3 15 19 30000 1
5 32 30 50000 1
3 6 20 30000 1
5 2 10 20404 0
1 11 9 10000 1
6 13 33 60000 1
3 17 22 30000 1
2 2 9 14388 0
2 6 14 20000 1
5 6 21 43490 0
5 2 8 15610 0
5 9 30 50000 1
1 3 5 5755 0
4 8 24 40000 1
1 16 9 10000 1
4 1 4 8581 0
2 1 4 6568 0
3 9 19 30000 1
3 18 19 30000 1
3 2 9 17967 0
2 1 3 4961 0
1 8 9 10000 1
4 18 25 40000 1
3 12 19 30000 1
1 18 9 10000 1
6 32 34 60000 1
5 11 28 50000 1
2 21 14 20000 1
3 7 18 30000 1
5 22 34 50000 1
2 10 15 20000 1
5 21 30 50000 1
3 21 20 30000 1
1 10 9 10000 1
2 7 14 20000 1
2 1 4 6461 0
2 16 15 20000 1
3 7 17 27554 0
2 17 14 20000 1
4 13 24 40000 1
4 22 24 40000 1
4 13 25 40000 1
3 4 18 30000 1
1 1 3 3453 0
2 14 15 20000 1
2 6 14 20000 1
1 1 4 4604 0
1 1 4 4604 0
3 7 18 30000 1
4 6 19 35870 0
1 7 9 10000 1
3 1 5 10151 0
5 2 11 22498 0
2 14 14 20000 1
1 13 9 10000 1
1 11 9 10000 1
1 6 9 10000 1
3 25 21 30000 1
2 8 15 20000 1
4 18 26 40000 1
6 5 17 33197 0
5 4 21 41832 0
1 12 9 10000 1
2 4 15 20000 1
2 11 14 20000 1
2 2 5 8279 0
4 6 22 38079 0
6 12 35 60000 1
3 5 14 25219 0
3 33 19 30000 1
3 22 19 30000 1
1 20 9 10000 1
1 20 9 10000 1
2 1 2 3384 0
2 5 14 20000 1
4 28 24 40000 1
5 18 30 50000 1
6 10 35 60000 1
6 4 19 38840 0
2 1 3 4976 0
4 6 20 36649 0
2 2 6 9493 0
1 6 9 10000 1
3 1 3 5688 0
4 20 23 40000 1
1 18 9 10000 1
6 11 35 60000 1
4 1 4 8586 0
6 17 37 60000 1
5 2 8 15322 0
1 2 8 9208 0
5 21 30 50000 1
5 1 5 10172 0
6 2 15 31144 0
2 3 9 15031 0
5 8 29 50000 1
1 3 9 10000 1
3 1 3 6205 0
2 13 14 20000 1
6 20 34 60000 1
2 4 13 19326 0
5 7 29 50000 1
3 1 3 5411 0
3 6 19 30000 1
3 21 20 30000 1
5 26 30 50000 1
5 26 29 50000 1
2 1 3 4858 0
4 1 6 10756 0
6 24 37 60000 1
3 1 4 7916 0
3 9 19 30000 1
2 19 14 20000 1
2 5 14 20000 1
4 2 6 12822 0
3 2 5 10082 0
6 11 35 60000 1
5 16 30 50000 1
4 23 24 40000 1
4 8 24 40000 1
3 18 20 30000 1
1 2 6 6906 0
5 4 26 49117 0
6 3 19 38547 0
2 12 15 20000 1
3 27 20 30000 1
5 13 31 50000 1
5 23 31 50000 1
5 11 28 50000 1
4 8 24 40000 1
5 5 16 32261 0
5 2 11 22446 0
4 12 25 40000 1
3 17 20 30000 1
2 21 15 20000 1
1 6 9 10000 1
2 7 13 18446 0
4 15 25 40000 1
2 7 14 20000 1
3 3 10 18922 0
6 10 34 58835 0
2 14 14 20000 1
3 17 20 30000 1
3 1 5 9260 0
5 3 12 23561 0
5 16 30 50000 1
3 5 14 25595 0
5 20 30 50000 1
4 14 24 40000 1
4 1 4 7932 0
3 19 20 30000 1
3 31 20 30000 1
4 12 25 40000 1
2 4 13 17950 0
4 2 8 16026 0
3 12 18 30000 1
6 5 33 60000 1
4 13 24 40000 1
6 21 38 60000 1
2 2 8 13210 0
2 14 16 20000 1
1 13 9 10000 1
5 20 29 50000 1
5 5 23 43793 0
5 26 34 50000 1
110 13 102 205166 0
1 1 3 3453 0
42 24 217 420000 1
1 1 2 2302 0
8 16 44 80000 1
1 10 9 10000 1
2 21 14 20000 1
5 17 31 50000 1
15 22 70 150000 1
1 14 9 10000 1
3 14 19 30000 1
1 2 5 5755 0
60 14 306 600000 1
77 7 57 149069 0
1 7 9 10000 1
4 29 23 40000 1
8 9 40 76586 0
1 20 9 10000 1
56 16 287 560000 1
155 41 794 1550000 1
91 11 243 542532 0
122 1 8 18030 0
2 7 13 20000 1
4 18 24 40000 1
1 1 3 3453 0
180 12 783 1800000 1
131 27 542 1310000 1
5 10 28 50000 1
13 7 31 69018 0
21 37 97 210000 1
7 28 43 70000 1
9 19 50 90000 1
24 16 124 240000 1
5 22 29 50000 1
1 2 7 8057 0
1 4 8 9208 0
2 1 3 4977 0
2 15 14 20000 1
110 16 521 1100000 1
2 6 14 20000 1
1 8 9 10000 1
1 3 6 6906 0
46 1 9 25042 0
2 1 3 4961 0
1 12 9 10000 1
1 3 8 9208 0
17 15 81 170000 1
167 3 21 46065 0
92 1 5 13598 0
1 14 9 10000 1
5 22 31 50000 1
1 7 9 10000 1
1 1 2 2302 0
1 15 9 10000 1
46 10 96 212585 0
1 23 9 10000 1
1 23 9 10000 1
1 16 9 10000 1
1 5 9 10000 1
2 3 13 18392 0
1 3 9 10000 1
16 10 62 133395 0
149 2 10 21249 0
1 17 9 10000 1
1 9 9 10000 1
1 1 2 2302 0
1 14 9 10000 1
26 23 126 260000 1
61 22 278 610000 1
2 2 9 14668 0
15 15 80 150000 1
1 3 9 10000 1
112 14 540 1120000 1
47 41 246 470000 1
1 8 9 10000 1
20 2 11 25158 0
18 1 8 16601 0
3 12 20 30000 1
7 23 42 70000 1
11 7 60 110000 1
33 20 164 330000 1
