5 1.46198830409
5 1.5664160401
6 1.59489633174
1 0.974658869396
5 1.74578947368
6 1.61896929825
5 1.51240169389
3 1.1961722488
2 1.16959064327
6 1.5037593985
4 1.52555301297
4 1.6966374269
5 1.51240169389
6 1.8875
2 1.25313283208
3 1.38504155125
2 1.32010233918
3 1.38504155125
5 1.46198830409
3 1.31578947368
5 1.7898245614
1 0.974658869396
6 1.59489633174
3 1.1961722488
2 1.40233918129
2 1.25313283208
5 1.81662489557
5 1.71162280702
5 1.46198830409
1 1.00964912281
4 1.46198830409
1 0.974658869396
4 1.88179824561
2 1.44035087719
3 1.38504155125
3 1.38504155125
3 1.75116959064
2 1.45058479532
1 0.974658869396
4 1.40350877193
3 1.38504155125
1 0.974658869396
6 1.5479876161
5 1.5664160401
2 1.25313283208
3 1.46198830409
5 1.28998968008
2 1.16959064327
5 1.46198830409
3 1.31578947368
1 0.974658869396
2 1.25313283208
2 1.41688596491
2 1.16959064327
3 1.4217750258
2 1.25313283208
4 1.46198830409
4 1.46198830409
4 1.40350877193
3 1.46198830409
1 1.00964912281
2 1.16959064327
2 1.25313283208
1 1.00964912281
1 1.00964912281
3 1.46198830409
4 1.65604801477
1 0.974658869396
3 1.78087719298
5 1.79409888357
2 1.25313283208
1 0.974658869396
1 0.974658869396
1 0.974658869396
3 1.25313283208
2 1.16959064327
4 1.34952766532
6 1.71295149639
5 1.74736842105
1 0.974658869396
2 1.16959064327
2 1.25313283208
2 1.45245614035
4 1.51830143541
6 1.5037593985
3 1.58013784461
3 1.38504155125
3 1.38504155125
1 0.974658869396
1 0.974658869396
2 1.48421052632
2 1.25313283208
4 1.46198830409
5 1.46198830409
6 1.5037593985
6 1.79316712835
2 1.45497076023
4 1.6074122807
2 1.38786549708
1 0.974658869396
3 1.66315789474
4 1.52555301297
1 0.974658869396
6 1.5037593985
4 1.88289473684
6 1.42247510669
5 1.68004385965
1 1.00964912281
5 1.46198830409
5 1.78456140351
6 1.82128654971
2 1.46500974659
5 1.51240169389
1 0.974658869396
3 1.81432748538
2 1.25313283208
6 1.5479876161
2 1.304048583
5 1.51240169389
3 1.58216374269
3 1.38504155125
3 1.31578947368
5 1.46198830409
5 1.51240169389
2 1.42046783626
4 1.57251461988
6 1.42247510669
3 1.73596491228
3 1.38504155125
2 1.25313283208
2 1.25313283208
4 1.87456140351
3 1.76877192982
6 1.5037593985
5 1.46198830409
4 1.46198830409
4 1.46198830409
3 1.31578947368
1 1.00964912281
5 1.65711875843
6 1.7796398892
2 1.16959064327
3 1.31578947368
5 1.41482739106
5 1.41482739106
5 1.5664160401
4 1.46198830409
5 1.76869517544
5 1.78995215311
4 1.40350877193
3 1.31578947368
2 1.16959064327
1 0.974658869396
2 1.24466936572
4 1.40350877193
2 1.25313283208
3 1.6598245614
6 1.51793085655
2 1.25313283208
3 1.31578947368
3 1.62456140351
5 1.72229532164
5 1.46198830409
3 1.60369674185
5 1.46198830409
4 1.46198830409
4 1.73947368421
3 1.31578947368
3 1.31578947368
4 1.40350877193
2 1.21120107962
4 1.75723684211
3 1.46198830409
6 1.59489633174
4 1.46198830409
6 1.38504155125
2 1.44846491228
2 1.09649122807
1 0.974658869396
5 1.51240169389
5 1.67021357742
5 1.28998968008
110 1.76441348469
1 1.00964912281
42 1.69779286927
1 1.00964912281
8 1.59489633174
1 0.974658869396
2 1.25313283208
5 1.41482739106
15 1.87969924812
1 0.974658869396
3 1.38504155125
1 1.00964912281
60 1.71998624011
77 2.29407510003
1 0.974658869396
4 1.52555301297
8 1.67951754386
1 0.974658869396
56 1.71159606333
155 1.71240443678
91 1.95845787308
122 1.97697368421
2 1.34952766532
4 1.46198830409
1 1.00964912281
180 2.01653559185
131 2.12015278048
5 1.5664160401
13 1.95297113752
21 1.89907759088
7 1.42798857609
9 1.57894736842
24 1.69779286927
5 1.51240169389
1 1.00964912281
1 1.00964912281
2 1.45526315789
2 1.25313283208
110 1.85203892649
2 1.25313283208
1 0.974658869396
1 1.00964912281
46 2.44074074074
2 1.45058479532
1 0.974658869396
1 1.00964912281
17 1.84102230886
167 1.92418546366
92 2.38561403509
1 0.974658869396
5 1.41482739106
1 0.974658869396
1 1.00964912281
1 0.974658869396
46 1.94247989766
1 0.974658869396
1 0.974658869396
1 0.974658869396
1 0.974658869396
2 1.24102564103
1 0.974658869396
16 1.8873089983
149 1.86394736842
1 0.974658869396
1 0.974658869396
1 1.00964912281
1 0.974658869396
26 1.81008075745
61 1.9247759687
2 1.42962962963
15 1.64473684211
1 0.974658869396
112 1.81936322287
47 1.67593781201
1 0.974658869396
20 2.00622009569
18 1.82028508772
3 1.31578947368
7 1.46198830409
11 1.6081871345
33 1.76508344031
