6 2.17791666667
3 1.30434782609
6 1.53846153846
6 1.57894736842
4 1.42857142857
2 1.11111111111
6 1.46341463415
3 1.55911111111
2 1.25
1 1.0
4 1.08108108108
1 1.007
3 1.81822222222
3 1.42857142857
3 1.2
2 1.41166666667
5 1.19047619048
1 1.007
2 1.11111111111
2 1.25
1 1.0
5 1.5625
2 1.48885714286
5 1.38888888889
3 1.36363636364
3 1.5
4 1.598
2 1.25
3 1.57894736842
3 1.15384615385
5 1.31578947368
2 1.0
1 1.0
3 1.36363636364
5 2.017
4 2.1638
4 1.42857142857
3 1.36363636364
3 1.57894736842
6 1.81818181818
4 1.11111111111
1 1.007
2 1.11111111111
1 1.0
4 1.14285714286
5 1.61290322581
2 1.546
3 1.03448275862
5 1.51515151515
6 2.3494
5 1.51515151515
3 1.25
2 1.11111111111
1 1.0
3 1.2
1 1.0
1 1.007
2 1.46233333333
3 1.07142857143
3 1.30434782609
5 1.92307692308
6 1.53846153846
1 1.0
3 1.07142857143
4 2.28571428571
3 1.2
1 1.0
6 1.57894736842
4 1.90093333333
2 1.0
5 1.35135135135
5 1.5625
4 1.42857142857
3 1.57894736842
3 1.36363636364
4 1.48148148148
1 1.0
5 1.38888888889
5 1.61290322581
5 2.4215
5 1.38888888889
3 1.0
2 1.11111111111
3 1.77133333333
2 1.0
4 1.25
5 1.47058823529
2 1.546
5 1.47058823529
3 1.57894736842
5 1.42857142857
2 1.17647058824
4 1.48148148148
3 1.25
6 1.875
5 1.47058823529
6 1.5
2 1.56525
5 1.38888888889
5 2.35425
3 1.36363636364
2 1.25
6 1.908
3 1.9015
6 1.76470588235
5 1.66666666667
1 1.0
3 1.25
2 1.0
4 1.21212121212
3 1.2
4 1.42857142857
3 1.0
3 1.2
5 1.28205128205
2 1.33333333333
6 2.35366666667
4 1.17647058824
5 1.42857142857
3 1.0
5 1.46660606061
4 1.37931034483
2 1.42857142857
1 1.007
3 1.30434782609
4 1.73913043478
5 2.2984
2 1.42857142857
1 1.007
4 1.17647058824
1 1.0
6 1.92357142857
4 1.91884210526
4 1.14285714286
5 1.38888888889
4 2.17557142857
4 1.48148148148
3 1.25
6 2.14803846154
4 1.21212121212
4 1.42857142857
2 1.25
3 2.0676
4 1.33333333333
5 1.5625
4 1.53846153846
3 1.25
1 1.0
4 1.53846153846
1 1.007
1 1.0
2 1.0
4 1.37931034483
4 1.6
2 1.53133333333
5 1.35135135135
4 1.73913043478
4 1.29032258065
3 1.2
2 1.17647058824
6 1.76470588235
1 1.0
6 2.14
3 1.2
4 2.13075
3 1.07142857143
6 1.57894736842
4 1.6
5 1.5625
4 1.37931034483
2 1.42857142857
5 1.78571428571
5 1.47058823529
1 1.0
3 2.09383333333
2 1.0
4 1.25
5 1.90116666667
6 1.53846153846
1 1.0
3 1.0
2 1.0
1 1.0
1 1.007
1 1.0
1 1.0
3 1.794
1 1.0
106 2.71707575758
1 1.007
1 1.0
25 2.07903030303
35 2.70528571429
1 1.0
2 1.33333333333
1 1.007
41 2.13705376344
1 1.0
1 1.0
1 1.007
5 1.61290322581
1 1.0
33 2.16372222222
38 2.50725
1 1.007
2 1.17647058824
20 2.0202020202
141 2.200784
77 2.18502586207
4 1.42857142857
1 1.007
1 1.0
19 3.02775
21 1.96261682243
1 1.0
28 2.04379562044
101 2.11352173913
1 1.0
1 1.0
1 1.0
1 1.0
1 1.0
1 1.0
4 1.42857142857
1 1.0
1 1.0
118 2.58213888889
95 2.99985365854
1 1.0
52 2.6843
1 1.007
3 1.25
177 2.36315086782
11 1.66666666667
24 2.44897959184
49 2.26573333333
37 2.34675675676
36 2.85714285714
3 1.36363636364
1 1.0
9 1.95652173913
39 2.16666666667
1 1.0
1 1.0
3 1.42857142857
26 2.24133333333
2 1.11111111111
11 1.74603174603
98 2.09401709402
5 1.28205128205
1 1.007
5 1.31578947368
1 1.0
80 1.84331797235
1 1.0
1 1.007
67 2.86041860465
35 2.5476
1 1.007
3 1.92427272727
21 2.21052631579
1 1.007
1 1.0
