4 2.23946428571
3 1.42857142857
3 1.19047619048
5 1.70068027211
1 0.892857142857
4 2.16839285714
5 2.4369047619
3 1.19047619048
4 1.78571428571
3 2.08793650794
5 1.2315270936
3 1.07142857143
2 0.892857142857
2 0.892857142857
6 1.71428571429
5 2.58095238095
2 1.46119047619
6 1.78032738095
1 1.00571428571
1 1.00571428571
4 2.03693877551
5 2.52208333333
1 1.00571428571
4 2.40328571429
4 2.461
5 1.32275132275
1 1.00571428571
2 1.19047619048
2 1.02040816327
5 1.32275132275
4 1.90476190476
1 0.892857142857
4 1.0582010582
4 1.90476190476
5 1.70068027211
5 0.965250965251
4 2.4205952381
5 2.44010204082
3 1.33928571429
3 0.892857142857
4 1.24223602484
3 0.974025974026
4 1.0582010582
4 1.68067226891
2 1.0989010989
2 0.892857142857
3 1.33928571429
3 1.64835164835
6 1.38248847926
5 1.27551020408
5 1.42857142857
1 0.892857142857
2 1.2987012987
3 1.98392857143
3 1.12781954887
4 1.5037593985
1 1.00571428571
6 2.25563909774
1 0.892857142857
6 1.5306122449
3 1.26050420168
1 0.892857142857
3 1.26050420168
3 2.14580357143
6 2.60196428571
1 0.892857142857
1 1.00571428571
4 2.38957142857
3 1.72601190476
4 2.04081632653
1 0.892857142857
2 1.5480952381
1 0.892857142857
2 1.2987012987
2 0.892857142857
1 0.892857142857
1 1.00571428571
1 0.892857142857
5 1.62337662338
3 1.07142857143
4 1.68067226891
3 0.892857142857
3 1.12781954887
3 1.64835164835
4 1.42857142857
5 1.4880952381
1 0.892857142857
2 1.53457142857
2 0.892857142857
2 1.2987012987
1 0.892857142857
6 1.86335403727
2 0.892857142857
5 1.62337662338
5 1.27551020408
3 1.64835164835
3 1.02040816327
6 2.465
4 1.14285714286
3 1.64835164835
5 1.11607142857
3 1.26050420168
1 0.892857142857
4 2.28035714286
4 1.42857142857
5 1.98412698413
4 1.5873015873
4 1.14285714286
3 1.12781954887
2 1.0989010989
6 2.29880952381
2 0.892857142857
1 0.892857142857
6 1.71428571429
4 2.47959183673
3 1.5306122449
2 1.49410714286
2 1.02040816327
1 1.00571428571
4 1.0989010989
2 0.952380952381
4 1.24223602484
3 2.205625
1 0.892857142857
2 1.19047619048
2 0.892857142857
5 2.61136904762
3 1.97910714286
1 0.892857142857
1 1.00571428571
2 1.02040816327
4 1.14285714286
6 2.14285714286
4 2.4225
4 1.5873015873
4 0.952380952381
3 1.19047619048
4 1.0989010989
6 1.38248847926
1 1.00571428571
4 1.2987012987
5 1.4880952381
1 0.892857142857
3 2.095
5 1.4880952381
2 1.51028571429
3 1.26050420168
5 1.55279503106
2 0.892857142857
3 2.07333333333
6 1.86335403727
1 0.892857142857
3 1.12781954887
1 0.892857142857
2 1.4975
5 1.78571428571
2 1.19047619048
4 1.42857142857
2 0.892857142857
1 0.892857142857
4 1.90476190476
5 2.60428571429
4 1.5873015873
2 0.952380952381
4 1.5873015873
5 1.55279503106
6 1.78571428571
3 2.07023809524
1 1.00571428571
3 1.12781954887
1 0.892857142857
5 2.15160714286
1 0.892857142857
2 0.952380952381
2 1.51910714286
5 1.87969924812
3 1.98553571429
1 0.892857142857
1 0.892857142857
1 0.892857142857
4 1.78571428571
2 1.02040816327
1 0.892857142857
2 1.19047619048
4 1.14285714286
2 0.892857142857
1 0.892857142857
13 1.07973421927
1 1.00571428571
3 1.26050420168
36 2.72479262673
1 0.892857142857
145 2.79021825397
4 1.42857142857
5 1.55279503106
1 0.892857142857
57 3.07135007849
1 0.892857142857
1 0.892857142857
1 0.892857142857
8 1.78571428571
1 0.892857142857
1 0.892857142857
33 2.75258503401
40 1.89214758751
1 1.00571428571
1 0.892857142857
13 2.94410714286
92 2.46120920278
2 1.19047619048
1 0.892857142857
103 1.14419017996
1 1.00571428571
1 1.00571428571
2 1.65971428571
1 0.892857142857
16 2.73308035714
8 1.84331797235
115 2.82011651469
1 0.892857142857
25 2.71891428571
90 2.17205026455
1 0.892857142857
5 1.2315270936
1 0.892857142857
6 1.5306122449
13 1.68831168831
1 0.892857142857
1 0.892857142857
1 1.00571428571
1 0.892857142857
2 1.49410714286
1 1.00571428571
27 1.78571428571
1 0.892857142857
95 2.51791005291
1 1.00571428571
1 1.00571428571
1 0.892857142857
35 1.92307692308
54 1.64835164835
1 0.892857142857
1 1.00571428571
30 1.27551020408
3 1.02040816327
1 0.892857142857
12 2.1978021978
9 1.83673469388
1 1.00571428571
5 2.54107142857
110 1.86630471666
1 0.892857142857
9 2.49891428571
1 1.00571428571
1 0.892857142857
1 0.892857142857
1 0.892857142857
1 1.00571428571
13 1.97568389058
1 0.892857142857
1 0.892857142857
1 0.892857142857
1 1.00571428571
