5 19 85 50000 1
6 33 102 60000 1
2 12 34 20000 1
3 12 51 30000 1
2 9 34 20000 1
6 14 100 59000 0
4 29 68 40000 1
2 10 34 20000 1
1 19 17 10000 1
1 6 17 10000 1
5 17 71 42000 0
2 12 34 20000 1
6 14 102 60000 1
6 15 74 43800 0
6 22 102 60000 1
4 9 59 35000 0
1 6 17 10000 1
3 2 10 6000 0
5 11 61 36200 0
4 21 68 40000 1
2 30 34 20000 1
6 14 56 33200 0
2 10 34 20000 1
6 31 102 60000 1
3 12 51 30000 1
3 8 51 30000 1
3 23 51 30000 1
6 5 24 14200 0
4 9 55 32600 0
4 20 68 40000 1
5 35 85 50000 1
5 14 71 42000 0
4 29 68 40000 1
1 6 17 10000 1
3 2 15 9000 0
1 18 17 10000 1
6 20 94 55600 0
1 1 5 3000 0
4 7 34 20400 0
4 2 10 6000 0
1 16 17 10000 1
4 4 27 16200 0
6 25 102 60000 1
3 1 7 4200 0
6 12 95 56400 0
5 17 70 41400 0
4 8 50 29600 0
2 8 34 20000 1
4 24 68 40000 1
5 17 85 50000 1
6 22 102 60000 1
4 12 60 35400 0
3 10 46 27200 0
6 8 33 19600 0
6 14 63 37600 0
4 20 68 40000 1
1 15 17 10000 1
4 19 68 40000 1
2 20 34 20000 1
3 17 51 30000 1
4 11 59 35000 0
3 34 51 30000 1
6 12 78 46200 0
4 16 68 40000 1
1 3 16 9600 0
4 1 7 4200 0
6 1 10 6000 0
4 42 68 40000 1
6 8 50 29800 0
5 20 71 42000 0
2 34 34 20000 1
4 18 68 40000 1
2 32 34 20000 1
6 32 102 60000 1
2 21 34 20000 1
1 15 17 10000 1
2 6 28 16800 0
3 18 51 30000 1
6 12 65 38800 0
3 16 51 30000 1
4 2 10 6000 0
2 41 34 20000 1
3 5 21 12600 0
6 27 102 60000 1
4 8 44 26000 0
1 12 17 10000 1
6 34 102 60000 1
1 6 17 10000 1
5 19 85 50000 1
3 1 6 3600 0
6 22 88 52000 0
2 21 34 20000 1
1 1 6 3600 0
5 28 85 50000 1
4 23 68 40000 1
2 1 6 3600 0
1 8 17 10000 1
2 18 34 20000 1
1 6 17 10000 1
2 3 17 10200 0
5 8 43 25600 0
1 14 17 10000 1
1 10 17 10000 1
2 3 19 11400 0
5 23 85 50000 1
4 13 68 40000 1
1 22 17 10000 1
5 18 85 50000 1
1 3 17 10000 1
3 10 40 23800 0
1 1 5 3000 0
4 19 68 40000 1
3 39 51 30000 1
4 16 68 40000 1
4 30 68 40000 1
3 13 51 30000 1
4 11 66 39000 0
1 13 17 10000 1
3 13 51 30000 1
3 3 17 10200 0
4 29 68 40000 1
4 11 68 40000 1
4 25 68 40000 1
1 9 17 10000 1
4 4 36 21400 0
4 17 67 39600 0
3 35 51 30000 1
5 24 85 50000 1
5 4 30 18000 0
6 26 102 60000 1
1 19 17 10000 1
5 26 85 50000 1
6 19 72 42600 0
5 11 69 40800 0
6 17 96 56600 0
6 33 102 60000 1
6 13 64 38200 0
5 6 37 22200 0
2 16 34 20000 1
5 8 49 29200 0
2 27 34 20000 1
3 4 18 10600 0
1 1 5 3000 0
5 33 85 50000 1
6 14 56 33400 0
4 18 68 40000 1
5 1 6 3600 0
2 15 34 20000 1
3 25 51 30000 1
1 1 9 5400 0
4 6 45 26600 0
2 8 34 20000 1
3 24 51 30000 1
1 1 5 3000 0
5 13 52 31000 0
5 38 85 50000 1
3 3 27 16000 0
5 40 85 50000 1
5 45 85 50000 1
6 14 101 59600 0
5 27 85 50000 1
4 25 68 40000 1
2 24 34 20000 1
5 26 85 50000 1
4 15 68 40000 1
5 38 85 50000 1
2 6 27 16200 0
1 1 4 2400 0
1 1 11 6600 0
5 37 85 50000 1
1 9 17 10000 1
5 34 85 50000 1
2 11 34 20000 1
4 4 30 18000 0
2 19 34 20000 1
1 2 16 9600 0
4 15 66 39000 0
5 9 30 17800 0
2 19 34 20000 1
1 8 17 10000 1
2 22 34 20000 1
5 2 10 6000 0
18 70 306 180000 1
24 21 228 135600 0
2 27 34 20000 1
112 14 85 50800 0
1 1 6 3600 0
1 19 17 10000 1
1 17 17 10000 1
36 61 612 360000 1
29 31 462 272600 0
13 1 6 3600 0
44 27 217 129200 0
1 13 17 10000 1
12 28 204 120000 1
1 5 17 10000 1
1 13 17 10000 1
3 9 37 22000 0
138 8 81 48400 0
1 1 7 4200 0
14 22 121 71800 0
5 8 48 28800 0
1 9 17 10000 1
1 1 4 2400 0
21 7 56 33400 0
159 31 293 174000 0
100 1 14 8400 0
11 23 164 97200 0
1 19 17 10000 1
1 13 17 10000 1
1 16 17 10000 1
3 8 49 29200 0
2 29 34 20000 1
35 23 302 179600 0
27 49 457 269200 0
166 2 16 9600 0
1 13 17 10000 1
1 3 15 9000 0
1 1 5 3000 0
3 34 51 30000 1
10 7 48 28800 0
1 14 17 10000 1
1 9 17 10000 1
3 2 10 6000 0
50 20 136 81000 0
4 3 24 14400 0
1 4 17 10000 1
8 18 66 39200 0
2 7 34 20000 1
16 39 272 160000 1
1 6 17 10000 1
1 14 17 10000 1
106 27 371 221000 0
1 4 15 9000 0
3 37 51 30000 1
1 2 8 4800 0
15 22 215 127400 0
86 28 217 129200 0
2 3 12 7200 0
1 16 17 10000 1
5 9 48 28400 0
128 5 33 19800 0
1 5 17 10000 1
1 16 17 10000 1
133 21 112 66800 0
1 16 17 10000 1
17 1 6 3600 0
116 18 152 90600 0
26 10 105 62600 0
52 11 75 44600 0
14 10 46 27400 0
1 12 17 10000 1
31 3 20 12000 0
1 1 9 5400 0
1 12 17 10000 1
11 24 187 110000 1
38 17 214 127600 0
55 36 271 160400 0
1 9 17 10000 1
1 17 17 10000 1
27 19 90 53600 0
2 21 34 20000 1
6 4 16 9600 0
