5 0.980392156863
6 0.980392156863
2 0.980392156863
3 0.980392156863
2 0.980392156863
6 0.983333333333
4 0.980392156863
2 0.980392156863
1 0.980392156863
1 0.980392156863
5 0.985915492958
2 0.980392156863
6 0.980392156863
6 0.986486486486
6 0.980392156863
4 0.988700564972
1 0.980392156863
3 1.0
5 0.989071038251
4 0.980392156863
2 0.980392156863
6 0.988095238095
2 0.980392156863
6 0.980392156863
3 0.980392156863
3 0.980392156863
3 0.980392156863
6 0.986111111111
4 0.987878787879
4 0.980392156863
5 0.980392156863
5 0.985915492958
4 0.980392156863
1 0.980392156863
3 1.0
1 0.980392156863
6 0.985815602837
1 1.0
4 1.0
4 1.0
1 0.980392156863
4 1.0
6 0.980392156863
3 1.0
6 0.989473684211
5 0.985714285714
4 0.986666666667
2 0.980392156863
4 0.980392156863
5 0.980392156863
6 0.980392156863
4 0.983333333333
3 0.985507246377
6 0.989898989899
6 0.994708994709
4 0.980392156863
1 0.980392156863
4 0.980392156863
2 0.980392156863
3 0.980392156863
4 0.988700564972
3 0.980392156863
6 0.987179487179
4 0.980392156863
1 1.0
4 1.0
6 1.0
4 0.980392156863
6 0.993333333333
5 0.985915492958
2 0.980392156863
4 0.980392156863
2 0.980392156863
6 0.980392156863
2 0.980392156863
1 0.980392156863
2 1.0
3 0.980392156863
6 0.994871794872
3 0.980392156863
4 1.0
2 0.980392156863
3 1.0
6 0.980392156863
4 0.984848484848
1 0.980392156863
6 0.980392156863
1 0.980392156863
5 0.980392156863
3 1.0
6 0.984848484848
2 0.980392156863
1 1.0
5 0.980392156863
4 0.980392156863
2 1.0
1 0.980392156863
2 0.980392156863
1 0.980392156863
2 1.0
5 0.992248062016
1 0.980392156863
1 0.980392156863
2 1.0
5 0.980392156863
4 0.980392156863
1 0.980392156863
5 0.980392156863
1 0.980392156863
3 0.991666666667
1 1.0
4 0.980392156863
3 0.980392156863
4 0.980392156863
4 0.980392156863
3 0.980392156863
4 0.984848484848
1 0.980392156863
3 0.980392156863
3 1.0
4 0.980392156863
4 0.980392156863
4 0.980392156863
1 0.980392156863
4 0.990740740741
4 0.985074626866
3 0.980392156863
5 0.980392156863
5 1.0
6 0.980392156863
1 0.980392156863
5 0.980392156863
6 0.986111111111
5 0.985507246377
6 0.982638888889
6 0.980392156863
6 0.994791666667
5 1.0
2 0.980392156863
5 0.993197278912
2 0.980392156863
3 0.981481481481
1 1.0
5 0.980392156863
6 0.994047619048
4 0.980392156863
5 1.0
2 0.980392156863
3 0.980392156863
1 1.0
4 0.985185185185
2 0.980392156863
3 0.980392156863
1 1.0
5 0.99358974359
5 0.980392156863
3 0.987654320988
5 0.980392156863
5 0.980392156863
6 0.983498349835
5 0.980392156863
4 0.980392156863
2 0.980392156863
5 0.980392156863
4 0.980392156863
5 0.980392156863
2 1.0
1 1.0
1 1.0
5 0.980392156863
1 0.980392156863
5 0.980392156863
2 0.980392156863
4 1.0
2 0.980392156863
1 1.0
4 0.984848484848
5 0.988888888889
2 0.980392156863
1 0.980392156863
2 0.980392156863
5 1.0
18 0.980392156863
24 0.991228070175
2 0.980392156863
112 0.996078431373
1 1.0
1 0.980392156863
1 0.980392156863
36 0.980392156863
29 0.983405483405
13 1.0
44 0.992319508449
1 0.980392156863
12 0.980392156863
1 0.980392156863
1 0.980392156863
3 0.990990990991
138 0.995884773663
1 1.0
14 0.988980716253
5 1.0
1 0.980392156863
1 1.0
21 0.994047619048
159 0.98976109215
100 1.0
11 0.987804878049
1 0.980392156863
1 0.980392156863
1 0.980392156863
3 0.993197278912
2 0.980392156863
35 0.991169977925
27 0.981765134938
166 1.0
1 0.980392156863
1 1.0
1 1.0
3 0.980392156863
10 1.0
1 0.980392156863
1 0.980392156863
3 1.0
50 0.992647058824
4 1.0
1 0.980392156863
8 0.989898989899
2 0.980392156863
16 0.980392156863
1 0.980392156863
1 0.980392156863
106 0.992812219227
1 1.0
3 0.980392156863
1 1.0
15 0.987596899225
86 0.992319508449
2 1.0
1 0.980392156863
5 0.986111111111
128 1.0
1 0.980392156863
1 0.980392156863
133 0.994047619048
1 0.980392156863
17 1.0
116 0.993421052632
26 0.993650793651
52 0.991111111111
14 0.992753623188
1 0.980392156863
31 1.0
1 1.0
1 0.980392156863
11 0.980392156863
38 0.993769470405
55 0.986469864699
1 0.980392156863
1 0.980392156863
27 0.992592592593
2 0.980392156863
6 1.0
