1 10 12 10000 1
5 21 60 50000 1
5 12 60 50000 1
1 1 4 3600 0
5 12 60 50000 1
5 3 23 20700 0
1 1 7 6300 0
4 23 48 40000 1
4 6 48 40000 1
4 32 48 40000 1
1 9 12 10000 1
4 16 48 40000 1
4 5 40 34400 0
1 8 12 10000 1
3 18 36 30000 1
2 4 24 20000 1
4 4 24 21600 0
4 2 18 16200 0
4 1 6 5400 0
2 1 7 6300 0
5 9 60 50000 1
2 1 7 6300 0
6 28 72 60000 1
1 2 9 8100 0
3 24 36 30000 1
5 21 60 50000 1
2 7 24 20000 1
5 16 60 50000 1
3 7 36 30000 1
1 4 12 10000 1
6 29 72 60000 1
6 11 72 60000 1
6 9 72 60000 1
1 2 12 10000 1
1 3 12 10000 1
5 28 60 50000 1
5 29 60 50000 1
5 26 60 50000 1
2 4 24 20000 1
6 7 56 50400 0
6 4 56 48000 0
3 20 36 30000 1
6 27 72 60000 1
2 1 9 8100 0
1 6 12 10000 1
5 11 60 50000 1
1 1 6 5400 0
2 1 7 6300 0
2 9 24 20000 1
3 16 36 30000 1
5 8 55 49500 0
1 10 12 10000 1
6 23 72 60000 1
2 4 24 20000 1
2 3 22 19000 0
1 6 12 10000 1
4 32 48 40000 1
1 4 12 10000 1
3 2 16 14400 0
3 20 36 30000 1
5 22 60 50000 1
1 1 5 4500 0
5 13 60 50000 1
1 5 12 10000 1
1 2 12 10000 1
3 16 36 30000 1
5 3 20 18000 0
4 15 48 40000 1
2 13 24 20000 1
2 3 24 20000 1
2 5 24 20000 1
5 13 60 50000 1
4 4 23 20700 0
3 16 36 30000 1
5 28 60 50000 1
4 14 48 40000 1
5 11 60 50000 1
5 39 60 50000 1
6 17 72 60000 1
5 7 45 38900 0
2 6 24 20000 1
2 14 24 20000 1
4 13 48 40000 1
1 9 12 10000 1
6 34 72 60000 1
4 24 48 40000 1
6 12 72 60000 1
5 18 60 50000 1
4 19 48 40000 1
6 13 72 60000 1
5 17 60 50000 1
1 4 12 10000 1
6 7 65 56100 0
4 18 48 40000 1
2 9 24 20000 1
5 20 60 50000 1
6 5 45 40500 0
4 18 48 40000 1
5 12 60 50000 1
5 21 60 50000 1
5 7 53 45300 0
6 7 54 45400 0
1 8 12 10000 1
1 4 12 10000 1
4 17 48 40000 1
2 21 24 20000 1
2 4 22 19000 0
4 25 48 40000 1
3 7 29 26100 0
4 13 48 40000 1
5 8 45 39700 0
3 10 36 30000 1
3 23 36 30000 1
5 15 60 50000 1
2 6 24 20000 1
3 19 36 30000 1
2 1 6 5400 0
1 5 12 10000 1
3 2 13 11700 0
4 17 48 40000 1
3 6 36 30000 1
1 1 5 4500 0
5 8 53 45300 0
1 4 12 10000 1
1 4 12 10000 1
5 4 31 27900 0
1 6 12 10000 1
2 7 24 20000 1
3 20 36 30000 1
3 22 36 30000 1
4 6 34 30600 0
1 2 12 10000 1
4 3 26 23400 0
6 26 72 60000 1
2 3 15 12700 0
6 7 42 37800 0
1 3 12 10000 1
4 12 48 40000 1
3 12 36 30000 1
6 6 48 41600 0
5 17 60 50000 1
6 17 72 60000 1
2 1 12 10800 0
6 28 72 60000 1
3 1 7 6300 0
4 22 48 40000 1
1 1 10 9000 0
3 10 36 30000 1
3 18 36 30000 1
2 1 7 6300 0
5 10 58 49000 0
1 10 12 10000 1
2 2 13 11700 0
4 8 48 40000 1
1 7 12 10000 1
4 23 48 40000 1
3 16 36 30000 1
3 9 36 30000 1
2 6 24 20000 1
4 19 48 40000 1
3 1 6 5400 0
6 26 72 60000 1
2 2 24 20000 1
2 15 24 20000 1
5 38 60 50000 1
6 1 12 10800 0
3 27 36 30000 1
6 7 42 37000 0
4 26 48 40000 1
5 1 9 8100 0
4 22 48 40000 1
6 23 72 60000 1
5 2 12 10800 0
5 15 60 50000 1
5 20 60 50000 1
4 15 48 40000 1
5 15 60 50000 1
4 15 48 40000 1
2 18 24 20000 1
6 12 72 60000 1
3 25 36 30000 1
5 13 57 49700 0
6 9 72 60000 1
1 1 6 5400 0
185 9 80 71200 0
94 10 117 102900 0
2 21 24 20000 1
7 35 84 70000 1
80 64 960 800000 1
10 20 120 100000 1
1 1 5 4500 0
1 7 12 10000 1
180 25 346 303400 0
1 3 12 10000 1
2 20 24 20000 1
1 5 12 10000 1
1 7 12 10000 1
111 2 12 10800 0
53 29 240 207200 0
3 20 36 30000 1
38 13 121 106500 0
1 5 12 10000 1
4 17 48 40000 1
1 5 12 10000 1
41 7 63 56700 0
1 2 12 10000 1
1 1 6 5400 0
161 9 60 54000 0
1 1 12 10000 1
1 2 12 10000 1
4 21 48 40000 1
1 1 9 8100 0
24 8 60 53200 0
1 2 12 10000 1
11 39 132 110000 1
2 1 5 4500 0
1 5 12 10000 1
45 25 189 163700 0
9 5 45 40500 0
2 10 24 20000 1
47 16 101 88500 0
126 14 137 118500 0
44 39 528 440000 1
1 4 12 10000 1
1 3 12 10000 1
39 1 8 7200 0
3 4 22 19800 0
1 8 12 10000 1
1 1 7 6300 0
12 2 14 12600 0
1 2 12 10000 1
1 2 12 10000 1
1 3 12 10000 1
1 4 12 10000 1
1 1 6 5400 0
4 3 27 24300 0
1 7 12 10000 1
1 9 12 10000 1
165 10 80 71200 0
12 11 95 83100 0
69 10 139 124300 0
123 31 376 319200 0
10 16 120 100000 1
1 1 10 9000 0
16 21 192 160000 1
1 5 12 10000 1
1 3 12 10000 1
1 9 12 10000 1
1 2 12 10000 1
1 1 7 6300 0
1 1 7 6300 0
2 4 24 20000 1
1 5 12 10000 1
5 5 25 22500 0
1 1 7 6300 0
2 20 24 20000 1
97 37 1164 970000 1
1 2 12 10000 1
17 11 77 69300 0
1 8 12 10000 1
2 3 21 18900 0
7 6 46 39800 0
1 2 12 10000 1
