4 17 40 40000 1
3 16 30 30000 1
3 1 7 7770 0
2 11 20 20000 1
4 1 12 12220 0
5 13 50 50000 1
2 11 20 20000 1
5 17 50 50000 1
3 10 30 30000 1
2 10 20 20000 1
4 21 40 40000 1
3 1 18 18880 0
2 9 20 20000 1
6 5 46 46660 0
2 2 20 20000 1
6 5 44 44440 0
3 11 30 30000 1
6 11 60 60000 1
1 1 7 7770 0
2 9 20 20000 1
6 10 60 60000 1
1 1 7 7770 0
5 17 50 50000 1
4 5 40 40000 1
3 16 30 30000 1
3 10 30 30000 1
3 9 30 30000 1
5 1 12 12220 0
5 3 47 47770 0
6 1 8 8880 0
6 18 60 60000 1
5 4 29 29990 0
3 1 15 15550 0
5 4 34 34440 0
4 2 22 22220 0
6 20 60 60000 1
6 9 60 60000 1
4 19 40 40000 1
6 2 12 12220 0
2 11 20 20000 1
2 1 9 9990 0
3 19 30 30000 1
6 11 60 60000 1
6 10 60 60000 1
3 11 30 30000 1
3 12 30 30000 1
2 4 20 20000 1
5 2 18 18880 0
3 4 30 30000 1
3 1 6 6660 0
4 14 40 40000 1
1 3 10 10000 1
3 6 30 30000 1
2 2 14 14440 0
5 19 50 50000 1
4 1 9 9990 0
1 5 10 10000 1
1 5 10 10000 1
2 3 19 19990 0
3 16 30 30000 1
2 8 20 20000 1
5 1 12 12220 0
3 12 30 30000 1
5 6 50 50000 1
2 1 13 13330 0
3 7 30 30000 1
1 4 10 10000 1
6 3 36 36660 0
3 10 30 30000 1
5 8 50 50000 1
4 8 40 40000 1
1 1 7 7770 0
6 26 60 60000 1
5 21 50 50000 1
3 4 28 28880 0
5 5 42 42220 0
6 17 60 60000 1
1 2 10 10000 1
3 8 30 30000 1
5 1 15 15550 0
1 1 8 8880 0
3 17 30 30000 1
4 2 28 28880 0
5 1 7 7770 0
4 9 40 40000 1
5 6 48 48880 0
4 17 40 40000 1
1 1 8 8880 0
3 1 9 9990 0
4 10 40 40000 1
3 1 9 9990 0
6 19 60 60000 1
2 5 20 20000 1
4 19 40 40000 1
6 9 60 60000 1
2 7 20 20000 1
3 7 30 30000 1
6 2 26 26660 0
3 10 30 30000 1
5 1 7 7770 0
3 16 30 30000 1
2 4 20 20000 1
6 1 12 12220 0
5 26 50 50000 1
5 14 50 50000 1
2 3 20 20000 1
3 1 15 15550 0
3 6 30 30000 1
4 5 40 40000 1
3 5 30 30000 1
5 7 50 50000 1
3 1 10 11100 0
4 1 6 6660 0
2 10 20 20000 1
5 14 50 50000 1
4 1 12 12220 0
3 3 24 24440 0
4 7 40 40000 1
6 6 60 60000 1
1 5 10 10000 1
3 5 30 30000 1
4 5 40 40000 1
1 1 9 9990 0
5 1 14 14440 0
2 7 20 20000 1
1 1 10 10000 1
5 21 50 50000 1
5 7 50 50000 1
4 13 40 40000 1
1 1 10 10000 1
6 18 60 60000 1
5 22 50 50000 1
3 7 30 30000 1
5 3 50 50000 1
2 3 20 20000 1
4 1 16 16660 0
4 16 40 40000 1
6 8 58 58880 0
3 5 30 30000 1
5 2 20 21100 0
3 7 30 30000 1
3 6 30 30000 1
6 17 60 60000 1
3 18 30 30000 1
1 7 10 10000 1
5 20 50 50000 1
2 3 20 20000 1
3 1 9 9990 0
4 10 40 40000 1
3 16 30 30000 1
3 1 7 7770 0
4 10 40 40000 1
6 17 60 60000 1
2 1 6 6660 0
6 5 45 45550 0
1 6 10 10000 1
6 12 60 60000 1
3 3 30 30000 1
3 6 30 30000 1
4 5 40 40000 1
1 3 10 10000 1
2 3 20 20000 1
2 1 7 7770 0
4 5 40 40000 1
1 1 7 7770 0
3 1 16 16660 0
6 17 60 60000 1
5 9 50 50000 1
2 3 20 20000 1
2 8 20 20000 1
6 16 60 60000 1
4 16 40 40000 1
1 1 10 10000 1
1 5 10 10000 1
5 15 50 50000 1
5 8 50 50000 1
6 22 60 60000 1
4 1 7 7770 0
1 6 10 10000 1
3 8 30 30000 1
6 10 60 60000 1
1 5 10 10000 1
4 1 8 8880 0
1 1 9 9990 0
1 3 10 10000 1
29 6 125 126650 0
18 12 180 180000 1
1 1 6 6660 0
49 20 472 475520 0
1 1 10 10000 1
3 8 30 30000 1
1 1 10 10000 1
1 2 10 10000 1
1 1 10 10000 1
98 3 54 55540 0
8 15 80 80000 1
3 17 30 30000 1
165 15 216 219960 0
5 1 15 15550 0
160 7 95 96650 0
91 12 165 165550 0
14 3 22 23320 0
1 7 10 10000 1
18 21 180 180000 1
1 5 10 10000 1
134 7 78 78880 0
7 6 70 70000 1
1 6 10 10000 1
86 14 176 176660 0
10 15 100 100000 1
1 1 10 10000 1
79 18 790 790000 1
14 5 55 55550 0
1 4 10 10000 1
1 1 10 10000 1
18 32 180 180000 1
155 17 263 265530 0
1 5 10 10000 1
48 31 480 480000 1
6 7 59 59990 0
175 21 426 429960 0
1 1 8 8880 0
117 1 12 12220 0
4 1 8 8880 0
1 8 10 10000 1
1 1 9 9990 0
117 8 172 175520 0
135 3 41 41110 0
1 6 10 10000 1
1 2 10 10000 1
1 7 10 10000 1
3 4 30 30000 1
1 1 10 10000 1
1 3 10 10000 1
1 3 10 10000 1
5 1 7 7770 0
1 4 10 10000 1
1 8 10 10000 1
41 10 165 171050 0
13 14 130 130000 1
3 1 14 14440 0
115 5 77 77770 0
1 5 10 10000 1
23 28 230 230000 1
5 2 21 22210 0
15 4 69 71090 0
1 1 10 10000 1
1 1 7 7770 0
1 5 10 10000 1
3 8 30 30000 1
1 2 10 10000 1
1 1 10 10000 1
2 1 16 16660 0
2 8 20 20000 1
70 24 700 700000 1
1 1 8 8880 0
1 3 10 10000 1
1 3 10 10000 1
3 17 30 30000 1
1 5 10 10000 1
4 2 27 27770 0
1 3 10 10000 1
3 10 30 30000 1
