4 0.900900900901
3 0.900900900901
3 1.0
2 0.900900900901
4 0.917417417417
5 0.900900900901
2 0.900900900901
5 0.900900900901
3 0.900900900901
2 0.900900900901
4 0.900900900901
3 0.944944944945
2 0.900900900901
6 0.913826870349
2 0.900900900901
6 0.90990990991
3 0.900900900901
6 0.900900900901
1 1.0
2 0.900900900901
6 0.900900900901
1 1.0
5 0.900900900901
4 0.900900900901
3 0.900900900901
3 0.900900900901
3 0.900900900901
5 0.917417417417
5 0.915660341192
6 1.0
6 0.900900900901
5 0.931655793725
3 0.933933933934
5 0.912559618442
4 0.90990990991
6 0.900900900901
6 0.900900900901
4 0.900900900901
6 0.917417417417
2 0.900900900901
2 1.0
3 0.900900900901
6 0.900900900901
6 0.900900900901
3 0.900900900901
3 0.900900900901
2 0.900900900901
5 0.944944944945
3 0.900900900901
3 1.0
4 0.900900900901
1 0.900900900901
3 0.900900900901
2 0.929214929215
5 0.900900900901
4 1.0
1 0.900900900901
1 0.900900900901
2 0.947842579422
3 0.900900900901
2 0.900900900901
5 0.917417417417
3 0.900900900901
5 0.900900900901
2 0.92376992377
3 0.900900900901
1 0.900900900901
6 0.917417417417
3 0.900900900901
5 0.900900900901
4 0.900900900901
1 1.0
6 0.900900900901
5 0.900900900901
3 0.929214929215
5 0.90561990562
6 0.900900900901
1 0.900900900901
3 0.900900900901
5 0.933933933934
1 1.0
3 0.900900900901
4 0.929214929215
5 1.0
4 0.900900900901
5 0.917417417417
4 0.900900900901
1 1.0
3 1.0
4 0.900900900901
3 1.0
6 0.900900900901
2 0.900900900901
4 0.900900900901
6 0.900900900901
2 0.900900900901
3 0.900900900901
6 0.92376992377
3 0.900900900901
5 1.0
3 0.900900900901
2 0.900900900901
6 0.917417417417
5 0.900900900901
5 0.900900900901
2 0.900900900901
3 0.933933933934
3 0.900900900901
4 0.900900900901
3 0.900900900901
5 0.900900900901
3 1.0
4 1.0
2 0.900900900901
5 0.900900900901
4 0.917417417417
3 0.917417417417
4 0.900900900901
6 0.900900900901
1 0.900900900901
3 0.900900900901
4 0.900900900901
1 1.0
5 0.929214929215
2 0.900900900901
1 0.900900900901
5 0.900900900901
5 0.900900900901
4 0.900900900901
1 0.900900900901
6 0.900900900901
5 0.900900900901
3 0.900900900901
5 0.900900900901
2 0.900900900901
4 0.938063063063
4 0.900900900901
6 0.914569742156
3 0.900900900901
5 0.95045045045
3 0.900900900901
3 0.900900900901
6 0.900900900901
3 0.900900900901
1 0.900900900901
5 0.900900900901
2 0.900900900901
3 1.0
4 0.900900900901
3 0.900900900901
3 1.0
4 0.900900900901
6 0.900900900901
2 1.0
6 0.911911911912
1 0.900900900901
6 0.900900900901
3 0.900900900901
3 0.900900900901
4 0.900900900901
1 0.900900900901
2 0.900900900901
2 1.0
4 0.900900900901
1 1.0
3 0.938063063063
6 0.900900900901
5 0.900900900901
2 0.900900900901
2 0.900900900901
6 0.900900900901
4 0.900900900901
1 0.900900900901
1 0.900900900901
5 0.900900900901
5 0.900900900901
6 0.900900900901
4 1.0
1 0.900900900901
3 0.900900900901
6 0.900900900901
1 0.900900900901
4 1.0
1 1.0
1 0.900900900901
29 0.912792792793
18 0.900900900901
1 1.0
49 0.907619483891
1 0.900900900901
3 0.900900900901
1 0.900900900901
1 0.900900900901
1 0.900900900901
98 0.926593259927
8 0.900900900901
3 0.900900900901
165 0.917417417417
5 0.933933933934
160 0.916548127074
91 0.903903903904
14 0.954954954955
1 0.900900900901
18 0.900900900901
1 0.900900900901
134 0.911064911065
7 0.900900900901
1 0.900900900901
86 0.904279279279
10 0.900900900901
1 0.900900900901
79 0.900900900901
14 0.90990990991
1 0.900900900901
1 0.900900900901
18 0.900900900901
155 0.909567362039
1 0.900900900901
48 0.900900900901
6 0.916017712628
175 0.909275472656
1 1.0
117 0.917417417417
4 1.0
1 0.900900900901
1 1.0
117 0.919337942594
135 0.903317952098
1 0.900900900901
1 0.900900900901
1 0.900900900901
3 0.900900900901
1 0.900900900901
1 0.900900900901
1 0.900900900901
5 1.0
1 0.900900900901
1 0.900900900901
41 0.933933933934
13 0.900900900901
3 0.929214929215
115 0.90990990991
1 0.900900900901
23 0.900900900901
5 0.95280995281
15 0.928189058624
1 0.900900900901
1 1.0
1 0.900900900901
3 0.900900900901
1 0.900900900901
1 0.900900900901
2 0.938063063063
2 0.900900900901
70 0.900900900901
1 1.0
1 0.900900900901
1 0.900900900901
3 0.900900900901
1 0.900900900901
4 0.926593259927
1 0.900900900901
3 0.900900900901
