5 4 118 44952 0
3 1 40 8729 0
1 11 103 10000 1
4 5 134 38892 0
2 4 67 15630 0
5 23 233 50000 1
4 3 76 25076 0
4 1 34 10329 0
5 28 226 50000 1
3 16 167 30000 1
3 4 106 25506 0
5 14 206 50000 1
4 1 38 11840 0
5 9 256 50000 1
3 21 175 30000 1
4 8 147 40000 1
4 22 155 40000 1
2 1 16 4561 0
4 1 31 8602 0
2 25 125 20000 1
2 19 159 20000 1
3 8 129 30000 1
1 19 105 10000 1
4 1 32 10809 0
1 7 80 10000 1
3 15 167 30000 1
5 16 191 50000 1
2 13 152 20000 1
5 12 189 50000 1
2 14 122 20000 1
1 13 83 10000 1
3 6 82 18275 0
4 20 196 40000 1
2 1 20 4177 0
2 16 102 20000 1
2 12 121 20000 1
4 1 30 9608 0
2 14 114 20000 1
2 2 31 6390 0
5 21 179 50000 1
1 2 47 5364 0
2 1 35 5276 0
2 5 89 16266 0
3 6 146 30000 1
5 12 190 50000 1
2 3 61 12096 0
5 23 241 50000 1
2 2 51 9368 0
2 4 79 16676 0
2 5 77 10114 0
3 14 121 30000 1
5 29 204 50000 1
6 14 244 60000 1
1 9 83 10000 1
6 18 234 60000 1
3 4 114 23012 0
3 18 146 30000 1
4 12 170 40000 1
6 12 175 60000 1
5 25 188 50000 1
3 5 73 17466 0
4 1 37 11013 0
3 15 142 30000 1
3 17 202 30000 1
5 1 22 9303 0
4 3 49 21621 0
4 8 199 40000 1
1 5 73 8357 0
3 18 135 30000 1
6 17 220 60000 1
1 4 52 6498 0
6 24 192 60000 1
3 11 178 30000 1
3 12 130 30000 1
2 13 107 20000 1
4 18 160 40000 1
4 14 156 40000 1
6 29 208 60000 1
3 4 65 18208 0
5 1 27 8783 0
4 1 37 10780 0
2 7 110 20000 1
1 1 22 2754 0
3 20 113 30000 1
1 5 78 10000 1
1 1 25 2811 0
6 2 59 24663 0
3 6 121 30000 1
3 25 167 30000 1
2 14 119 20000 1
5 1 46 15188 0
1 7 98 10000 1
3 15 165 30000 1
5 20 190 50000 1
2 5 104 15355 0
3 1 23 7946 0
2 12 109 20000 1
1 2 44 4751 0
4 1 20 8247 0
1 2 46 5637 0
4 9 176 40000 1
4 15 189 40000 1
6 1 31 10446 0
5 14 171 50000 1
1 6 94 10000 1
2 3 65 12798 0
1 2 47 5680 0
5 9 181 50000 1
5 4 66 20767 0
6 4 86 37974 0
1 15 86 10000 1
2 12 129 20000 1
1 6 97 10000 1
3 4 123 26306 0
3 1 28 7129 0
5 4 135 50000 1
1 4 50 5765 0
3 16 150 30000 1
5 16 240 50000 1
5 19 177 50000 1
5 1 43 14305 0
3 23 155 30000 1
2 22 123 20000 1
1 1 21 2791 0
2 1 21 5666 0
4 6 151 40000 1
5 1 27 13863 0
1 9 85 10000 1
5 2 75 29068 0
4 20 210 40000 1
4 1 45 13268 0
3 2 40 8295 0
6 13 282 60000 1
4 8 144 40000 1
2 2 34 7006 0
3 9 123 30000 1
3 9 111 30000 1
4 19 183 40000 1
2 24 116 20000 1
2 1 27 5369 0
4 7 198 39742 0
1 16 81 10000 1
2 12 136 20000 1
4 1 26 11282 0
6 6 191 60000 1
4 1 24 8341 0
4 8 145 40000 1
2 8 125 20000 1
3 15 125 30000 1
2 21 140 20000 1
2 4 77 13653 0
5 4 67 15205 0
3 1 21 5001 0
4 13 127 40000 1
1 11 88 10000 1
1 19 82 10000 1
3 5 99 22357 0
4 10 202 40000 1
4 5 95 28742 0
3 11 157 30000 1
2 5 82 15226 0
5 4 90 28078 0
2 4 93 17841 0
3 8 130 30000 1
3 7 98 18901 0
1 10 80 10000 1
2 23 105 20000 1
6 1 36 17204 0
5 10 178 50000 1
1 6 76 7243 0
2 11 150 20000 1
3 1 26 7842 0
2 6 132 20000 1
3 24 157 30000 1
5 4 117 50000 1
3 7 111 30000 1
4 15 147 40000 1
1 4 48 5763 0
1 10 89 10000 1
4 17 155 40000 1
2 20 121 20000 1
1 8 82 10000 1
1 3 71 7755 0
1 1 24 2747 0
1 21 111 10000 1
95 9 1892 950000 1
3 1 36 8411 0
24 2 49 36235 0
13 2 78 21063 0
71 28 2352 710000 1
1 12 89 10000 1
187 11 4858 1870000 1
52 32 1438 520000 1
181 10 4427 1810000 1
1 1 22 2470 0
2 17 120 20000 1
2 1 24 4241 0
93 15 2083 930000 1
7 3 148 46024 0
1 9 106 10000 1
21 1 68 32695 0
1 2 48 5127 0
34 21 1120 340000 1
156 1 59 33908 0
6 12 272 60000 1
26 9 645 260000 1
5 7 155 50000 1
10 3 126 56609 0
1 4 77 9238 0
1 8 88 10000 1
12 22 347 120000 1
1 18 142 10000 1
32 3 265 178244 0
96 1 75 53468 0
11 13 389 110000 1
11 29 317 110000 1
4 12 166 40000 1
1 16 94 10000 1
17 12 522 170000 1
14 9 289 85793 0
5 21 194 50000 1
39 27 1041 390000 1
68 7 1207 680000 1
1 11 96 10000 1
1 13 77 10000 1
2 18 108 20000 1
1 20 89 10000 1
59 28 1925 590000 1
1 3 70 8405 0
1 16 110 10000 1
3 1 35 8722 0
30 26 1003 300000 1
1 11 105 10000 1
1 10 110 10000 1
2 4 108 20000 1
1 10 106 10000 1
1 19 82 10000 1
5 6 218 50000 1
10 1 46 21506 0
5 6 123 38374 0
1 8 86 8548 0
86 8 1746 860000 1
1 2 50 4491 0
157 20 4147 1570000 1
5 1 25 10532 0
54 31 1618 540000 1
1 23 96 10000 1
22 22 622 220000 1
109 28 3008 1090000 1
1 5 93 8905 0
1 21 106 10000 1
2 1 21 4062 0
1 15 104 10000 1
3 2 51 10501 0
33 1 59 39278 0
1 6 66 8819 0
8 20 195 80000 1
1 15 112 10000 1
25 8 540 250000 1
1 20 85 10000 1
36 1 20 12085 0
1 8 91 10000 1
1 9 83 10000 1
