2 14 79 20000 1
4 1 47 19959 0
3 10 106 30000 1
2 4 79 20000 1
3 18 101 30000 1
5 9 132 50000 1
2 12 75 20000 1
3 13 115 30000 1
4 3 103 40000 1
5 3 80 50000 1
1 10 55 10000 1
3 1 20 11783 0
2 13 83 20000 1
2 3 81 20000 1
4 3 73 40000 1
4 18 103 40000 1
2 14 104 20000 1
2 13 101 20000 1
5 7 133 50000 1
5 2 107 50000 1
2 3 74 20000 1
6 3 89 60000 1
3 7 86 30000 1
4 1 33 17374 0
6 4 139 60000 1
3 1 28 11403 0
4 1 39 14705 0
1 10 68 10000 1
6 4 98 60000 1
2 11 87 20000 1
5 8 91 50000 1
2 10 104 20000 1
5 9 108 50000 1
1 8 54 10000 1
1 1 42 5271 0
1 4 56 10000 1
4 6 96 40000 1
3 3 50 18956 0
3 11 93 30000 1
6 10 112 60000 1
5 15 131 50000 1
3 1 33 9995 0
1 1 22 3720 0
1 3 58 10000 1
5 12 140 50000 1
3 4 104 30000 1
2 3 41 11979 0
5 4 96 50000 1
3 1 22 8963 0
4 18 128 40000 1
5 4 95 50000 1
4 6 73 40000 1
3 2 56 27158 0
2 12 96 20000 1
3 19 85 30000 1
6 9 143 60000 1
5 18 144 50000 1
6 6 140 60000 1
5 15 141 50000 1
2 18 92 20000 1
4 10 140 40000 1
3 10 91 30000 1
5 13 215 50000 1
1 14 67 10000 1
3 16 104 30000 1
4 13 148 40000 1
4 7 130 40000 1
4 5 144 40000 1
3 4 87 30000 1
4 4 111 40000 1
4 1 26 12899 0
5 17 143 50000 1
6 8 139 60000 1
4 20 135 40000 1
3 13 120 30000 1
3 1 34 10569 0
1 6 50 10000 1
3 1 11 4309 0
1 1 28 5306 0
6 7 173 60000 1
1 1 17 3617 0
5 2 120 50000 1
3 9 104 30000 1
1 3 54 10000 1
5 1 27 17716 0
4 13 119 40000 1
3 6 93 30000 1
5 1 17 11995 0
6 12 146 60000 1
3 15 112 30000 1
6 1 33 25205 0
6 1 28 19152 0
6 17 139 60000 1
5 3 81 46088 0
3 3 70 30000 1
5 3 88 50000 1
2 7 82 20000 1
4 13 126 40000 1
6 9 131 60000 1
5 7 124 50000 1
3 17 105 30000 1
2 15 87 20000 1
5 1 33 23388 0
3 12 80 30000 1
1 13 69 10000 1
2 1 26 9047 0
2 9 90 20000 1
2 1 18 5823 0
3 9 96 30000 1
2 6 95 20000 1
5 2 68 40885 0
3 16 97 30000 1
5 5 123 50000 1
3 14 95 30000 1
6 3 135 60000 1
6 12 188 60000 1
1 1 31 5111 0
6 17 168 60000 1
5 2 57 32982 0
3 17 100 30000 1
4 3 71 26292 0
1 3 57 10000 1
2 9 70 20000 1
1 2 59 9627 0
4 12 99 40000 1
3 1 19 7443 0
5 1 36 23075 0
1 12 70 10000 1
5 9 147 50000 1
5 10 125 50000 1
1 1 25 4446 0
4 8 165 40000 1
4 4 98 40000 1
2 16 102 20000 1
5 12 177 50000 1
5 3 105 40473 0
1 1 27 5549 0
2 2 60 18644 0
4 13 152 40000 1
1 16 64 10000 1
2 1 43 11173 0
2 10 63 20000 1
3 1 26 12050 0
1 7 58 10000 1
1 1 21 4032 0
1 9 69 10000 1
6 11 173 60000 1
6 14 167 60000 1
4 2 52 27397 0
6 1 21 19247 0
2 6 76 20000 1
2 16 91 20000 1
4 1 40 16971 0
2 1 48 12086 0
5 7 87 50000 1
5 2 95 50000 1
3 1 33 12325 0
6 8 141 60000 1
1 1 16 3373 0
6 17 160 60000 1
3 4 143 30000 1
5 3 116 50000 1
2 11 99 20000 1
2 4 82 20000 1
5 1 55 26287 0
1 11 61 10000 1
3 9 103 30000 1
3 19 94 30000 1
5 2 79 39997 0
2 12 80 20000 1
5 5 122 50000 1
3 12 103 30000 1
3 1 37 15096 0
5 3 81 50000 1
4 9 119 40000 1
4 1 51 24110 0
6 6 124 60000 1
4 11 90 40000 1
6 1 54 30334 0
5 7 146 50000 1
4 9 117 40000 1
5 3 117 50000 1
2 4 69 15748 0
2 5 81 20000 1
47 8 614 470000 1
55 6 687 550000 1
29 10 540 290000 1
1 17 65 10000 1
1 10 68 10000 1
1 3 68 10000 1
86 8 1424 860000 1
1 4 80 10000 1
2 4 63 20000 1
14 10 398 140000 1
7 21 135 70000 1
1 1 16 3042 0
1 13 70 10000 1
1 16 53 10000 1
171 8 1278 1710000 1
1 4 67 10000 1
10 9 268 100000 1
1 1 22 4564 0
91 9 991 910000 1
42 6 553 420000 1
25 21 605 250000 1
1 1 16 3195 0
1 4 63 10000 1
8 4 131 80000 1
6 10 132 60000 1
6 8 165 60000 1
123 8 2077 1230000 1
1 5 61 10000 1
39 4 421 390000 1
3 8 105 30000 1
8 2 107 80000 1
1 10 61 10000 1
147 6 1460 1470000 1
1 1 43 6774 0
12 3 106 97838 0
2 13 110 20000 1
2 4 70 20000 1
32 1 48 65314 0
1 16 58 10000 1
2 3 48 10978 0
1 1 27 5185 0
6 14 167 60000 1
42 10 960 420000 1
1 3 47 9727 0
1 3 60 10000 1
43 14 701 430000 1
1 1 17 1925 0
25 22 976 250000 1
1 3 66 10000 1
20 4 238 200000 1
21 8 388 210000 1
21 3 208 210000 1
1 3 74 10000 1
43 8 676 430000 1
1 4 56 10000 1
1 8 70 10000 1
1 1 27 5190 0
3 4 95 30000 1
1 6 78 10000 1
1 5 59 10000 1
1 6 59 10000 1
1 1 29 4980 0
1 3 65 10000 1
1 3 60 10000 1
3 9 101 30000 1
13 1 64 66381 0
2 7 74 20000 1
5 12 127 50000 1
1 1 19 3133 0
9 15 208 90000 1
17 3 141 170000 1
5 6 106 50000 1
169 8 2007 1690000 1
1 4 73 10000 1
3 1 35 16044 0
128 2 150 144449 0
1 15 66 10000 1
6 3 119 60000 1
2 6 78 20000 1
