2 0.602772754671
4 1.01109422492
3 0.673854447439
2 0.602772754671
3 0.707213578501
5 0.901875901876
2 0.634920634921
3 0.621118012422
4 0.924641701341
5 1.4880952381
1 0.4329004329
3 1.40273809524
2 0.57372346529
2 0.587889476778
4 1.30463144162
4 0.924641701341
2 0.457875457875
2 0.471475719
5 0.895094880057
5 1.11259457054
2 0.643500643501
6 1.6051364366
3 0.830564784053
4 1.25353535354
6 1.02774922919
3 0.969642857143
4 0.897741147741
1 0.350140056022
6 1.45772594752
2 0.547345374932
5 1.30821559393
2 0.457875457875
5 1.10229276896
1 0.440917107584
1 0.29880952381
1 0.425170068027
4 0.992063492063
3 0.902666666667
3 0.768049155146
6 1.27551020408
5 0.908760450745
3 0.72113997114
1 0.402597402597
1 0.410509031199
5 0.850340136054
3 0.686813186813
2 0.695644599303
5 1.24007936508
3 0.970021645022
4 0.744047619048
5 1.25313283208
4 1.30463144162
3 1.15467687075
2 0.496031746032
3 0.840336134454
6 0.999000999001
5 0.82671957672
6 1.02040816327
5 0.844309354948
2 0.517598343685
4 0.680272108844
3 0.784929356358
5 0.553709856035
1 0.355366027008
3 0.686813186813
4 0.643500643501
4 0.732600732601
4 0.661375661376
3 0.821018062397
4 0.858000858001
4 1.18122710623
5 0.832500832501
6 1.02774922919
4 0.705467372134
3 0.595238095238
3 0.74012605042
1 0.47619047619
3 0.932683982684
1 0.45119047619
6 0.825763831544
1 0.506582633053
5 0.992063492063
3 0.686813186813
1 0.440917107584
5 1.56225749559
4 0.800320128051
3 0.768049155146
5 1.6799719888
6 0.978473581213
3 0.637755102041
6 1.81854256854
6 1.62857142857
6 1.02774922919
5 1.35473251029
3 1.02040816327
5 1.35281385281
2 0.580720092915
4 0.755857898715
6 1.09051254089
5 0.960061443932
3 0.680272108844
2 0.547345374932
5 1.68744588745
3 0.892857142857
1 0.345065562457
2 0.82847985348
2 0.529100529101
2 0.770238095238
3 0.744047619048
2 0.501253132832
5 1.43154761905
3 0.736377025037
5 0.967866821525
3 0.751879699248
6 1.0582010582
6 0.759878419453
1 0.392549923195
6 0.850340136054
5 1.37769423559
3 0.714285714286
4 0.881690140845
1 0.417710944027
2 0.680272108844
1 0.388498789346
4 0.962000962001
3 0.932706766917
5 1.52612433862
1 0.340136054422
5 0.809847748623
5 0.952380952381
1 0.423428571429
4 0.577200577201
4 0.971817298348
2 0.46685340803
5 0.672585418348
5 0.917755102041
1 0.489329805996
2 0.739841269841
4 0.62656641604
1 0.372023809524
2 0.618660022148
2 0.755857898715
3 1.10347985348
1 0.410509031199
1 0.457142857143
1 0.345065562457
6 0.825763831544
6 0.855431993157
4 1.25444139194
6 2.18219954649
2 0.62656641604
2 0.523286237572
4 1.01017857143
2 0.599503968254
5 1.36836343733
5 1.25313283208
3 0.88924963925
6 1.01317122594
1 0.50193452381
6 0.892857142857
3 0.4995004995
5 1.026272578
2 0.481000481
2 0.580720092915
5 1.13796536797
1 0.390320062451
3 0.693481276006
3 0.759878419453
5 1.20545509343
2 0.595238095238
5 0.975800156128
3 0.693481276006
3 0.971428571429
5 1.46972369195
4 0.800320128051
4 1.12558356676
6 1.15207373272
4 1.0582010582
6 1.33747795414
5 0.815394651011
4 0.814000814001
5 1.0175010175
2 0.543409247757
2 0.587889476778
47 1.82255312548
55 1.90614819436
29 1.27865961199
1 0.3663003663
1 0.350140056022
1 0.350140056022
86 1.43793472445
1 0.297619047619
2 0.755857898715
14 0.837520938023
7 1.23456790123
1 0.452678571429
1 0.340136054422
1 0.449236298293
171 3.1857813548
1 0.355366027008
10 0.88841506752
1 0.493939393939
91 2.18634376051
42 1.80831826401
25 0.983864620228
1 0.475446428571
1 0.377928949358
8 1.45401672119
6 1.08225108225
6 0.865800865801
123 1.41000068781
1 0.390320062451
39 2.20563284696
3 0.680272108844
8 1.78015131286
1 0.390320062451
147 2.39726027397
1 0.375083056478
12 2.19761904762
2 0.4329004329
2 0.680272108844
32 3.23978174603
1 0.410509031199
2 0.544543650794
1 0.457231040564
6 0.855431993157
42 1.04166666667
1 0.492755825735
1 0.396825396825
43 1.46049860743
1 0.269607843137
25 0.60987509758
1 0.36075036075
20 2.00080032013
21 1.28865979381
21 2.40384615385
1 0.32175032175
43 1.5145111299
1 0.425170068027
1 0.340136054422
1 0.457671957672
3 0.751879699248
1 0.30525030525
1 0.403551251009
1 0.403551251009
1 0.408866995074
1 0.3663003663
1 0.396825396825
3 0.707213578501
13 2.46953125
2 0.643500643501
5 0.937382827147
1 0.392606516291
9 1.03021978022
17 2.87065180682
5 1.12309074573
169 2.00488765511
1 0.326157860404
3 1.09142857143
128 2.29284126984
1 0.36075036075
6 1.20048019208
2 0.610500610501
