1 1.0
3 1.0
4 1.0
4 1.0
4 1.0
4 1.0
1 1.0
5 1.0
1 1.0
1 1.0
4 1.0
2 1.0
5 1.0
4 1.0
3 1.0
2 1.0
4 1.0
2 1.0
5 1.0
5 1.0
6 1.0
2 1.0
1 1.0
5 1.0
5 1.0
3 1.0
3 1.0
2 1.0
3 1.0
4 1.0
4 1.0
4 1.0
2 1.0
3 1.0
5 1.0
4 1.0
5 1.0
3 1.0
5 1.0
4 1.0
3 1.0
3 1.0
4 1.0
4 1.0
3 1.0
1 1.0
4 1.0
4 1.0
1 1.0
2 1.0
1 1.0
5 1.0
4 1.0
5 1.0
3 1.0
5 1.0
5 1.0
4 1.0
4 1.0
2 1.0
2 1.0
2 1.0
3 1.0
6 1.0
6 1.0
4 1.0
5 1.0
3 1.0
4 1.0
2 1.0
2 1.0
5 1.0
5 1.0
5 1.0
2 1.0
1 1.0
1 1.0
3 1.0
2 1.0
4 1.0
2 1.0
5 1.0
4 1.0
1 1.0
1 1.0
3 1.0
4 1.0
3 1.0
6 1.0
5 1.0
2 1.0
2 1.0
2 1.0
1 1.0
3 1.0
2 1.0
3 1.0
1 1.0
1 1.0
5 1.0
5 1.0
3 1.0
4 1.0
2 1.0
4 1.0
2 1.0
3 1.0
4 1.0
3 1.0
1 1.0
5 1.0
3 1.0
3 1.0
3 1.0
2 1.0
2 1.0
4 1.0
3 1.0
5 1.0
4 1.0
3 1.0
2 1.0
3 1.0
2 1.0
6 1.0
2 1.0
2 1.0
4 1.0
3 1.0
3 1.0
1 1.0
5 1.0
4 1.0
1 1.0
5 1.0
3 1.0
5 1.0
1 1.0
5 1.0
6 1.0
4 1.0
4 1.0
2 1.0
4 1.0
3 1.0
2 1.0
3 1.0
3 1.0
5 1.0
4 1.0
3 1.0
2 1.0
2 1.0
6 1.0
4 1.0
5 1.0
6 1.0
4 1.0
5 1.0
2 1.0
2 1.0
3 1.0
3 1.0
5 1.0
1 1.0
1 1.0
6 1.0
5 1.0
5 1.0
2 1.0
2 1.0
2 1.0
2 1.0
2 1.0
4 1.0
6 1.0
3 1.0
1 1.0
1 1.0
2 1.0
3 1.0
167 1.0
1 1.0
6 1.0
28 1.0
1 1.0
7 1.0
1 1.0
37 1.0
1 1.0
24 1.0
15 1.0
1 1.0
33 1.0
1 1.0
32 1.0
2 1.0
1 1.0
3 1.0
1 1.0
5 1.0
10 1.0
8 1.0
2 1.0
115 1.0
9 1.0
54 1.0
153 1.0
1 1.0
1 1.0
1 1.0
1 1.0
1 1.0
2 1.0
3 1.0
1 1.0
2 1.0
118 1.0
58 1.0
127 1.0
6 1.0
90 1.0
1 1.0
2 1.0
9 1.0
49 1.0
30 1.0
1 1.0
2 1.0
72 1.0
69 1.0
124 1.0
1 1.0
73 1.0
1 1.0
1 1.0
9 1.0
1 1.0
10 1.0
44 1.0
1 1.0
95 1.0
8 1.0
151 1.0
1 1.0
1 1.0
15 1.0
11 1.0
3 1.0
128 1.0
52 1.0
156 1.0
1 1.0
1 1.0
132 1.0
5 1.0
1 1.0
3 1.0
84 1.0
1 1.0
1 1.0
52 1.0
