1 7 110 3960 0
3 17 488 17560 0
2 9 200 7200 0
5 10 382 13752 0
5 30 1343 48316 0
4 25 563 20260 0
2 17 477 17164 0
5 18 534 19216 0
1 30 278 10000 1
1 14 267 9612 0
5 24 990 35624 0
4 42 1112 40000 1
6 11 420 15120 0
5 7 329 11844 0
3 7 218 7848 0
4 9 449 16156 0
3 1 54 1944 0
1 21 278 10000 1
3 9 303 10908 0
2 28 458 16480 0
1 22 278 10000 1
2 19 421 15148 0
1 16 278 10000 1
4 2 92 3312 0
5 7 295 10620 0
3 13 603 21700 0
3 2 50 1800 0
2 15 360 12952 0
5 25 859 30908 0
3 41 832 29936 0
2 30 556 20000 1
5 25 683 24580 0
5 31 1274 45840 0
3 19 620 22312 0
1 20 278 10000 1
3 19 488 17560 0
4 15 365 13140 0
2 37 556 20000 1
1 21 278 10000 1
1 22 278 10000 1
2 14 422 15184 0
5 9 329 11844 0
3 22 712 25616 0
5 9 346 12456 0
3 4 180 6480 0
4 3 93 3348 0
5 17 415 14940 0
5 6 169 6084 0
4 30 738 26560 0
1 6 163 5868 0
5 20 1174 42240 0
4 32 927 33356 0
1 25 278 10000 1
4 23 648 23320 0
4 31 983 35372 0
4 9 324 11664 0
6 8 190 6840 0
5 26 843 30340 0
3 22 484 17416 0
5 2 54 1944 0
5 30 1135 40836 0
3 37 834 30000 1
6 8 222 7992 0
4 30 1005 36156 0
3 34 723 26012 0
4 15 874 31448 0
3 19 562 20224 0
3 49 834 30000 1
5 18 424 15264 0
6 12 378 13608 0
5 15 477 17164 0
4 8 231 8316 0
4 11 388 13968 0
4 49 1093 39324 0
2 10 204 7344 0
3 11 357 12852 0
5 27 1012 36416 0
2 1 40 1440 0
6 1 41 1476 0
2 29 556 20000 1
4 28 780 28072 0
3 19 438 15760 0
5 28 774 27856 0
2 17 473 17020 0
4 37 873 31412 0
4 17 311 11196 0
2 25 468 16840 0
3 9 197 7092 0
5 22 656 23608 0
1 17 278 10000 1
1 18 278 10000 1
3 6 273 9828 0
5 31 1058 38072 0
4 17 728 26200 0
2 12 511 18388 0
5 11 375 13500 0
1 21 278 10000 1
6 9 289 10404 0
5 35 1124 40440 0
5 17 826 29728 0
1 22 278 10000 1
1 7 190 6840 0
2 16 384 13816 0
2 5 111 3996 0
5 25 829 29836 0
5 3 113 4068 0
5 21 856 30808 0
4 12 465 16740 0
1 4 123 4428 0
1 31 278 10000 1
3 20 576 20728 0
2 19 420 15112 0
1 26 278 10000 1
2 31 556 20000 1
5 16 443 15948 0
4 66 1112 40000 1
5 7 351 12636 0
1 22 278 10000 1
3 28 834 30000 1
3 15 387 13932 0
1 24 278 10000 1
2 20 477 17164 0
3 9 443 15940 0
3 14 332 11952 0
5 18 504 18144 0
2 15 223 8028 0
4 12 280 10080 0
3 34 834 30000 1
4 38 1064 38280 0
5 34 977 35156 0
3 29 634 22816 0
4 7 238 8568 0
2 13 542 19504 0
4 4 138 4968 0
2 26 458 16480 0
5 2 150 5400 0
4 29 924 33248 0
6 18 626 22528 0
5 37 1027 36956 0
2 36 556 20000 1
1 20 255 9180 0
2 7 176 6336 0
4 15 693 24940 0
5 7 255 9180 0
3 1 41 1476 0
3 4 123 4428 0
2 9 307 11052 0
1 30 278 10000 1
4 13 277 9972 0
3 9 459 16516 0
1 25 278 10000 1
1 29 278 10000 1
3 7 235 8460 0
3 29 760 27344 0
2 10 202 7272 0
4 13 469 16884 0
4 19 654 23536 0
5 17 398 14328 0
2 11 242 8712 0
1 12 216 7776 0
2 11 238 8568 0
4 21 903 32492 0
4 20 527 18964 0
5 16 500 18000 0
5 41 1390 50000 1
4 4 150 5400 0
4 3 66 2376 0
5 17 596 21448 0
1 4 121 4356 0
6 31 1556 55984 0
4 1 35 1260 0
4 5 137 4932 0
4 32 969 34868 0
4 13 308 11088 0
1 2 73 2628 0
1 17 278 10000 1
1 25 278 10000 1
1 39 278 10000 1
3 43 830 29864 0
5 27 1077 38756 0
4 11 480 17272 0
20 14 865 31132 0
1 33 278 10000 1
25 18 550 19800 0
153 98 42534 1530000 1
5 8 248 8928 0
55 16 662 23832 0
1 25 278 10000 1
1 23 278 10000 1
1 10 258 9288 0
1 29 278 10000 1
38 47 2447 88060 0
21 7 340 12240 0
26 3 248 8928 0
1 13 234 8424 0
54 34 1463 52652 0
75 16 815 29332 0
1 7 99 3564 0
1 25 278 10000 1
1 19 278 10000 1
69 17 1045 37612 0
1 19 278 10000 1
1 3 68 2448 0
1 12 267 9612 0
3 28 741 26660 0
1 32 278 10000 1
174 32 2130 76648 0
5 35 988 35552 0
1 7 150 5400 0
6 10 325 11700 0
1 32 278 10000 1
1 21 278 10000 1
6 28 888 31960 0
1 1 19 684 0
1 13 172 6192 0
129 30 1567 56388 0
46 7 236 8496 0
1 1 20 720 0
155 27 1355 48764 0
17 37 1912 68808 0
14 7 367 13212 0
85 34 3573 128580 0
1 16 179 6444 0
50 30 2522 90744 0
3 6 209 7524 0
1 9 168 6048 0
17 20 1336 48088 0
4 26 717 25804 0
25 21 1039 37388 0
1 12 182 6552 0
4 14 245 8820 0
4 38 1112 40000 1
1 1 31 1116 0
4 12 344 12384 0
7 9 407 14652 0
13 27 1098 39512 0
1 16 278 10000 1
2 21 464 16696 0
170 21 997 35884 0
20 22 1236 44488 0
1 53 278 10000 1
1 1 29 1044 0
177 25 828 29800 0
4 20 504 18136 0
1 18 278 10000 1
6 35 1038 37352 0
8 16 705 25380 0
1 6 129 4644 0
1 38 278 10000 1
1 30 278 10000 1
1 22 278 10000 1
2 89 556 20000 1
1 10 278 10000 1
113 14 1403 50500 0
13 23 1153 41500 0
4 26 1042 37488 0
148 41 1581 56900 0
1 33 278 10000 1
7 1 63 2268 0
2 21 407 14644 0
79 1 38 1368 0
2 31 556 20000 1
