1 1.0
3 0.999544626594
2 1.0
5 1.0
5 0.999338131877
4 0.999605289126
2 0.99953412532
5 0.999583853516
1 0.999200639488
1 1.0
5 0.999551066218
4 0.999200639488
6 1.0
5 1.0
3 1.0
4 0.999505073002
3 1.0
1 0.999200639488
3 1.0
2 0.999514798641
1 0.999200639488
2 0.999472156242
1 0.999200639488
4 1.0
5 1.0
3 0.999631472268
3 1.0
2 0.999382716049
5 0.999482602509
3 0.999465811966
2 0.999200639488
5 0.999674638035
5 0.999476713762
3 0.999641577061
1 0.999200639488
3 0.999544626594
4 1.0
2 0.999200639488
1 0.999200639488
1 0.999200639488
2 0.999473407056
5 1.0
3 0.999375780275
5 1.0
3 1.0
4 1.0
5 1.0
5 1.0
4 0.999698885878
1 1.0
5 0.999432140829
4 0.999520556155
1 0.999200639488
4 0.999657064472
4 0.999547869334
4 1.0
6 1.0
5 0.999736391195
3 0.999540863177
5 1.0
5 0.999412628488
3 0.999200639488
6 1.0
4 0.999336650083
3 0.999385277394
4 0.999491482329
3 0.999604586793
3 0.999200639488
5 1.0
6 1.0
5 0.99953412532
4 1.0
4 1.0
4 0.999390057944
2 1.0
3 1.0
5 0.999560825648
2 1.0
6 1.0
2 0.999200639488
4 0.999715099715
3 0.999492643328
5 0.999712891186
2 0.999530185577
4 0.999490899835
4 1.0
2 0.999525166192
3 1.0
5 0.999661246612
1 0.999200639488
1 0.999200639488
3 1.0
5 0.999579920185
4 0.999694749695
2 0.999565122853
5 1.0
1 0.999200639488
6 1.0
5 0.99940688019
5 0.999730965833
1 0.999200639488
1 1.0
2 0.999421296296
2 1.0
5 0.999731939418
5 1.0
5 0.9997403946
4 1.0
1 1.0
1 0.999200639488
3 0.999614197531
2 0.999470899471
1 0.999200639488
2 0.999200639488
5 1.0
4 0.999200639488
5 1.0
1 0.999200639488
3 0.999200639488
3 1.0
1 0.999200639488
2 0.99953412532
3 0.999498369702
3 1.0
5 1.0
2 1.0
4 1.0
3 0.999200639488
4 0.999373433584
5 0.999545092687
3 0.999649491763
4 1.0
2 0.9995899959
4 1.0
2 0.999514798641
5 1.0
4 0.999518999519
6 0.999645012425
5 0.999567240074
2 0.999200639488
1 1.0
2 1.0
4 0.999679333013
5 1.0
3 1.0
3 1.0
2 1.0
1 0.999200639488
4 1.0
3 0.999515855725
1 0.999200639488
1 0.999200639488
3 1.0
3 0.999415204678
2 1.0
4 1.0
4 0.999660210669
5 1.0
2 1.0
1 1.0
2 1.0
4 0.999507813461
4 0.999578325954
5 1.0
5 0.999200639488
4 1.0
4 1.0
5 0.999627143922
1 1.0
6 0.999428734647
4 1.0
4 1.0
4 0.999541337003
4 1.0
1 1.0
1 0.999200639488
1 0.999200639488
1 0.999200639488
3 0.999464524766
5 0.999587331064
4 0.999537037037
20 0.999743095697
1 0.999200639488
25 1.0
153 0.999200639488
5 1.0
55 1.0
1 0.999200639488
1 0.999200639488
1 1.0
1 0.999200639488
38 0.999636743405
21 1.0
26 1.0
1 1.0
54 0.999696210223
75 0.999727334697
1 1.0
1 0.999200639488
1 0.999200639488
69 0.999787347156
1 0.999200639488
1 1.0
1 1.0
3 0.999400209927
1 0.999200639488
174 0.999582681273
5 0.999550157445
1 1.0
6 1.0
1 0.999200639488
1 0.999200639488
6 0.99974974975
1 1.0
1 1.0
129 0.999574558605
46 1.0
1 1.0
155 0.99967199672
17 0.999651324965
14 1.0
85 0.999626830861
1 1.0
50 0.999471319059
3 1.0
1 1.0
17 0.999833666001
4 0.999690066636
25 0.999572238263
1 1.0
4 1.0
4 0.999200639488
1 1.0
4 1.0
7 1.0
13 0.999595223639
1 0.999200639488
2 0.999521072797
170 0.999777109105
20 0.999820208558
1 0.999200639488
1 1.0
177 0.999731615674
4 0.999559082892
1 0.999200639488
6 0.999571826161
8 1.0
1 1.0
1 0.999200639488
1 0.999200639488
1 0.999200639488
2 0.999200639488
1 0.999200639488
113 0.99984160925
13 0.999807266069
4 0.999360204734
148 0.999718883969
1 0.999200639488
7 1.0
2 0.999453999454
79 1.0
2 0.999200639488
