5 0.996810207337
2 0.996810207337
3 0.997644287397
5 0.996810207337
2 0.996810207337
5 0.996810207337
4 0.998018821199
3 0.996810207337
2 0.996810207337
3 0.996810207337
3 1.0
6 0.998658618377
3 0.998495109105
5 0.996810207337
3 0.996810207337
2 0.998307952623
6 0.996810207337
3 0.998412698413
5 0.998481397115
2 1.0
2 0.996810207337
1 1.0
5 0.997175141243
5 0.998866213152
5 0.998742138365
2 0.996810207337
1 0.996810207337
4 0.997660818713
2 0.996810207337
4 0.997399219766
2 0.996810207337
3 0.996810207337
5 0.996810207337
5 0.997303673745
3 0.996810207337
2 1.0
2 1.0
1 0.996810207337
5 0.997601918465
1 1.0
5 0.996810207337
5 0.998727735369
5 0.996810207337
4 0.998353909465
6 1.0
5 0.997973657548
1 1.0
1 0.996810207337
2 0.996810207337
6 0.996810207337
4 0.996810207337
2 1.0
3 0.996810207337
1 1.0
2 0.996810207337
2 0.996810207337
5 0.99846390169
5 0.997709049255
2 0.996810207337
4 0.998435054773
2 1.0
2 1.0
1 1.0
1 0.996810207337
1 0.996810207337
1 0.996810207337
2 0.996810207337
3 1.0
3 0.998420221169
4 0.996810207337
4 0.998749218261
3 0.996810207337
3 1.0
4 0.99797979798
2 0.997343957503
5 0.996810207337
2 0.996810207337
3 0.996810207337
4 0.998116760829
5 0.996810207337
5 1.0
1 0.996810207337
3 1.0
2 0.997755331089
3 0.996810207337
1 0.996810207337
4 0.996810207337
6 0.998397435897
3 0.996810207337
4 0.996810207337
3 0.998056365403
4 0.996810207337
4 0.997955010225
3 0.996810207337
3 0.996810207337
6 0.996810207337
3 0.996810207337
1 0.996810207337
4 0.996810207337
4 0.997590361446
4 1.0
3 0.996810207337
4 1.0
4 1.0
1 0.996810207337
2 1.0
3 0.996810207337
1 1.0
2 0.996810207337
3 0.996810207337
1 0.996810207337
3 1.0
2 0.996810207337
4 0.996810207337
5 0.996810207337
5 0.998442367601
5 0.996810207337
1 0.996810207337
1 1.0
4 0.996810207337
1 0.996810207337
2 0.996810207337
4 0.998050682261
4 0.996810207337
2 0.996810207337
2 1.0
3 0.997656707674
6 0.996810207337
5 0.996810207337
2 0.996810207337
5 0.997682502897
4 0.996810207337
4 1.0
5 0.998198198198
1 0.996810207337
1 0.996810207337
3 0.998198198198
2 0.996810207337
2 0.998207885305
2 0.996810207337
4 0.996810207337
6 0.998787878788
5 0.996810207337
2 1.0
5 0.996810207337
3 0.996810207337
6 0.996810207337
1 1.0
6 0.996810207337
4 0.997870074547
1 1.0
2 0.996810207337
1 0.996810207337
3 0.996810207337
4 0.99783197832
1 1.0
2 0.997792494481
1 0.996810207337
5 0.996810207337
5 0.998089780325
1 1.0
2 0.996810207337
1 1.0
2 0.996810207337
5 0.997851772288
2 0.996810207337
2 0.996810207337
5 0.996810207337
1 0.996810207337
3 0.998203054807
4 0.998039215686
2 1.0
5 0.996810207337
5 0.997945557268
1 0.996810207337
5 0.996810207337
5 0.996810207337
4 0.996810207337
3 1.0
3 0.996810207337
1 0.996810207337
1 1.0
58 0.997325553124
1 1.0
1 0.996810207337
1 0.996810207337
4 0.996810207337
1 0.996810207337
1 0.996810207337
2 0.998062015504
1 0.996810207337
1 0.996810207337
167 0.998832457677
1 1.0
1 1.0
1 0.996810207337
1 1.0
1 0.996810207337
86 0.998866213152
1 0.996810207337
1 1.0
1 0.996810207337
14 1.0
1 0.996810207337
1 0.996810207337
1 0.996810207337
82 0.99805210616
1 1.0
15 0.998667998668
6 0.998705501618
1 0.996810207337
66 0.997506234414
1 0.996810207337
1 0.996810207337
70 0.996810207337
14 0.997915581032
75 0.99782844734
1 0.996810207337
1 0.996810207337
35 0.998491704374
1 0.996810207337
41 0.9975399754
1 0.996810207337
1 0.996810207337
157 0.997632335532
1 1.0
12 0.998345740281
4 0.997724687144
135 0.997340053199
2 1.0
1 0.996810207337
1 0.996810207337
12 0.996810207337
1 0.996810207337
49 0.997649271274
168 0.996810207337
1 1.0
3 0.996810207337
1 0.996810207337
5 0.998254799302
9 0.996810207337
1 1.0
4 0.996810207337
21 1.0
1 1.0
1 1.0
109 1.0
1 0.996810207337
41 0.998349834983
1 0.996810207337
1 0.996810207337
1 0.996810207337
1 1.0
1 0.996810207337
3 0.996810207337
5 0.996810207337
2 1.0
1 0.996810207337
4 0.998692810458
1 1.0
1 0.996810207337
1 1.0
