3 1.0
6 1.0
2 1.0
2 1.0
1 1.0
6 1.0
3 1.0
3 1.0
4 1.0
6 1.0
5 1.0
4 1.0
5 1.0
4 1.0
6 1.0
1 1.0
4 1.0
4 1.0
2 1.0
4 1.0
5 1.0
4 1.0
2 1.0
1 1.0
2 1.0
4 1.0
6 1.0
5 1.0
1 1.0
1 1.0
2 1.0
1 1.0
1 1.0
3 1.0
2 1.0
3 1.0
2 1.0
3 1.0
3 1.0
4 1.0
3 1.0
3 1.0
1 1.0
4 1.0
3 1.0
5 1.0
2 1.0
3 1.0
5 1.0
2 1.0
3 1.0
3 1.0
2 1.0
5 1.0
2 1.0
2 1.0
4 1.0
3 1.0
4 1.0
2 1.0
2 1.0
3 1.0
4 1.0
1 1.0
3 1.0
2 1.0
1 1.0
1 1.0
3 1.0
2 1.0
5 1.0
3 1.0
2 1.0
5 1.0
1 1.0
5 1.0
3 1.0
4 1.0
3 1.0
3 1.0
4 1.0
2 1.0
4 1.0
3 1.0
3 1.0
3 1.0
5 1.0
5 1.0
2 1.0
5 1.0
2 1.0
4 1.0
4 1.0
3 1.0
1 1.0
1 1.0
4 1.0
3 1.0
3 1.0
3 1.0
2 1.0
2 1.0
1 1.0
3 1.0
3 1.0
1 1.0
1 1.0
5 1.0
3 1.0
6 1.0
2 1.0
2 1.0
1 1.0
2 1.0
4 1.0
4 1.0
5 1.0
2 1.0
4 1.0
5 1.0
1 1.0
2 1.0
4 1.0
1 1.0
5 1.0
4 1.0
3 1.0
2 1.0
1 1.0
4 1.0
4 1.0
2 1.0
5 1.0
2 1.0
6 1.0
3 1.0
4 1.0
1 1.0
1 1.0
5 1.0
4 1.0
4 1.0
4 1.0
4 1.0
2 1.0
3 1.0
5 1.0
6 1.0
5 1.0
2 1.0
2 1.0
3 1.0
1 1.0
1 1.0
2 1.0
5 1.0
4 1.0
4 1.0
5 1.0
6 1.0
2 1.0
6 1.0
5 1.0
1 1.0
4 1.0
1 1.0
2 1.0
5 1.0
1 1.0
5 1.0
1 1.0
4 1.0
3 1.0
5 1.0
2 1.0
2 1.0
2 1.0
1 1.0
3 1.0
3 1.0
5 1.0
3 1.0
3 1.0
8 1.0
2 1.0
6 1.0
1 1.0
4 1.0
1 1.0
1 1.0
5 1.0
1 1.0
1 1.0
4 1.0
38 1.0
1 1.0
1 1.0
2 1.0
1 1.0
1 1.0
2 1.0
10 1.0
1 1.0
123 1.0
1 1.0
2 1.0
16 1.0
32 1.0
1 1.0
1 1.0
1 1.0
2 1.0
19 1.0
5 1.0
16 1.0
4 1.0
1 1.0
3 1.0
15 1.0
1 1.0
3 1.0
2 1.0
14 1.0
90 1.0
1 1.0
45 1.0
2 1.0
1 1.0
15 1.0
45 1.0
1 1.0
1 1.0
8 1.0
1 1.0
1 1.0
1 1.0
2 1.0
1 1.0
8 1.0
1 1.0
1 1.0
1 1.0
1 1.0
15 1.0
1 1.0
24 1.0
1 1.0
77 1.0
34 1.0
47 1.0
116 1.0
1 1.0
82 1.0
1 1.0
1 1.0
17 1.0
1 1.0
1 1.0
1 1.0
1 1.0
2 1.0
7 1.0
