2 8 56 20000 1
3 22 84 30000 1
3 9 71 25480 0
2 16 56 20000 1
4 5 50 18000 0
3 3 48 17280 0
1 11 28 10000 1
4 23 112 40000 1
3 34 84 30000 1
1 2 15 5400 0
4 25 112 40000 1
5 29 140 50000 1
5 10 79 28440 0
3 29 84 30000 1
1 7 28 10000 1
2 1 10 3600 0
5 15 140 50000 1
3 2 26 9360 0
5 22 140 50000 1
4 12 112 40000 1
3 23 84 30000 1
4 10 87 31160 0
4 2 31 11160 0
2 1 21 7560 0
5 20 140 50000 1
1 9 28 10000 1
3 13 84 30000 1
6 23 168 60000 1
4 6 78 28080 0
5 11 93 33480 0
2 1 9 3240 0
5 1 10 3600 0
3 31 84 30000 1
2 31 56 20000 1
5 36 140 50000 1
3 6 41 14760 0
3 12 84 30000 1
1 1 16 5760 0
4 24 112 40000 1
5 23 140 50000 1
3 20 84 30000 1
2 13 56 20000 1
2 14 56 20000 1
6 21 168 60000 1
4 30 112 40000 1
1 4 28 10000 1
2 3 21 7560 0
2 23 56 20000 1
3 15 84 30000 1
4 19 112 40000 1
1 4 28 10000 1
3 4 48 17280 0
2 18 56 20000 1
3 2 38 13680 0
4 37 112 40000 1
2 1 9 3240 0
4 33 112 40000 1
3 13 84 30000 1
1 8 28 10000 1
3 12 84 30000 1
5 18 140 50000 1
1 2 21 7560 0
5 30 140 50000 1
6 14 151 54040 0
2 3 42 15040 0
4 16 112 40000 1
5 15 140 50000 1
4 24 112 40000 1
2 9 56 20000 1
1 4 28 10000 1
2 5 56 20000 1
5 9 70 25120 0
1 7 28 10000 1
2 17 56 20000 1
4 9 112 40000 1
2 9 56 20000 1
4 11 105 37800 0
5 22 140 50000 1
1 3 25 9000 0
5 22 140 50000 1
1 14 28 10000 1
5 14 140 50000 1
5 25 140 50000 1
1 11 28 10000 1
2 18 56 20000 1
5 5 73 26280 0
5 13 99 35640 0
1 4 28 10000 1
1 1 8 2880 0
6 24 168 60000 1
3 24 84 30000 1
5 25 140 50000 1
3 6 58 20880 0
2 16 56 20000 1
5 10 103 37080 0
2 12 56 20000 1
2 25 56 20000 1
3 17 84 30000 1
3 22 84 30000 1
5 5 40 14320 0
4 5 61 21880 0
4 12 112 40000 1
6 16 168 60000 1
5 14 140 50000 1
1 1 7 2520 0
3 1 13 4680 0
5 14 140 50000 1
4 1 10 3600 0
1 1 10 3600 0
2 5 55 19720 0
6 12 128 45920 0
4 19 112 40000 1
5 46 140 50000 1
3 3 33 11880 0
5 7 99 35560 0
4 25 112 40000 1
3 28 84 30000 1
5 17 132 47280 0
2 20 56 20000 1
2 3 56 20000 1
5 16 140 50000 1
4 13 112 40000 1
6 19 168 60000 1
5 32 140 50000 1
4 7 90 32240 0
6 22 168 60000 1
2 6 56 20000 1
1 1 8 2880 0
3 29 84 30000 1
4 1 10 3600 0
2 9 56 20000 1
1 12 28 10000 1
5 33 140 50000 1
1 2 16 5760 0
1 12 28 10000 1
3 12 84 30000 1
4 5 80 28800 0
6 23 168 60000 1
6 11 139 49880 0
3 16 84 30000 1
3 10 84 30000 1
3 10 76 27280 0
2 6 56 20000 1
4 17 112 40000 1
2 12 56 20000 1
2 3 27 9720 0
4 19 112 40000 1
1 7 28 10000 1
2 20 56 20000 1
3 15 84 30000 1
1 5 28 10000 1
4 5 45 16200 0
1 1 13 4680 0
1 11 28 10000 1
4 8 85 30600 0
3 3 30 10800 0
4 3 55 19720 0
4 17 112 40000 1
5 1 12 4320 0
1 4 28 10000 1
6 11 168 60000 1
4 21 112 40000 1
4 5 36 12960 0
6 30 168 60000 1
2 14 56 20000 1
5 1 10 3600 0
3 3 43 15480 0
1 1 8 2880 0
2 29 56 20000 1
4 21 112 40000 1
1 13 28 10000 1
2 1 20 7200 0
1 3 28 10000 1
1 1 8 2880 0
2 3 41 14680 0
3 3 27 9720 0
5 4 44 15840 0
4 40 112 40000 1
5 2 16 5760 0
2 3 27 9720 0
3 14 84 30000 1
6 33 168 60000 1
11 6 60 21600 0
1 15 28 10000 1
1 2 27 9720 0
6 10 168 60000 1
1 2 26 9360 0
2 12 56 20000 1
1 15 28 10000 1
7 13 168 60080 0
8 18 224 80000 1
1 5 28 10000 1
1 1 11 3960 0
1 5 28 10000 1
1 1 18 6480 0
151 27 412 147680 0
3 23 84 30000 1
12 17 307 109880 0
4 13 112 40000 1
11 6 52 18720 0
89 31 856 306560 0
1 1 15 5400 0
16 11 94 33840 0
63 34 1122 401920 0
1 1 19 6840 0
2 1 15 5400 0
1 3 24 8640 0
29 8 54 19440 0
134 21 393 141240 0
1 2 20 7200 0
1 1 8 2880 0
94 31 502 179920 0
14 17 165 59240 0
2 18 56 20000 1
1 8 28 10000 1
4 25 112 40000 1
1 5 28 10000 1
1 2 22 7920 0
98 3 60 21600 0
1 1 10 3600 0
1 5 28 10000 1
6 21 168 60000 1
1 9 28 10000 1
1 2 17 6120 0
13 7 59 21240 0
1 3 23 8280 0
134 3 31 11160 0
1 1 12 4320 0
3 22 84 30000 1
1 19 28 10000 1
3 26 84 30000 1
1 19 28 10000 1
1 15 28 10000 1
9 1 8 2880 0
80 9 79 28440 0
11 12 135 48520 0
5 22 140 50000 1
1 1 14 5040 0
2 2 22 7920 0
31 18 286 102720 0
1 17 28 10000 1
4 15 112 40000 1
1 2 20 7200 0
1 2 28 10000 1
1 17 28 10000 1
1 1 13 4680 0
1 1 13 4680 0
16 41 448 160000 1
1 1 12 4320 0
5 22 140 50000 1
1 10 28 10000 1
3 1 11 3960 0
2 13 56 20000 1
1 4 28 10000 1
1 12 28 10000 1
15 27 420 150000 1
1 8 28 10000 1
4 5 63 22600 0
1 17 28 10000 1
56 25 600 215200 0
1 1 14 5040 0
32 11 92 33120 0
