1 2 18 8640 0
3 9 63 30000 1
5 14 105 50000 1
5 9 105 50000 1
1 1 15 7200 0
4 8 84 40000 1
4 1 17 8160 0
4 13 84 40000 1
1 10 21 10000 1
5 4 40 19200 0
5 5 90 43120 0
3 9 63 30000 1
1 2 21 10000 1
2 2 40 19200 0
4 17 84 40000 1
2 1 10 4800 0
2 17 42 20000 1
3 1 22 10560 0
5 2 20 9600 0
3 1 9 4320 0
5 4 36 17280 0
3 10 63 30000 1
2 2 31 14800 0
1 8 21 10000 1
5 5 105 50000 1
2 8 42 20000 1
2 12 42 20000 1
2 9 42 20000 1
1 11 21 10000 1
5 7 63 30240 0
3 3 48 23040 0
5 1 10 4800 0
2 1 10 4800 0
5 12 105 50000 1
5 16 105 50000 1
6 3 37 17760 0
4 18 84 40000 1
4 4 84 40000 1
3 6 63 30000 1
2 6 42 20000 1
4 25 84 40000 1
1 6 21 10000 1
3 9 63 30000 1
5 11 105 50000 1
4 17 84 40000 1
4 1 23 11040 0
3 10 63 30000 1
2 3 42 20000 1
1 4 21 10000 1
1 1 9 4320 0
3 13 63 30000 1
4 4 59 28320 0
4 27 84 40000 1
5 27 105 50000 1
3 18 63 30000 1
4 11 84 40000 1
2 16 42 20000 1
1 9 21 10000 1
6 7 126 60000 1
1 1 16 7680 0
4 10 84 40000 1
5 1 21 10080 0
5 30 105 50000 1
1 4 21 10000 1
2 17 42 20000 1
4 5 75 35840 0
4 11 84 40000 1
3 20 63 30000 1
4 3 33 15840 0
6 7 55 26400 0
6 3 47 22560 0
4 1 15 7200 0
5 31 105 50000 1
1 11 21 10000 1
6 4 60 28800 0
4 5 60 28800 0
1 1 9 4320 0
3 13 63 30000 1
5 2 46 22080 0
3 13 63 30000 1
5 16 105 50000 1
4 3 30 14400 0
2 10 42 20000 1
1 3 21 10000 1
1 1 10 4800 0
5 1 17 8160 0
5 15 105 50000 1
6 8 87 41760 0
5 13 105 50000 1
6 8 80 38400 0
2 6 42 20000 1
1 2 21 10000 1
6 17 126 60000 1
4 5 75 35920 0
1 5 21 10000 1
4 5 84 40000 1
4 7 84 40000 1
6 9 126 60000 1
3 16 63 30000 1
3 10 63 30000 1
2 5 42 20000 1
5 15 105 50000 1
3 1 9 4320 0
5 2 21 10080 0
5 19 105 50000 1
3 20 63 30000 1
3 5 63 30000 1
2 11 42 20000 1
2 7 42 20000 1
3 1 9 4320 0
2 1 11 5280 0
1 10 21 10000 1
4 18 84 40000 1
1 6 21 10000 1
4 17 84 40000 1
1 6 21 10000 1
1 9 21 10000 1
5 1 20 9600 0
1 7 21 10000 1
2 10 42 20000 1
2 14 42 20000 1
5 18 105 50000 1
4 3 30 14400 0
1 10 21 10000 1
1 6 21 10000 1
1 1 15 7200 0
6 22 126 60000 1
2 6 42 20000 1
5 3 33 15840 0
6 1 9 4320 0
1 1 15 7200 0
4 4 72 34560 0
4 16 84 40000 1
5 12 105 50000 1
5 9 78 37440 0
2 7 42 20000 1
5 9 105 50000 1
3 19 63 30000 1
4 1 11 5280 0
3 14 63 30000 1
2 16 42 20000 1
2 4 40 19120 0
6 15 126 60000 1
1 2 21 10000 1
5 10 105 50000 1
1 1 13 6240 0
5 10 90 43200 0
4 27 84 40000 1
1 8 21 10000 1
5 1 14 6720 0
1 1 10 4800 0
5 25 105 50000 1
1 8 21 10000 1
5 21 105 50000 1
5 28 105 50000 1
2 12 42 20000 1
3 8 63 30000 1
2 15 42 20000 1
4 15 84 40000 1
6 2 40 19200 0
3 1 9 4320 0
5 5 105 50000 1
2 13 42 20000 1
5 1 12 5760 0
3 2 30 14400 0
2 1 13 6240 0
1 4 21 10000 1
3 18 63 30000 1
2 3 42 20000 1
4 3 33 15840 0
3 5 63 30000 1
6 3 32 15360 0
5 12 105 50000 1
5 10 99 47520 0
2 2 38 18240 0
3 19 63 30000 1
3 2 32 15360 0
5 14 105 50000 1
4 4 48 23040 0
1 11 21 10000 1
5 18 105 50000 1
1 5 21 10000 1
86 6 60 28800 0
34 10 117 56160 0
30 12 237 113600 0
1 2 21 10000 1
1 4 21 10000 1
3 2 30 14400 0
1 10 21 10000 1
1 11 21 10000 1
1 9 21 10000 1
122 24 756 361200 0
6 18 126 60000 1
24 44 504 240000 1
1 2 20 9600 0
1 4 21 10000 1
1 7 21 10000 1
1 9 21 10000 1
1 1 12 5760 0
1 3 21 10000 1
1 5 21 10000 1
16 6 77 36960 0
36 7 111 53280 0
1 10 21 10000 1
1 5 21 10000 1
1 6 21 10000 1
1 8 21 10000 1
1 1 14 6720 0
1 8 21 10000 1
2 7 42 20000 1
1 4 21 10000 1
15 23 315 150000 1
50 2 30 14400 0
1 1 14 6720 0
171 29 3591 1710000 1
16 2 23 11040 0
1 10 21 10000 1
1 2 21 10000 1
75 66 1575 750000 1
7 23 147 70000 1
3 18 63 30000 1
147 18 217 103920 0
24 17 504 240000 1
19 15 178 85280 0
117 20 295 141120 0
1 5 21 10000 1
1 1 15 7200 0
19 27 399 190000 1
1 1 10 4800 0
42 19 352 168240 0
2 6 42 20000 1
22 6 114 54720 0
7 9 81 38880 0
1 1 10 4800 0
1 5 21 10000 1
1 1 11 5280 0
1 2 20 9600 0
16 3 65 31200 0
3 7 63 30000 1
1 1 15 7200 0
1 7 21 10000 1
145 10 230 110080 0
1 10 21 10000 1
8 3 41 19680 0
62 4 89 42720 0
8 22 168 80000 1
149 23 469 223760 0
144 9 211 101120 0
26 36 546 260000 1
1 8 21 10000 1
114 29 2394 1140000 1
74 29 1554 740000 1
1 3 21 10000 1
1 1 16 7680 0
21 11 133 63680 0
18 34 378 180000 1
40 6 77 36960 0
5 2 26 12480 0
8 40 168 80000 1
1 7 21 10000 1
1 10 21 10000 1
12 25 252 120000 1
