5 17 75 22768 0
5 15 76 23072 0
5 39 162 49120 0
3 21 62 18816 0
3 17 52 15811 0
2 12 36 10944 0
3 7 30 9120 0
5 5 25 7606 0
4 14 43 13075 0
6 14 67 20368 0
1 18 33 10000 1
3 19 99 30000 1
4 29 90 27333 0
3 1 6 1824 0
6 24 107 32496 0
2 26 66 20000 1
5 24 103 31352 0
2 17 42 12768 0
2 9 30 9120 0
1 14 33 10000 1
3 16 71 21552 0
2 36 65 19728 0
2 13 31 9424 0
3 20 72 21856 0
4 24 93 28240 0
4 29 98 29762 0
4 9 33 10037 0
1 15 28 8512 0
3 23 80 24288 0
4 46 132 40000 1
5 4 25 7603 0
5 6 29 8816 0
2 21 43 13040 0
6 4 14 4256 0
3 25 80 24292 0
5 34 117 35536 0
1 3 10 3040 0
1 54 33 10000 1
6 20 91 27669 0
1 2 6 1824 0
3 25 99 30000 1
4 4 16 4864 0
4 9 49 14903 0
6 7 28 8512 0
5 13 41 12464 0
4 22 126 38208 0
5 39 165 50000 1
2 2 8 2432 0
3 25 83 25200 0
2 13 33 10032 0
6 34 158 47968 0
3 18 73 22160 0
2 11 29 8816 0
4 30 112 33984 0
3 18 52 15808 0
5 30 142 43106 0
6 22 92 27943 0
2 19 66 20000 1
4 67 132 40000 1
3 17 55 16723 0
3 16 47 14288 0
2 51 66 20000 1
4 3 16 4864 0
3 22 72 21856 0
6 40 183 55507 0
5 7 43 13072 0
1 21 33 10000 1
6 3 19 5776 0
2 37 66 20000 1
4 10 32 9728 0
4 19 60 18240 0
4 23 76 23073 0
3 66 99 30000 1
1 71 33 10000 1
5 35 160 48574 0
2 21 55 16688 0
6 54 198 60000 1
5 19 100 30371 0
3 27 76 23072 0
2 14 38 11556 0
5 6 38 11556 0
1 13 25 7600 0
5 2 13 3952 0
5 34 129 39152 0
1 7 19 5776 0
5 31 159 48240 0
4 15 52 15808 0
3 16 47 14288 0
4 15 59 17936 0
4 22 93 28250 0
5 5 28 8512 0
5 17 63 19159 0
4 24 78 23699 0
3 13 50 15207 0
4 9 38 11552 0
5 29 113 34320 0
1 12 17 5168 0
2 30 66 20000 1
5 46 164 49728 0
2 8 20 6080 0
4 23 84 25507 0
5 16 56 17026 0
2 5 13 3952 0
2 17 44 13344 0
4 35 132 40000 1
2 14 56 16992 0
3 35 99 30000 1
1 29 33 10000 1
1 8 27 8208 0
3 14 43 13072 0
3 9 24 7296 0
2 15 42 12768 0
2 4 13 3952 0
5 24 100 30368 0
4 45 132 40000 1
5 26 126 38250 0
2 11 34 10336 0
5 20 90 27328 0
5 21 100 30368 0
3 3 11 3344 0
5 25 119 36112 0
4 44 132 40000 1
5 45 165 50000 1
5 5 29 8816 0
4 8 25 7603 0
2 5 16 4864 0
4 12 43 13073 0
6 23 107 32505 0
3 7 21 6384 0
6 27 119 36144 0
1 16 33 10000 1
4 30 105 31896 0
1 4 11 3344 0
3 29 99 30000 1
3 23 76 23072 0
2 24 56 16992 0
2 27 58 17600 0
3 17 55 16692 0
5 10 68 20683 0
5 17 60 18240 0
5 11 49 14896 0
3 2 9 2736 0
1 87 33 10000 1
4 20 91 27645 0
5 16 79 24031 0
1 18 31 9424 0
4 19 53 16115 0
2 13 37 11248 0
3 26 90 27296 0
5 11 45 13684 0
4 7 32 9730 0
5 36 146 44320 0
2 22 46 13952 0
4 15 67 20336 0
4 17 59 17942 0
5 2 7 2128 0
4 72 132 40000 1
3 33 99 30000 1
2 4 13 3952 0
4 8 33 10036 0
1 21 33 10000 1
1 40 33 10000 1
1 6 13 3952 0
2 12 36 10944 0
5 18 79 23998 0
3 9 26 7904 0
4 31 103 31280 0
5 28 120 36448 0
5 20 100 30368 0
3 15 51 15508 0
3 20 65 19728 0
5 24 81 24600 0
4 3 8 2432 0
5 14 52 15808 0
3 19 62 18816 0
1 7 19 5776 0
4 52 132 40000 1
3 26 96 29125 0
2 25 57 17296 0
4 14 47 14288 0
4 7 34 10336 0
1 28 33 10000 1
1 5 7 2128 0
10 19 129 39184 0
1 24 33 10000 1
1 29 33 10000 1
10 1 13 3952 0
1 4 8 2432 0
1 21 33 10000 1
63 17 166 50470 0
23 24 175 53168 0
1 35 33 10000 1
1 3 9 2736 0
1 20 33 10000 1
1 12 32 9728 0
1 18 33 10000 1
59 1 11 3344 0
1 11 33 10000 1
1 17 29 8816 0
40 1 6 1824 0
2 24 53 16080 0
1 21 33 10000 1
57 17 86 26144 0
1 19 33 10000 1
5 5 23 7001 0
5 7 44 13377 0
14 12 88 26757 0
72 13 109 33136 0
63 18 243 74111 0
6 11 67 20368 0
1 26 33 10000 1
3 14 66 20032 0
132 14 104 31616 0
1 19 29 8816 0
1 7 16 4864 0
129 21 95 28884 0
1 1 3 912 0
1 33 33 10000 1
2 57 66 20000 1
14 41 462 140000 1
6 14 97 29470 0
3 12 44 13376 0
5 16 73 22160 0
1 22 33 10000 1
20 11 87 26506 0
11 73 363 110000 1
47 14 72 21896 0
1 14 33 10000 1
60 25 195 59248 0
1 13 25 7600 0
1 12 22 6688 0
2 11 35 10641 0
3 3 9 2736 0
1 27 33 10000 1
55 33 243 73877 0
2 1 5 1520 0
1 15 21 6384 0
36 15 99 30168 0
9 15 79 24019 0
1 12 21 6384 0
3 40 99 30000 1
1 1 3 912 0
1 18 31 9424 0
48 4 27 8208 0
2 36 66 20000 1
32 18 89 27062 0
23 33 126 38284 0
1 30 33 10000 1
3 9 41 12467 0
29 12 86 26201 0
45 19 205 62308 0
1 36 33 10000 1
27 20 90 27360 0
4 17 80 24292 0
1 22 33 10000 1
28 10 47 14288 0
4 14 54 16416 0
2 11 31 9424 0
24 44 645 195782 0
2 3 7 2128 0
1 24 33 10000 1
1 8 20 6080 0
