2 24 39 20000 1
3 34 58 30000 1
4 3 18 10363 0
1 1 3 1548 0
5 14 79 42267 0
6 31 118 60000 1
5 27 96 50000 1
4 10 63 33919 0
1 2 6 3096 0
2 8 26 13817 0
2 3 17 9103 0
3 1 9 4775 0
2 4 22 11639 0
2 15 40 20000 1
2 2 5 2623 0
1 4 14 7224 0
4 12 70 38858 0
5 28 96 50000 1
5 5 45 25487 0
4 3 24 13402 0
1 1 5 2580 0
2 1 4 2091 0
4 36 76 40000 1
2 2 7 3722 0
3 31 59 30000 1
4 7 39 21112 0
4 14 54 28713 0
1 10 18 9288 0
5 8 68 37943 0
5 24 94 50000 1
2 30 38 20000 1
3 2 15 8335 0
3 1 4 2217 0
2 4 21 11604 0
3 28 58 30000 1
2 4 13 7165 0
5 5 33 17650 0
2 18 39 20000 1
3 17 57 30000 1
4 18 69 37240 0
5 18 96 50000 1
3 14 56 29795 0
5 13 67 37250 0
4 23 79 40000 1
5 38 97 50000 1
5 22 95 50000 1
2 3 10 5416 0
5 17 66 35628 0
2 1 4 2193 0
1 5 20 10000 1
2 8 38 20000 1
4 30 77 40000 1
4 3 17 9750 0
3 25 58 30000 1
1 20 20 10000 1
5 31 99 50000 1
2 16 39 20000 1
2 6 32 17283 0
5 25 92 50000 1
2 7 39 20000 1
3 3 21 11191 0
6 21 118 60000 1
5 8 52 28899 0
6 15 101 56283 0
6 22 111 60000 1
5 20 95 50000 1
6 12 60 32534 0
6 21 97 52029 0
1 21 20 10000 1
2 3 14 7478 0
1 2 9 4644 0
1 2 6 3096 0
5 26 95 50000 1
5 18 94 50000 1
3 15 56 29332 0
4 8 38 20053 0
1 3 9 4644 0
4 18 76 40000 1
3 6 33 17929 0
2 6 18 9760 0
4 6 33 17996 0
4 12 35 18800 0
6 33 115 60000 1
2 25 39 20000 1
2 6 21 11396 0
4 32 76 40000 1
5 10 51 28519 0
5 16 71 38648 0
6 9 54 29802 0
1 7 18 9288 0
4 13 76 40000 1
4 1 6 3373 0
5 19 92 49105 0
2 23 39 20000 1
3 17 57 30000 1
5 14 84 47039 0
3 10 48 25889 0
3 14 53 28070 0
5 15 93 50000 1
1 18 20 10000 1
3 15 57 30000 1
2 21 39 20000 1
1 8 20 10000 1
1 22 20 10000 1
3 10 37 20113 0
5 13 71 39197 0
6 24 115 60000 1
2 2 7 3742 0
5 21 96 50000 1
5 13 66 34480 0
4 9 47 26367 0
3 16 58 30000 1
3 26 58 30000 1
2 11 33 16845 0
1 3 8 4128 0
4 8 51 27400 0
5 22 95 50000 1
5 15 58 30527 0
6 19 114 60000 1
1 2 8 4128 0
3 19 59 30000 1
2 30 39 20000 1
4 10 52 30289 0
5 20 98 50000 1
3 30 59 30000 1
5 4 28 15433 0
1 14 20 10000 1
4 24 75 40000 1
2 8 33 17800 0
2 18 38 20000 1
1 13 20 10000 1
3 6 22 11793 0
5 21 96 50000 1
1 9 20 10000 1
4 7 55 29758 0
5 15 91 50000 1
1 1 5 2580 0
1 13 20 10000 1
3 9 56 29379 0
4 22 75 40000 1
1 10 20 10000 1
2 16 38 20000 1
4 23 76 40000 1
2 6 22 11888 0
3 1 4 2130 0
3 1 4 2167 0
1 19 20 10000 1
2 2 6 3347 0
3 12 56 30000 1
2 23 39 20000 1
6 10 46 25769 0
5 4 34 18321 0
4 6 32 18321 0
2 4 9 4738 0
5 4 24 12917 0
3 3 13 7228 0
4 15 64 34391 0
1 14 20 10000 1
1 1 4 2064 0
4 28 73 40000 1
5 17 95 50000 1
5 13 66 36784 0
1 7 11 5676 0
3 15 58 30000 1
4 24 76 40000 1
5 7 35 19366 0
3 4 24 14013 0
4 24 74 40000 1
1 1 3 1548 0
2 8 18 9618 0
1 9 20 10000 1
1 1 4 2064 0
1 10 20 10000 1
3 2 16 8353 0
1 14 20 10000 1
4 25 77 40000 1
2 25 39 20000 1
6 5 37 19928 0
3 24 58 30000 1
2 18 40 20000 1
2 1 6 3364 0
70 11 91 48063 0
5 3 18 9860 0
1 8 16 8256 0
41 8 139 82117 0
156 1 8 4402 0
7 10 57 31012 0
1 5 13 6708 0
1 24 20 10000 1
1 1 4 2064 0
11 6 49 30775 0
1 10 20 10000 1
3 3 10 5429 0
1 6 17 8772 0
1 1 4 2064 0
13 23 247 130000 1
15 18 122 68490 0
1 6 14 7224 0
1 21 20 10000 1
1 1 4 2064 0
55 5 62 37269 0
1 28 20 10000 1
1 7 20 10000 1
1 11 18 9288 0
1 11 20 10000 1
1 6 15 7740 0
1 17 20 10000 1
27 19 160 88688 0
73 5 24 13874 0
51 2 14 8364 0
1 1 3 1548 0
4 9 40 21930 0
127 1 8 4290 0
1 14 20 10000 1
13 18 193 105513 0
5 1 6 3220 0
13 25 237 130000 1
6 24 115 60000 1
1 10 20 10000 1
1 15 20 10000 1
1 1 4 2064 0
37 29 684 370000 1
88 20 181 96344 0
14 8 64 35231 0
2 12 36 18613 0
2 6 19 10118 0
1 14 20 10000 1
1 9 20 10000 1
1 5 12 6192 0
4 14 67 35838 0
1 4 11 5676 0
4 19 77 40000 1
10 49 196 100000 1
1 14 20 10000 1
2 3 9 4689 0
129 18 308 178888 0
1 7 15 7740 0
2 9 34 17412 0
46 25 522 286101 0
1 15 20 10000 1
42 29 797 420000 1
1 13 20 10000 1
1 28 20 10000 1
6 50 113 60000 1
10 18 123 67206 0
9 9 58 33098 0
122 15 105 59797 0
6 3 16 8939 0
1 2 9 4644 0
1 4 15 7740 0
6 3 31 18073 0
1 4 15 7740 0
1 1 4 2064 0
1 15 20 10000 1
2 4 19 10170 0
1 10 20 10000 1
1 7 20 10000 1
6 1 10 5617 0
1 1 5 2580 0
3 8 34 18654 0
6 6 24 13737 0
12 6 52 27816 0
