1 21 18 10000 1
1 2 6 3450 0
4 20 66 40000 1
1 6 18 10000 1
2 10 34 20000 1
2 9 34 20000 1
1 7 18 10000 1
2 1 5 3476 0
1 21 18 10000 1
1 8 18 10000 1
4 9 58 40000 1
2 1 5 3071 0
5 25 75 50000 1
5 1 14 9595 0
4 25 69 40000 1
3 1 5 3470 0
6 9 90 60000 1
4 10 59 35804 0
5 5 43 31071 0
4 14 66 40000 1
1 4 18 10000 1
4 7 34 21523 0
6 6 55 38667 0
4 11 60 37933 0
3 22 51 30000 1
2 17 33 20000 1
2 11 32 20000 1
4 29 71 40000 1
5 23 78 50000 1
6 10 64 40471 0
4 13 60 40000 1
5 27 82 50000 1
1 10 18 10000 1
1 14 18 10000 1
1 2 9 5175 0
2 4 31 18902 0
4 1 11 7999 0
1 6 18 10000 1
3 1 9 5419 0
5 11 72 47533 0
5 3 30 20919 0
3 15 49 30000 1
3 8 46 30000 1
2 5 24 15289 0
3 19 47 30000 1
5 10 73 50000 1
1 8 18 10000 1
4 12 67 40000 1
5 14 79 50000 1
4 1 9 6167 0
2 2 11 6883 0
5 11 76 50000 1
4 12 66 40000 1
2 1 6 3685 0
4 4 37 25191 0
6 14 95 60000 1
1 1 5 2875 0
4 4 21 14381 0
2 20 33 20000 1
2 4 24 14641 0
6 14 88 60000 1
5 25 81 50000 1
5 24 79 50000 1
4 1 8 6947 0
4 33 62 40000 1
2 8 35 20000 1
2 1 7 4773 0
5 5 57 39695 0
5 1 5 3352 0
3 3 24 15872 0
5 15 82 50000 1
1 1 5 2875 0
4 10 62 40000 1
4 20 72 40000 1
4 5 51 34670 0
2 1 5 3183 0
3 2 16 11152 0
2 3 14 8329 0
4 7 35 21905 0
3 5 22 13867 0
2 3 12 7396 0
3 13 48 30000 1
2 32 33 20000 1
4 15 63 40000 1
5 21 86 50000 1
5 17 81 50000 1
1 10 18 10000 1
1 9 18 10000 1
6 15 90 60000 1
5 16 80 50000 1
2 19 35 20000 1
1 8 18 10000 1
3 10 48 30000 1
1 15 18 10000 1
6 1 9 5911 0
3 24 48 30000 1
3 22 50 30000 1
6 9 57 36426 0
2 22 34 20000 1
2 12 32 20000 1
2 23 35 20000 1
3 4 29 19461 0
3 2 16 10810 0
4 19 56 40000 1
3 17 50 30000 1
2 1 7 4105 0
4 15 62 40000 1
2 12 33 20000 1
1 7 18 10000 1
3 33 53 30000 1
4 3 24 15535 0
5 6 41 26093 0
5 17 79 50000 1
1 7 18 10000 1
2 4 15 9204 0
4 4 21 13338 0
3 3 16 10900 0
1 8 18 10000 1
2 6 32 20000 1
1 3 15 8625 0
3 2 15 11396 0
3 4 24 16401 0
3 13 49 30000 1
1 1 3 1725 0
4 1 7 4905 0
1 16 18 10000 1
4 20 71 40000 1
4 28 57 40000 1
3 11 49 30000 1
6 14 90 60000 1
1 9 18 10000 1
5 8 71 50000 1
4 12 61 40000 1
3 37 47 30000 1
4 13 62 40000 1
2 22 33 20000 1
2 11 33 20000 1
5 1 13 9153 0
2 2 17 10875 0
4 5 39 26525 0
3 11 50 30000 1
5 1 8 5199 0
1 14 18 10000 1
5 10 75 50000 1
5 12 85 50000 1
4 2 17 11828 0
1 6 18 10000 1
4 29 66 40000 1
4 4 37 27740 0
3 11 48 30000 1
6 6 56 38257 0
1 17 18 10000 1
3 35 48 30000 1
1 9 18 10000 1
2 12 35 20000 1
3 28 50 30000 1
1 20 18 10000 1
3 10 47 28943 0
1 2 11 6325 0
3 12 51 30000 1
2 5 33 20000 1
5 12 80 50000 1
5 1 8 6480 0
4 5 32 24790 0
5 19 81 50000 1
6 16 95 60000 1
2 12 33 20000 1
3 4 31 21889 0
1 8 18 10000 1
1 7 16 9200 0
2 15 34 20000 1
3 1 7 5095 0
3 12 50 30000 1
5 4 30 21999 0
5 26 77 50000 1
6 32 95 60000 1
4 1 8 5394 0
2 3 23 14893 0
4 4 24 16342 0
6 26 99 60000 1
4 16 64 40000 1
1 9 18 10000 1
4 15 60 40000 1
11 12 169 110000 1
1 12 18 10000 1
1 13 18 10000 1
1 10 18 10000 1
1 22 18 10000 1
1 4 15 8625 0
23 13 327 230000 1
5 7 60 42275 0
1 10 18 10000 1
1 3 14 8050 0
4 5 43 27943 0
22 23 352 220000 1
1 12 18 10000 1
150 2 16 12464 0
1 18 18 10000 1
1 10 18 10000 1
1 3 9 5175 0
78 16 1143 780000 1
1 8 18 10000 1
1 1 4 2300 0
1 4 13 7475 0
10 1 11 10095 0
1 1 5 2875 0
1 13 18 10000 1
1 5 18 10000 1
13 13 137 89958 0
3 1 7 4780 0
2 1 5 3035 0
12 23 179 120000 1
14 34 200 140000 1
30 15 411 300000 1
2 6 20 12067 0
1 4 18 10000 1
52 21 827 520000 1
2 16 32 20000 1
37 2 34 23681 0
11 7 68 51293 0
3 2 11 7113 0
3 11 45 30000 1
7 1 12 9271 0
1 1 6 3450 0
55 20 990 550000 1
1 11 18 10000 1
2 6 26 16212 0
1 7 17 9775 0
1 16 18 10000 1
143 24 1784 1430000 1
1 1 5 2875 0
2 7 22 14052 0
6 21 96 60000 1
2 7 28 17111 0
1 5 11 6325 0
45 10 90 64632 0
1 16 18 10000 1
1 1 4 2300 0
5 6 50 35856 0
1 18 18 10000 1
7 33 111 70000 1
1 1 6 3450 0
6 20 94 60000 1
1 8 18 10000 1
22 24 321 220000 1
62 14 256 167426 0
3 6 37 24983 0
1 7 18 10000 1
1 25 18 10000 1
5 8 78 48702 0
51 10 225 161032 0
1 3 9 5175 0
1 23 18 10000 1
1 15 18 10000 1
1 1 3 1725 0
45 20 639 450000 1
3 1 7 5095 0
29 11 254 209799 0
6 2 16 10832 0
1 19 18 10000 1
1 8 18 10000 1
20 17 320 200000 1
