5 2 14 9211 0
5 8 48 29919 0
4 18 72 40000 1
2 31 49 20000 1
2 18 45 20000 1
4 29 78 40000 1
3 14 62 30000 1
3 16 57 30000 1
5 22 95 50000 1
3 21 64 30000 1
4 4 44 28825 0
3 15 63 30000 1
1 5 25 10000 1
4 12 75 40000 1
3 36 71 30000 1
4 1 7 4600 0
5 20 96 50000 1
1 3 15 6045 0
6 53 118 60000 1
5 24 92 50000 1
2 25 47 20000 1
2 12 43 20000 1
5 16 88 50000 1
5 23 97 50000 1
4 11 73 40000 1
3 13 60 30000 1
5 15 84 50000 1
4 8 47 30207 0
4 1 11 7070 0
4 6 36 22418 0
2 28 46 20000 1
2 21 49 20000 1
5 17 81 50000 1
3 24 59 30000 1
4 27 80 40000 1
1 8 25 10000 1
5 31 101 50000 1
1 9 25 10000 1
5 13 89 50000 1
4 26 81 40000 1
3 9 45 24629 0
2 23 46 20000 1
1 4 23 9269 0
1 7 25 10000 1
2 17 46 20000 1
2 1 5 2548 0
6 17 85 54292 0
4 8 44 26693 0
5 17 86 50000 1
5 36 95 50000 1
2 14 44 20000 1
5 35 101 50000 1
2 20 48 20000 1
5 46 113 50000 1
3 3 21 13131 0
1 1 5 2015 0
3 4 32 20006 0
4 25 78 40000 1
4 34 80 40000 1
2 17 44 20000 1
5 6 36 23626 0
2 6 43 20000 1
4 26 80 40000 1
2 3 18 8880 0
6 42 134 60000 1
1 7 25 10000 1
2 2 10 5013 0
2 8 43 20000 1
5 13 88 50000 1
3 6 30 18918 0
3 20 59 30000 1
2 6 26 13372 0
4 25 82 40000 1
4 64 90 40000 1
4 7 49 28998 0
3 17 59 30000 1
3 14 58 30000 1
5 3 21 13902 0
6 5 55 40762 0
6 23 112 60000 1
3 5 35 20937 0
2 16 46 20000 1
6 6 31 19174 0
4 14 73 40000 1
5 5 40 26885 0
2 1 11 5590 0
5 14 70 41385 0
1 16 25 10000 1
5 21 92 50000 1
4 15 74 40000 1
4 13 76 40000 1
6 20 104 60000 1
3 1 5 3054 0
2 8 42 20000 1
3 24 64 30000 1
1 16 25 10000 1
3 19 62 30000 1
4 33 82 40000 1
3 1 7 4448 0
6 7 35 21350 0
4 19 76 40000 1
6 15 84 51598 0
4 13 79 40000 1
4 17 76 40000 1
4 10 45 27001 0
1 1 5 2015 0
1 8 25 10000 1
2 25 48 20000 1
5 20 91 50000 1
2 21 47 20000 1
5 18 88 50000 1
5 8 56 36142 0
3 23 59 30000 1
5 19 81 50000 1
3 7 41 25004 0
3 49 67 30000 1
5 1 12 8116 0
1 6 25 10000 1
2 6 30 15171 0
6 10 103 60000 1
5 13 87 50000 1
4 2 20 13194 0
6 16 110 60000 1
3 28 61 30000 1
5 35 95 50000 1
3 15 58 30000 1
2 25 47 20000 1
5 17 73 40641 0
4 31 82 40000 1
2 44 49 20000 1
4 3 24 16533 0
6 15 81 51781 0
1 9 25 10000 1
3 29 60 30000 1
3 8 56 30000 1
5 32 92 50000 1
4 1 8 5107 0
4 10 77 40000 1
4 5 55 31894 0
4 21 73 40000 1
4 27 74 40000 1
2 24 47 20000 1
3 6 40 23883 0
5 11 66 39870 0
4 25 85 40000 1
1 10 25 10000 1
4 5 25 15495 0
4 22 78 40000 1
1 3 21 8463 0
4 27 78 40000 1
6 38 125 60000 1
2 10 43 20000 1
4 5 23 16059 0
4 31 77 40000 1
1 11 25 10000 1
3 12 59 30000 1
3 4 24 15360 0
5 16 75 44986 0
4 15 74 40000 1
2 1 8 4303 0
2 37 50 20000 1
3 41 71 30000 1
5 60 110 50000 1
4 7 35 22372 0
4 18 76 40000 1
4 17 75 40000 1
1 5 25 10000 1
2 20 46 20000 1
3 26 64 30000 1
2 4 36 17436 0
5 23 92 50000 1
2 7 43 20000 1
6 27 106 60000 1
2 4 20 10480 0
4 12 80 40000 1
6 30 118 60000 1
2 10 46 20000 1
3 34 69 30000 1
2 14 47 20000 1
3 5 43 23856 0
1 6 25 10000 1
25 17 94 53227 0
1 7 25 10000 1
1 5 25 10000 1
34 9 102 101682 0
3 15 59 30000 1
1 11 25 10000 1
1 1 11 4433 0
1 2 20 8060 0
33 23 113 67884 0
161 3 18 13269 0
72 35 225 139204 0
56 23 313 288580 0
1 9 25 10000 1
1 2 10 4030 0
103 9 63 43415 0
1 5 25 10000 1
39 13 156 116874 0
1 16 25 10000 1
100 3 15 9266 0
118 39 835 514211 0
1 21 25 10000 1
1 8 25 10000 1
105 17 152 99889 0
22 8 57 47194 0
1 5 25 10000 1
1 8 25 10000 1
1 5 25 10000 1
1 8 25 10000 1
1 20 25 10000 1
1 24 25 10000 1
16 18 177 122450 0
1 17 25 10000 1
5 6 41 26223 0
64 5 35 25798 0
99 1 5 3252 0
13 21 191 130000 1
3 25 67 30000 1
1 16 25 10000 1
114 21 159 110052 0
87 11 65 49867 0
2 7 43 20000 1
1 13 25 10000 1
50 24 135 79343 0
1 11 25 10000 1
2 2 16 8294 0
1 12 25 10000 1
11 7 57 44171 0
4 20 75 40000 1
11 39 197 110000 1
19 18 91 59299 0
1 10 25 10000 1
1 15 25 10000 1
1 12 25 10000 1
3 15 58 30000 1
1 1 7 2821 0
14 37 254 140000 1
113 18 144 93121 0
2 1 7 3593 0
13 25 208 125427 0
1 8 25 10000 1
31 32 475 310000 1
2 7 42 20000 1
57 16 96 66122 0
19 37 284 159577 0
17 10 77 52098 0
10 23 187 100000 1
7 13 108 70000 1
1 13 25 10000 1
40 60 705 400000 1
75 12 101 80910 0
1 4 25 10000 1
1 18 25 10000 1
49 25 118 71612 0
141 10 91 64348 0
1 1 9 3627 0
1 6 25 10000 1
1 2 24 9672 0
101 3 18 11617 0
1 10 25 10000 1
123 7 58 40293 0
98 31 301 188592 0
