5 16 58 50000 1
5 1 12 13387 0
4 1 5 4854 0
4 15 54 40000 1
2 1 12 9666 0
5 14 50 50000 1
2 7 29 20000 1
2 24 34 20000 1
2 11 33 20000 1
2 1 9 7060 0
3 2 12 11506 0
1 2 18 10000 1
2 4 29 20000 1
5 13 56 50000 1
6 5 30 33090 0
6 19 82 60000 1
2 1 9 7100 0
5 22 71 50000 1
2 15 34 20000 1
4 28 66 40000 1
1 1 10 5630 0
5 4 50 49573 0
4 2 14 14480 0
3 22 47 30000 1
4 2 10 11466 0
4 1 7 7388 0
6 11 63 60000 1
3 1 11 11605 0
2 17 30 20000 1
3 20 48 30000 1
3 25 43 30000 1
4 24 50 40000 1
3 6 35 30000 1
4 2 10 10224 0
2 14 30 20000 1
3 18 40 30000 1
6 10 67 60000 1
2 5 30 20000 1
3 13 40 30000 1
5 1 6 6312 0
4 19 60 40000 1
2 5 30 20000 1
3 22 48 30000 1
5 4 28 28866 0
2 21 32 20000 1
4 7 49 40000 1
1 8 18 10000 1
6 40 108 60000 1
4 5 41 38288 0
1 6 18 10000 1
2 19 33 20000 1
4 16 48 40000 1
2 23 36 20000 1
5 8 56 50000 1
2 9 32 20000 1
4 18 53 40000 1
4 18 48 40000 1
3 18 41 30000 1
2 8 32 20000 1
5 7 42 43363 0
4 23 56 40000 1
4 26 58 40000 1
5 10 55 50000 1
2 13 33 20000 1
2 8 32 20000 1
1 12 18 10000 1
3 2 12 11748 0
4 17 50 40000 1
1 1 7 3941 0
2 24 36 20000 1
3 16 42 30000 1
5 18 61 50000 1
3 17 41 30000 1
5 11 59 50000 1
5 18 61 50000 1
2 5 29 20000 1
1 2 18 10000 1
5 19 67 50000 1
5 35 88 50000 1
1 7 18 10000 1
5 12 55 50000 1
6 19 77 60000 1
5 17 60 50000 1
3 25 48 30000 1
5 7 55 50000 1
1 4 18 10000 1
1 10 18 10000 1
1 2 18 10000 1
4 4 22 22084 0
5 19 65 50000 1
1 7 18 10000 1
5 15 62 50000 1
3 19 47 30000 1
1 5 18 10000 1
2 1 10 7753 0
5 10 57 50000 1
2 6 29 20000 1
2 3 15 11430 0
4 11 51 40000 1
2 13 34 20000 1
3 8 38 30000 1
4 4 28 29872 0
4 30 67 40000 1
3 7 38 30000 1
2 12 30 20000 1
3 8 37 30000 1
4 31 61 40000 1
6 30 82 60000 1
3 3 18 18327 0
2 1 9 7114 0
5 12 57 50000 1
1 3 18 10000 1
5 30 66 50000 1
5 8 52 50000 1
2 4 30 20000 1
5 12 55 50000 1
4 1 7 7592 0
2 22 36 20000 1
5 14 59 50000 1
5 1 6 6413 0
1 2 13 7319 0
2 1 13 10714 0
1 11 18 10000 1
2 1 12 9497 0
5 11 61 50000 1
3 37 54 30000 1
5 12 62 50000 1
2 7 30 20000 1
4 14 52 40000 1
2 1 9 7034 0
3 1 9 9232 0
4 2 22 23234 0
4 13 50 40000 1
1 10 18 10000 1
4 1 11 12636 0
2 4 28 20000 1
1 2 16 9008 0
3 28 45 30000 1
1 5 18 10000 1
4 14 49 40000 1
5 11 59 50000 1
5 5 50 50000 1
2 1 5 3679 0
3 38 47 30000 1
2 8 30 20000 1
4 10 51 40000 1
2 20 35 20000 1
4 23 51 40000 1
4 10 47 40000 1
2 6 28 20000 1
2 3 21 15653 0
3 19 39 30000 1
2 12 31 20000 1
4 2 16 17492 0
3 19 44 30000 1
1 2 18 10000 1
6 3 39 47679 0
5 14 60 50000 1
3 14 39 30000 1
4 14 54 40000 1
4 27 61 40000 1
1 14 18 10000 1
2 16 33 20000 1
3 11 39 30000 1
3 17 46 30000 1
4 1 14 16072 0
3 20 48 30000 1
4 16 54 40000 1
1 1 8 4504 0
4 16 55 40000 1
6 12 72 60000 1
3 22 41 30000 1
4 18 58 40000 1
2 16 35 20000 1
2 10 29 20000 1
3 22 41 30000 1
6 8 60 60000 1
3 3 15 15034 0
2 3 18 13593 0
4 1 7 7876 0
5 19 55 50000 1
2 7 30 20000 1
1 1 14 7882 0
1 4 18 10000 1
1 5 18 10000 1
59 14 160 179543 0
3 7 35 30000 1
4 30 58 40000 1
22 19 171 165734 0
22 18 211 220000 1
2 6 30 20000 1
1 9 18 10000 1
1 8 18 10000 1
1 5 18 10000 1
4 10 50 40000 1
6 1 6 7442 0
10 7 85 100000 1
13 6 48 61521 0
21 17 151 158075 0
15 32 218 150000 1
1 11 18 10000 1
1 2 18 10000 1
2 11 31 20000 1
17 5 54 76311 0
7 8 48 49726 0
1 2 14 7882 0
29 15 177 213253 0
2 4 27 20000 1
1 4 18 10000 1
117 34 1858 1170000 1
1 4 18 10000 1
1 1 12 6756 0
60 8 62 71764 0
1 9 18 10000 1
4 3 24 25134 0
15 4 24 28124 0
52 1 8 10211 0
8 20 90 80000 1
1 1 7 3941 0
4 12 48 40000 1
1 6 18 10000 1
1 6 18 10000 1
1 2 16 9008 0
1 1 11 6193 0
1 6 18 10000 1
2 8 32 20000 1
1 7 18 10000 1
1 4 18 10000 1
2 9 32 20000 1
20 24 240 200000 1
14 10 54 53810 0
10 18 113 100000 1
3 6 37 30000 1
3 17 45 30000 1
7 2 12 11862 0
104 33 1203 1040000 1
1 14 18 10000 1
1 1 7 3941 0
25 33 308 250000 1
9 6 36 46992 0
9 15 91 90000 1
9 7 83 87159 0
14 35 196 140000 1
123 18 223 247131 0
85 12 96 105072 0
1 6 18 10000 1
1 11 18 10000 1
1 5 18 10000 1
10 13 104 100000 1
1 13 18 10000 1
115 10 69 70679 0
11 39 198 110000 1
3 15 41 30000 1
2 4 30 20000 1
23 22 260 230000 1
1 10 18 10000 1
40 9 98 178385 0
19 25 219 190000 1
1 2 18 10000 1
42 25 411 420000 1
1 1 9 5067 0
1 11 18 10000 1
