1 0.992063492063
3 1.0162601626
4 1.6339869281
3 1.30208333333
5 1.50966183575
2 0.992063492063
2 1.06837606838
5 0.992063492063
3 1.30208333333
4 1.29198966408
1 1.00416666667
1 0.992063492063
5 1.82748538012
2 1.11111111111
1 1.00416666667
1 0.992063492063
4 2.04206349206
5 1.44675925926
6 1.0162601626
6 2.35289351852
4 1.5873015873
5 2.08273809524
2 1.50787037037
3 1.09649122807
2 1.35472222222
3 1.12612612613
4 1.4245014245
3 0.992063492063
5 1.19731800766
2 1.32275132275
4 2.04406565657
5 2.20740740741
1 0.992063492063
5 1.28600823045
4 1.23456790123
2 1.51299603175
2 1.2077294686
3 1.60256410256
4 1.5015015015
6 2.43222222222
3 1.4880952381
4 1.18203309693
3 1.91617647059
1 0.992063492063
4 1.6835016835
1 0.992063492063
1 1.00416666667
6 1.93798449612
3 1.26262626263
5 1.24007936508
5 1.36165577342
5 2.04841269841
5 2.09519675926
2 1.47138888889
5 1.54320987654
1 0.992063492063
3 1.15740740741
3 0.992063492063
5 1.31027253669
1 1.00416666667
5 2.41597222222
2 1.46059027778
5 1.17702448211
3 0.992063492063
6 1.89393939394
3 1.90663580247
5 1.69376693767
2 1.11111111111
2 1.415625
4 1.38888888889
5 1.47754137116
1 0.992063492063
3 1.34408602151
1 0.992063492063
2 1.48916666667
5 2.12415674603
5 1.92901234568
5 1.92901234568
4 1.06837606838
2 1.26262626263
5 1.50966183575
5 1.50966183575
2 1.49845679012
1 1.00416666667
5 1.03648424544
2 0.992063492063
2 1.02880658436
3 1.4367816092
3 0.992063492063
1 1.00416666667
4 1.23456790123
1 0.992063492063
2 1.32275132275
3 1.26262626263
5 1.97259259259
5 1.26262626263
4 1.13378684807
3 1.15740740741
6 2.08912037037
5 1.02124183007
1 0.992063492063
1 1.00416666667
1 1.00416666667
2 1.15740740741
5 2.25347222222
1 0.992063492063
5 1.44675925926
6 1.41242937853
4 1.54320987654
3 1.34408602151
1 0.992063492063
6 1.22549019608
6 1.51515151515
1 1.00416666667
2 1.11111111111
6 1.26262626263
5 1.6149870801
6 1.6339869281
6 1.4367816092
3 1.54320987654
5 1.38888888889
2 1.15740740741
6 1.22549019608
1 1.00416666667
2 1.5
5 1.41723356009
5 1.13843351548
5 1.69376693767
2 1.06837606838
4 1.46198830409
2 1.15740740741
4 1.38888888889
3 1.19047619048
2 1.11111111111
4 1.15740740741
5 1.10229276896
5 1.17702448211
4 2.10925925926
4 2.1810515873
4 1.6339869281
2 1.26262626263
5 1.65343915344
5 1.44675925926
5 2.01180555556
2 1.15740740741
3 1.95593434343
1 0.992063492063
2 1.11111111111
4 1.73611111111
4 2.08240740741
1 0.992063492063
3 1.95873015873
4 1.5015015015
5 1.82748538012
1 1.00416666667
2 1.2077294686
5 1.00644122383
1 0.992063492063
3 1.85030864198
2 1.2077294686
5 2.07072649573
2 1.2077294686
3 1.22549019608
3 1.22549019608
2 1.48611111111
1 0.992063492063
2 1.15740740741
2 1.46898148148
1 0.992063492063
2 1.2077294686
4 2.33736111111
5 2.16333333333
4 1.5015015015
4 1.06837606838
3 1.77083333333
1 0.992063492063
1 1.00416666667
4 1.5015015015
4 2.1234375
2 1.45357142857
6 1.57232704403
1 1.00416666667
33 1.34015594542
1 1.00416666667
5 1.38888888889
1 1.00416666667
1 1.00416666667
1 0.992063492063
1 1.00416666667
9 1.38888888889
38 1.37085137085
1 1.00416666667
1 0.992063492063
156 2.29973447712
1 1.00416666667
12 1.4367816092
2 1.50932539683
1 0.992063492063
2 1.53611111111
1 0.992063492063
1 0.992063492063
15 1.07388316151
27 3.06053240741
3 1.19047619048
3 0.992063492063
1 1.00416666667
161 2.51234217172
9 2.74402777778
2 1.11111111111
1 0.992063492063
1 0.992063492063
1 0.992063492063
1 0.992063492063
6 2.53458333333
18 2.15517241379
1 0.992063492063
2 1.44609375
1 0.992063492063
101 2.05728618009
1 0.992063492063
3 1.26262626263
16 1.4064697609
2 1.15740740741
1 1.00416666667
1 0.992063492063
4 1.15740740741
1 0.992063492063
1 0.992063492063
1 0.992063492063
139 0.992063492063
2 1.43657407407
57 1.5522875817
1 0.992063492063
1 0.992063492063
34 1.16025116025
1 0.992063492063
11 0.992063492063
2 1.26262626263
1 0.992063492063
83 0.992063492063
15 2.58155864198
1 0.992063492063
3 1.06837606838
20 1.73611111111
1 0.992063492063
5 1.54320987654
1 0.992063492063
132 1.34113630822
1 0.992063492063
1 0.992063492063
1 1.00416666667
1 0.992063492063
35 2.32589048379
8 1.32275132275
140 1.99088541667
9 1.4367816092
3 1.34408602151
1 0.992063492063
20 1.88964474679
111 1.26886145405
30 1.2077294686
103 0.992063492063
