4 5 60 24000 0
5 28 125 50000 1
3 14 75 30000 1
6 25 150 60000 1
1 3 25 10000 1
5 13 125 50000 1
5 20 125 50000 1
6 8 73 29200 0
4 5 39 15600 0
5 9 96 38400 0
6 21 150 60000 1
5 13 125 50000 1
4 3 56 22400 0
3 6 50 20000 0
1 8 25 10000 1
2 20 50 20000 1
1 1 9 3600 0
2 1 13 5200 0
4 2 24 9600 0
4 6 63 25200 0
4 17 100 40000 1
5 19 125 50000 1
5 3 58 23200 0
3 3 24 9600 0
2 35 50 20000 1
3 16 75 30000 1
5 1 8 3200 0
1 17 25 10000 1
6 30 150 60000 1
5 1 21 8400 0
1 3 25 10000 1
4 14 100 40000 1
6 20 150 60000 1
1 5 25 10000 1
4 15 100 40000 1
5 32 125 50000 1
5 3 55 22000 0
3 8 75 30000 1
3 18 75 30000 1
3 4 61 24400 0
5 10 125 50000 1
2 9 50 20000 1
6 1 9 3600 0
3 8 75 30000 1
1 6 25 10000 1
5 30 125 50000 1
2 28 50 20000 1
5 23 125 50000 1
4 8 79 31600 0
3 8 75 30000 1
1 1 7 2800 0
6 29 150 60000 1
3 38 75 30000 1
5 31 125 50000 1
5 20 125 50000 1
4 23 100 40000 1
3 33 75 30000 1
5 17 125 50000 1
2 3 23 9200 0
4 8 75 30000 0
1 6 25 10000 1
5 1 19 7600 0
4 2 40 16000 0
6 22 150 60000 1
1 1 10 4000 0
5 18 125 50000 1
1 19 25 10000 1
3 8 75 30000 1
2 3 22 8800 0
2 21 50 20000 1
4 19 100 40000 1
3 17 75 30000 1
3 10 75 30000 1
5 35 125 50000 1
5 10 112 44800 0
5 18 125 50000 1
4 27 100 40000 1
2 5 42 16800 0
2 13 50 20000 1
2 15 50 20000 1
3 7 37 14800 0
1 7 25 10000 1
3 37 75 30000 1
5 18 125 50000 1
2 1 11 4400 0
3 1 9 3600 0
4 32 100 40000 1
1 2 18 7200 0
3 16 75 30000 1
5 3 40 16000 0
2 1 7 2800 0
4 10 100 40000 1
1 2 25 10000 1
3 10 75 30000 1
4 26 100 40000 1
2 3 33 13200 0
1 9 25 10000 1
1 4 25 10000 1
2 9 50 20000 1
1 24 25 10000 1
4 10 73 29200 0
1 12 25 10000 1
4 27 100 40000 1
3 1 7 2800 0
1 2 16 6400 0
4 7 100 40000 1
2 11 50 20000 1
5 16 125 50000 1
5 13 125 50000 1
3 26 75 30000 1
4 31 100 40000 1
2 3 32 12800 0
4 22 100 40000 1
5 11 100 40000 0
4 15 100 40000 1
1 5 23 9200 0
3 11 75 30000 1
4 8 96 38400 0
1 17 25 10000 1
4 18 100 40000 1
4 2 22 8800 0
4 4 49 19600 0
4 4 32 12800 0
5 22 125 50000 1
5 35 125 50000 1
4 34 100 40000 1
4 21 100 40000 1
6 11 150 60000 1
6 11 99 39600 0
3 1 12 4800 0
3 20 75 30000 1
5 3 34 13600 0
5 18 125 50000 1
1 16 25 10000 1
1 6 25 10000 1
2 17 50 20000 1
6 13 142 56800 0
5 34 125 50000 1
1 1 7 2800 0
2 7 50 20000 1
5 15 125 50000 1
5 13 92 36800 0
1 12 25 10000 1
4 19 100 40000 1
2 16 50 20000 1
6 4 44 17600 0
1 4 25 10000 1
4 6 48 19200 0
2 22 50 20000 1
1 5 25 10000 1
3 5 55 22000 0
3 12 75 30000 1
1 8 25 10000 1
2 17 50 20000 1
1 3 25 10000 1
2 1 9 3600 0
5 24 125 50000 1
1 22 25 10000 1
3 7 72 28800 0
2 18 50 20000 1
1 11 25 10000 1
4 34 100 40000 1
6 6 106 42400 0
3 4 38 15200 0
5 29 125 50000 1
6 5 49 19600 0
5 24 125 50000 1
2 23 50 20000 1
6 18 150 60000 1
5 35 125 50000 1
2 3 22 8800 0
1 7 25 10000 1
3 14 75 30000 1
4 2 12 4800 0
2 17 50 20000 1
1 2 14 5600 0
3 13 75 30000 1
1 12 25 10000 1
4 2 38 15200 0
5 23 125 50000 1
6 9 124 49600 0
1 3 18 7200 0
1 11 25 10000 1
143 46 3575 1430000 1
1 5 25 10000 1
2 12 50 20000 1
2 9 50 20000 1
1 18 25 10000 1
2 14 50 20000 1
16 20 400 160000 1
1 8 25 10000 1
6 25 150 60000 1
1 13 25 10000 1
3 6 60 24000 0
1 6 25 10000 1
1 5 25 10000 1
1 7 25 10000 1
1 20 25 10000 1
11 18 275 110000 1
32 19 388 155200 0
3 11 75 30000 1
57 1 14 5600 0
4 11 100 40000 1
1 1 9 3600 0
1 21 25 10000 1
2 10 50 20000 1
4 28 100 40000 1
2 11 50 20000 1
2 32 50 20000 1
1 3 25 10000 1
50 26 621 248400 0
1 1 15 6000 0
33 21 238 95200 0
12 17 277 110800 0
23 10 176 70400 0
4 22 100 40000 1
1 1 10 4000 0
78 18 194 77600 0
2 12 50 20000 1
2 6 50 20000 1
14 11 148 59200 0
136 33 3400 1360000 1
1 5 25 10000 1
1 5 25 10000 1
90 31 2250 900000 1
96 9 188 75200 0
4 1 9 3600 0
1 4 25 10000 1
1 1 10 4000 0
1 2 11 4400 0
1 14 25 10000 1
2 4 50 20000 1
11 9 77 30800 0
1 12 25 10000 1
17 10 146 58400 0
1 2 12 4800 0
122 26 2031 812400 0
53 15 196 78400 0
1 19 25 10000 1
106 5 44 17600 0
3 21 75 30000 1
1 2 24 9600 0
1 6 25 10000 1
1 1 7 2800 0
46 18 260 104000 0
1 10 25 10000 1
6 3 24 9600 0
1 16 25 10000 1
2 13 50 20000 1
5 18 125 50000 1
26 17 401 160400 0
7 18 146 58400 0
16 6 52 20800 0
10 7 53 21200 0
4 19 100 40000 1
1 6 25 10000 1
1 6 25 10000 1
1 11 25 10000 1
1 17 25 10000 1
94 33 2350 940000 1
4 25 100 40000 1
22 21 449 179600 0
