4 1.0
5 1.0
3 1.0
6 1.0
1 1.0
5 1.0
5 1.0
6 1.0
4 1.0
5 1.0
6 1.0
5 1.0
4 1.0
3 1.0
1 1.0
2 1.0
1 1.0
2 1.0
4 1.0
4 1.0
4 1.0
5 1.0
5 1.0
3 1.0
2 1.0
3 1.0
5 1.0
1 1.0
6 1.0
5 1.0
1 1.0
4 1.0
6 1.0
1 1.0
4 1.0
5 1.0
5 1.0
3 1.0
3 1.0
3 1.0
5 1.0
2 1.0
6 1.0
3 1.0
1 1.0
5 1.0
2 1.0
5 1.0
4 1.0
3 1.0
1 1.0
6 1.0
3 1.0
5 1.0
5 1.0
4 1.0
3 1.0
5 1.0
2 1.0
4 1.0
1 1.0
5 1.0
4 1.0
6 1.0
1 1.0
5 1.0
1 1.0
3 1.0
2 1.0
2 1.0
4 1.0
3 1.0
3 1.0
5 1.0
5 1.0
5 1.0
4 1.0
2 1.0
2 1.0
2 1.0
3 1.0
1 1.0
3 1.0
5 1.0
2 1.0
3 1.0
4 1.0
1 1.0
3 1.0
5 1.0
2 1.0
4 1.0
1 1.0
3 1.0
4 1.0
2 1.0
1 1.0
1 1.0
2 1.0
1 1.0
4 1.0
1 1.0
4 1.0
3 1.0
1 1.0
4 1.0
2 1.0
5 1.0
5 1.0
3 1.0
4 1.0
2 1.0
4 1.0
5 1.0
4 1.0
1 1.0
3 1.0
4 1.0
1 1.0
4 1.0
4 1.0
4 1.0
4 1.0
5 1.0
5 1.0
4 1.0
4 1.0
6 1.0
6 1.0
3 1.0
3 1.0
5 1.0
5 1.0
1 1.0
1 1.0
2 1.0
6 1.0
5 1.0
1 1.0
2 1.0
5 1.0
5 1.0
1 1.0
4 1.0
2 1.0
6 1.0
1 1.0
4 1.0
2 1.0
1 1.0
3 1.0
3 1.0
1 1.0
2 1.0
1 1.0
2 1.0
5 1.0
1 1.0
3 1.0
2 1.0
1 1.0
4 1.0
6 1.0
3 1.0
5 1.0
6 1.0
5 1.0
2 1.0
6 1.0
5 1.0
2 1.0
1 1.0
3 1.0
4 1.0
2 1.0
1 1.0
3 1.0
1 1.0
4 1.0
5 1.0
6 1.0
1 1.0
1 1.0
143 1.0
1 1.0
2 1.0
2 1.0
1 1.0
2 1.0
16 1.0
1 1.0
6 1.0
1 1.0
3 1.0
1 1.0
1 1.0
1 1.0
1 1.0
11 1.0
32 1.0
3 1.0
57 1.0
4 1.0
1 1.0
1 1.0
2 1.0
4 1.0
2 1.0
2 1.0
1 1.0
50 1.0
1 1.0
33 1.0
12 1.0
23 1.0
4 1.0
1 1.0
78 1.0
2 1.0
2 1.0
14 1.0
136 1.0
1 1.0
1 1.0
90 1.0
96 1.0
4 1.0
1 1.0
1 1.0
1 1.0
1 1.0
2 1.0
11 1.0
1 1.0
17 1.0
1 1.0
122 1.0
53 1.0
1 1.0
106 1.0
3 1.0
1 1.0
1 1.0
1 1.0
46 1.0
1 1.0
6 1.0
1 1.0
2 1.0
5 1.0
26 1.0
7 1.0
16 1.0
10 1.0
4 1.0
1 1.0
1 1.0
1 1.0
1 1.0
94 1.0
4 1.0
22 1.0
