4 2 20 12000 0
4 18 68 40000 1
2 4 34 20000 1
5 9 85 50000 1
3 10 51 30000 1
2 1 10 6000 0
5 9 85 50000 1
1 4 17 10000 1
3 2 18 10800 0
4 8 68 40000 1
1 3 17 10000 1
3 1 9 5400 0
2 4 34 20000 1
1 1 11 6600 0
2 11 34 20000 1
4 6 68 40000 1
3 6 51 30000 1
5 7 69 41400 0
4 4 55 33000 0
4 5 68 40000 1
2 11 34 20000 1
2 14 34 20000 1
3 11 51 30000 1
1 6 17 10000 1
3 15 51 30000 1
2 5 34 20000 1
5 23 85 50000 1
5 5 85 50000 1
2 9 34 20000 1
3 3 46 27400 0
2 9 34 20000 1
4 12 68 40000 1
3 11 51 30000 1
1 3 17 10000 1
2 3 33 19600 0
2 10 34 20000 1
3 18 51 30000 1
3 10 51 30000 1
3 16 51 30000 1
1 1 17 10000 1
6 2 22 13200 0
5 3 60 36000 0
2 1 11 6600 0
4 10 68 40000 1
3 1 18 10800 0
1 11 17 10000 1
1 10 17 10000 1
5 13 85 50000 1
4 6 68 40000 1
3 19 51 30000 1
2 2 17 10200 0
4 7 68 40000 1
6 8 97 57200 0
4 15 68 40000 1
3 10 51 30000 1
4 1 14 8400 0
3 6 51 30000 1
4 13 68 40000 1
5 14 85 50000 1
2 2 19 11400 0
4 1 11 6600 0
5 14 85 50000 1
3 1 15 9000 0
2 6 34 20000 1
4 13 68 40000 1
2 12 34 20000 1
5 8 85 50000 1
4 1 8 4800 0
2 7 34 20000 1
3 2 28 16800 0
1 2 17 10000 1
1 10 17 10000 1
3 4 50 29600 0
2 5 34 20000 1
6 11 102 60000 1
3 6 51 30000 1
4 20 68 40000 1
5 10 85 50000 1
5 9 82 48800 0
5 8 85 50000 1
1 4 17 10000 1
1 1 13 7800 0
4 16 68 40000 1
5 21 85 50000 1
2 3 25 15000 0
2 11 34 20000 1
1 8 17 10000 1
3 3 50 29600 0
1 1 12 7200 0
3 1 10 6000 0
1 10 17 10000 1
5 3 30 18000 0
3 2 30 18000 0
5 18 85 50000 1
1 6 17 10000 1
3 6 51 30000 1
5 4 39 23400 0
3 23 51 30000 1
5 14 85 50000 1
1 6 17 10000 1
2 1 10 6000 0
4 26 68 40000 1
5 3 36 21600 0
5 17 85 50000 1
6 7 102 60000 1
5 1 12 7200 0
1 2 17 10000 1
5 21 85 50000 1
1 10 17 10000 1
1 5 17 10000 1
3 1 11 6600 0
1 6 17 10000 1
4 15 68 40000 1
3 8 51 30000 1
6 25 102 60000 1
1 10 17 10000 1
5 20 85 50000 1
2 8 34 20000 1
2 6 34 20000 1
4 15 68 40000 1
3 8 51 30000 1
4 1 9 5400 0
2 1 11 6600 0
5 1 24 14400 0
5 1 10 6000 0
5 1 9 5400 0
3 5 51 30000 1
5 5 85 50000 1
4 3 33 19800 0
2 5 28 16600 0
5 25 85 50000 1
2 1 15 9000 0
1 1 13 7800 0
2 9 34 20000 1
3 3 25 15000 0
3 2 29 17400 0
3 21 51 30000 1
3 18 51 30000 1
5 7 85 50000 1
6 23 102 60000 1
1 10 17 10000 1
1 9 17 10000 1
4 13 68 40000 1
1 1 10 6000 0
1 2 17 10000 1
3 3 23 13800 0
5 13 85 50000 1
2 9 34 20000 1
4 20 68 40000 1
1 11 17 10000 1
5 2 38 22800 0
5 11 85 50000 1
2 4 34 20000 1
6 8 102 60000 1
3 11 51 30000 1
2 7 34 20000 1
1 7 17 10000 1
1 10 17 10000 1
5 5 55 33000 0
6 9 102 60000 1
2 1 14 8400 0
3 4 46 27200 0
2 1 12 7200 0
4 2 23 13800 0
5 1 13 7800 0
2 1 8 4800 0
5 13 85 50000 1
5 14 85 50000 1
1 1 12 7200 0
3 8 51 30000 1
4 14 68 40000 1
5 2 24 14400 0
4 6 68 40000 1
2 1 14 8400 0
4 4 54 32400 0
2 12 34 20000 1
3 7 51 30000 1
1 3 17 10000 1
1 2 17 10000 1
1 3 17 10000 1
3 4 51 30000 1
1 1 10 6000 0
1 1 11 6600 0
1 7 17 10000 1
27 18 459 270000 1
20 1 13 7800 0
1 2 17 10000 1
20 18 340 200000 1
9 3 30 18000 0
3 7 51 30000 1
1 1 14 8400 0
3 19 51 30000 1
41 7 63 37600 0
22 1 16 9600 0
1 5 17 10000 1
1 3 17 10000 1
1 2 17 10000 1
9 15 153 90000 1
1 3 17 10000 1
3 19 51 30000 1
52 19 884 520000 1
1 3 17 10000 1
2 17 34 20000 1
1 1 12 7200 0
10 18 170 100000 1
2 1 15 9000 0
4 11 68 40000 1
62 25 1054 620000 1
152 28 2584 1520000 1
49 8 189 112800 0
1 1 7 4200 0
1 10 17 10000 1
34 18 578 340000 1
1 11 17 10000 1
3 6 51 30000 1
1 8 17 10000 1
1 6 17 10000 1
1 4 17 10000 1
2 1 17 10200 0
1 1 17 10000 1
2 2 34 20000 1
10 7 147 87200 0
30 16 328 194200 0
1 5 17 10000 1
1 2 17 10000 1
1 1 9 5400 0
1 2 17 10000 1
8 16 136 80000 1
160 12 130 77400 0
27 9 89 53200 0
5 1 9 5400 0
2 6 34 20000 1
104 17 383 226200 0
1 7 17 10000 1
84 27 1428 840000 1
44 12 120 72000 0
1 11 17 10000 1
3 21 51 30000 1
1 11 17 10000 1
1 10 17 10000 1
1 1 10 6000 0
10 4 37 22200 0
1 4 17 10000 1
14 35 238 140000 1
1 1 12 7200 0
175 10 139 83200 0
4 3 32 19200 0
16 24 272 160000 1
1 1 8 4800 0
75 34 1275 750000 1
3 4 51 30000 1
3 9 51 30000 1
1 7 17 10000 1
1 1 11 6600 0
2 1 8 4800 0
2 19 34 20000 1
4 20 68 40000 1
2 7 34 20000 1
5 6 85 50000 1
55 23 935 550000 1
1 2 14 8400 0
1 7 17 10000 1
