4 3 192 36310 0
6 1 22 4356 0
2 15 232 20000 1
5 11 279 50000 1
1 16 172 10000 1
5 1 36 7952 0
4 6 303 37446 0
5 3 168 34542 0
4 5 197 25351 0
4 6 295 40000 1
2 15 227 20000 1
2 6 182 20000 1
3 4 140 21951 0
2 16 161 20000 1
1 11 137 10000 1
4 8 290 40000 1
4 7 287 25946 0
2 16 254 20000 1
5 1 48 9324 0
3 7 209 30000 1
6 1 63 10320 0
2 11 199 20000 1
2 1 42 6282 0
5 6 344 50000 1
4 1 54 12834 0
1 1 23 1939 0
5 1 62 9143 0
6 13 460 60000 1
2 15 242 20000 1
2 15 211 20000 1
1 7 136 10000 1
3 1 58 7347 0
3 2 84 17412 0
4 5 229 40000 1
3 9 235 30000 1
1 15 119 10000 1
3 3 147 22319 0
6 4 299 33610 0
2 4 142 14081 0
2 10 151 20000 1
3 3 185 25255 0
6 8 406 60000 1
2 15 246 20000 1
5 8 301 32737 0
4 8 272 40000 1
4 1 56 5127 0
2 7 183 20000 1
1 24 127 10000 1
3 11 237 30000 1
3 4 229 30000 1
2 4 119 15953 0
5 3 211 44564 0
4 13 361 40000 1
5 1 53 7740 0
5 1 57 8492 0
6 11 408 60000 1
5 4 184 38105 0
2 5 166 20000 1
3 1 46 6544 0
2 1 49 5780 0
4 6 249 40000 1
3 12 284 30000 1
1 5 132 10000 1
2 8 186 20000 1
5 7 304 50000 1
1 8 155 10000 1
5 13 329 50000 1
3 1 30 6969 0
3 1 34 4706 0
3 6 241 30000 1
5 12 358 50000 1
4 3 102 6227 0
5 3 153 30948 0
2 4 117 12469 0
5 10 323 50000 1
5 15 341 50000 1
4 8 344 40000 1
5 5 306 50000 1
4 1 50 9843 0
4 7 315 40000 1
5 2 92 24776 0
2 4 216 20000 1
2 15 177 20000 1
1 1 27 2723 0
5 11 346 50000 1
3 7 240 30000 1
3 13 241 30000 1
3 11 272 30000 1
4 1 82 13404 0
1 17 180 10000 1
3 17 331 30000 1
3 4 161 27396 0
5 1 73 12946 0
6 13 358 60000 1
5 4 317 50000 1
1 8 145 10000 1
1 17 143 10000 1
3 9 247 30000 1
3 4 161 19749 0
4 1 70 12268 0
3 6 185 26671 0
6 8 312 60000 1
3 8 209 30000 1
3 1 50 7379 0
1 4 119 10000 1
4 4 243 40000 1
3 13 203 30000 1
5 3 261 50000 1
5 12 375 50000 1
1 13 138 10000 1
4 12 304 40000 1
1 2 58 4273 0
2 10 206 20000 1
3 9 238 30000 1
3 6 231 30000 1
5 6 311 50000 1
1 4 128 10000 1
4 5 199 21162 0
5 10 314 50000 1
5 1 55 13566 0
2 13 188 20000 1
4 1 67 11528 0
2 6 205 20000 1
5 7 286 50000 1
2 2 85 8076 0
1 3 110 8470 0
5 5 170 30742 0
2 1 33 3740 0
3 2 110 16365 0
1 6 116 10000 1
5 3 165 40820 0
2 3 90 12462 0
1 12 148 10000 1
1 1 33 2353 0
5 1 79 14127 0
6 16 404 60000 1
5 5 271 50000 1
1 14 124 10000 1
1 17 181 10000 1
2 9 196 20000 1
3 3 156 24728 0
1 9 143 10000 1
4 5 341 40000 1
4 9 310 40000 1
3 7 317 30000 1
2 6 160 20000 1
2 1 66 6627 0
2 5 160 18489 0
3 3 139 22973 0
2 5 155 20000 1
4 12 274 40000 1
1 17 170 10000 1
2 15 205 20000 1
5 8 394 50000 1
2 14 185 20000 1
1 19 120 10000 1
6 9 403 60000 1
1 1 23 1941 0
1 4 128 10000 1
1 1 44 3262 0
4 4 204 34824 0
6 17 576 60000 1
3 3 120 14229 0
2 6 210 20000 1
5 1 54 11568 0
4 12 317 40000 1
4 5 182 27091 0
4 15 288 40000 1
5 5 290 50000 1
2 2 58 7197 0
5 9 414 50000 1
6 14 450 60000 1
5 4 278 40819 0
2 2 102 10026 0
3 12 245 30000 1
4 1 51 11372 0
1 1 40 2955 0
3 3 192 29132 0
1 14 156 10000 1
5 1 94 16117 0
4 2 93 20060 0
23 14 1435 230000 1
4 7 234 23118 0
19 10 1072 190000 1
54 8 2938 540000 1
1 10 177 10000 1
1 12 120 10000 1
12 11 696 120000 1
1 1 17 1451 0
1 3 76 6854 0
1 24 132 10000 1
35 15 2135 350000 1
1 17 132 10000 1
9 10 564 90000 1
1 15 123 10000 1
32 1 70 24746 0
1 14 159 10000 1
109 11 5838 1090000 1
15 2 79 16308 0
1 12 142 10000 1
106 5 3522 1060000 1
2 15 216 20000 1
3 5 179 28607 0
1 8 137 10000 1
1 6 132 10000 1
1 4 128 10000 1
1 21 147 10000 1
1 13 135 10000 1
8 11 619 80000 1
1 22 126 10000 1
1 9 148 10000 1
2 10 174 20000 1
9 2 136 37390 0
28 14 1478 280000 1
2 3 62 5947 0
6 11 425 60000 1
1 3 135 8835 0
51 1 117 33540 0
1 2 82 6275 0
4 1 81 13146 0
3 11 281 30000 1
1 19 126 10000 1
2 1 38 4517 0
1 2 50 3948 0
1 1 34 2450 0
17 13 1008 170000 1
1 12 169 10000 1
8 2 83 20177 0
1 11 148 10000 1
1 1 44 3138 0
1 13 158 10000 1
64 8 3231 640000 1
11 16 609 110000 1
1 22 142 10000 1
37 12 2725 370000 1
1 14 152 10000 1
1 1 31 1829 0
2 18 198 20000 1
9 2 120 33089 0
68 3 170 50008 0
4 12 259 40000 1
1 12 145 10000 1
102 12 7206 1020000 1
107 1 96 39628 0
9 3 224 43657 0
3 8 231 30000 1
1 14 149 10000 1
1 5 146 10000 1
41 1 40 9185 0
73 17 3181 730000 1
27 10 1694 270000 1
1 22 148 10000 1
172 4 157 36886 0
35 1 112 29712 0
1 2 53 4256 0
1 17 151 10000 1
9 7 388 90000 1
2 1 28 3886 0
32 15 1860 320000 1
4 2 127 21810 0
54 2 146 30243 0
1 10 134 10000 1
