4 0.945572916667
6 0.99
2 0.431034482759
5 0.89605734767
1 0.290697674419
5 1.10444444444
4 0.617920792079
5 1.02803571429
4 0.643426395939
4 0.677966101695
2 0.440528634361
2 0.549450549451
3 0.783964285714
2 0.621118012422
1 0.36496350365
4 0.689655172414
4 0.452020905923
2 0.393700787402
5 0.97125
3 0.717703349282
6 0.819047619048
2 0.502512562814
2 0.747857142857
5 0.726744186047
4 1.18833333333
1 0.42152173913
5 0.737338709677
6 0.652173913043
2 0.413223140496
2 0.473933649289
1 0.367647058824
3 0.633362068966
3 1.03642857143
4 0.873362445415
3 0.63829787234
1 0.420168067227
3 0.759149659864
6 0.562040133779
2 0.495809859155
2 0.662251655629
3 0.682567567568
6 0.738916256158
2 0.406504065041
5 0.543803986711
4 0.735294117647
4 0.457767857143
2 0.546448087432
1 0.393700787402
3 0.632911392405
3 0.655021834061
2 0.670294117647
5 1.05601895735
4 0.554016620499
5 0.730188679245
5 0.744912280702
6 0.735294117647
5 1.03546195652
2 0.602409638554
3 0.711304347826
2 0.589795918367
4 0.803212851406
3 0.528169014085
1 0.378787878788
2 0.537634408602
5 0.822368421053
1 0.322580645161
5 0.759878419453
3 1.1615
3 0.692058823529
3 0.622406639004
5 0.698324022346
4 0.305245098039
5 1.01137254902
2 0.532863247863
5 0.77399380805
5 0.733137829912
4 0.581395348837
5 0.816993464052
4 0.9843
4 0.634920634921
5 1.34652173913
2 0.462962962963
2 0.564971751412
1 0.504259259259
5 0.722543352601
3 0.625
3 0.622406639004
3 0.551470588235
4 0.817317073171
1 0.277777777778
3 0.453172205438
3 0.850807453416
5 0.886712328767
6 0.837988826816
5 0.788643533123
1 0.344827586207
1 0.34965034965
3 0.607287449393
3 0.613322981366
4 0.876285714286
3 0.720837837838
6 0.961538461538
3 0.717703349282
3 0.7379
1 0.420168067227
4 0.82304526749
3 0.738916256158
5 0.95785440613
5 0.666666666667
1 0.36231884058
4 0.657894736842
1 0.368362068966
2 0.485436893204
3 0.63025210084
3 0.649350649351
5 0.8038585209
1 0.390625
4 0.531708542714
5 0.796178343949
5 1.23327272727
2 0.531914893617
4 0.860298507463
2 0.487804878049
5 0.874125874126
2 0.475058823529
1 0.385
5 0.904176470588
2 0.566666666667
3 0.743863636364
1 0.431034482759
5 1.23696969697
2 0.692333333333
1 0.337837837838
1 0.356515151515
5 0.894113924051
6 0.742574257426
5 0.922509225092
1 0.403225806452
1 0.276243093923
2 0.510204081633
3 0.792564102564
1 0.34965034965
4 0.58651026393
4 0.645161290323
3 0.473186119874
2 0.625
2 0.502045454545
2 0.57778125
3 0.826366906475
2 0.645161290323
4 0.729927007299
1 0.294117647059
2 0.487804878049
5 0.634517766497
2 0.540540540541
1 0.416666666667
6 0.744416873449
1 0.421956521739
1 0.390625
1 0.370681818182
4 0.853529411765
6 0.520833333333
3 0.592875
2 0.47619047619
5 1.07111111111
4 0.630914826498
4 0.744258241758
4 0.694444444444
5 0.862068965517
2 0.620431034483
5 0.6038647343
6 0.666666666667
5 0.734154676259
2 0.491470588235
3 0.612244897959
4 1.11490196078
1 0.369375
3 0.758645833333
1 0.320512820513
5 0.857287234043
4 1.07849462366
23 0.801393728223
4 0.493974358974
19 0.886194029851
54 0.918992511913
1 0.282485875706
1 0.416666666667
12 0.862068965517
1 0.426764705882
1 0.450921052632
1 0.378787878788
35 0.819672131148
1 0.378787878788
9 0.797872340426
1 0.406504065041
32 1.76757142857
1 0.314465408805
109 0.933538883179
15 1.03215189873
1 0.352112676056
106 1.50482680295
2 0.462962962963
3 0.799078212291
1 0.36496350365
1 0.378787878788
1 0.390625
1 0.340136054422
1 0.37037037037
8 0.64620355412
1 0.396825396825
1 0.337837837838
2 0.574712643678
9 1.37463235294
28 0.947225981055
2 0.479596774194
6 0.705882352941
1 0.327222222222
51 1.43333333333
1 0.38262195122
4 0.811481481481
3 0.533807829181
1 0.396825396825
2 0.594342105263
1 0.3948
1 0.360294117647
17 0.843253968254
1 0.295857988166
8 1.21548192771
1 0.337837837838
1 0.356590909091
1 0.316455696203
64 0.99040544723
11 0.903119868637
1 0.352112676056
37 0.678899082569
1 0.328947368421
1 0.295
2 0.505050505051
9 1.37870833333
68 1.47082352941
4 0.772200772201
1 0.344827586207
102 0.707743547044
107 2.06395833333
9 0.974486607143
3 0.649350649351
1 0.335570469799
1 0.342465753425
41 1.148125
73 1.14743791261
27 0.796930342385
1 0.337837837838
172 1.1747133758
35 1.32642857143
1 0.401509433962
1 0.331125827815
9 1.15979381443
2 0.693928571429
32 0.860215053763
4 0.858661417323
54 1.03571917808
1 0.373134328358
