1 1 63 5738 0
4 1 79 21800 0
2 1 28 6399 0
2 1 30 7319 0
3 9 244 30000 1
2 3 138 20000 1
1 1 58 6904 0
2 12 162 20000 1
5 1 71 26929 0
4 8 210 40000 1
6 9 226 60000 1
1 6 95 10000 1
4 6 219 40000 1
3 2 105 25950 0
3 11 156 30000 1
2 1 71 11179 0
5 1 88 24812 0
1 12 90 10000 1
1 12 98 10000 1
2 8 137 20000 1
4 8 217 40000 1
3 3 125 30000 1
3 6 239 30000 1
3 1 60 17845 0
5 12 387 50000 1
2 2 106 18507 0
5 4 189 50000 1
2 6 129 20000 1
6 10 309 60000 1
4 4 161 40000 1
3 10 150 30000 1
5 4 192 50000 1
1 3 94 10000 1
3 12 175 30000 1
1 9 81 10000 1
2 7 115 20000 1
5 1 110 28992 0
6 1 49 14389 0
3 2 84 15851 0
4 1 54 20299 0
4 3 127 25279 0
2 2 54 11722 0
5 1 72 27830 0
5 8 275 50000 1
5 7 216 50000 1
6 1 39 15045 0
1 7 73 10000 1
5 1 70 19138 0
5 1 57 19800 0
4 4 162 40000 1
4 3 141 40000 1
5 4 198 50000 1
3 1 69 18042 0
5 1 117 28637 0
6 7 249 60000 1
4 1 54 17539 0
5 5 278 50000 1
2 5 121 20000 1
5 9 196 50000 1
3 3 174 30000 1
2 2 82 18314 0
5 1 69 22339 0
2 1 65 11057 0
2 6 138 20000 1
5 12 217 50000 1
3 3 124 30000 1
5 1 81 25280 0
2 1 19 4765 0
5 4 195 50000 1
4 9 206 40000 1
2 1 48 10340 0
4 1 107 26963 0
4 1 74 17106 0
3 1 35 8031 0
6 2 63 22143 0
1 1 29 3170 0
5 2 201 50000 1
2 1 29 5598 0
5 3 232 50000 1
3 3 132 30000 1
3 3 156 30000 1
4 5 197 40000 1
4 10 246 40000 1
3 9 230 30000 1
3 1 47 10080 0
2 11 119 20000 1
4 8 250 40000 1
1 5 94 10000 1
5 1 71 21374 0
2 8 114 20000 1
6 10 402 60000 1
3 4 137 28077 0
6 4 220 60000 1
2 13 142 20000 1
5 2 187 50000 1
3 1 54 16190 0
4 1 92 27191 0
1 1 77 7054 0
2 4 101 20000 1
2 8 128 20000 1
4 10 255 40000 1
5 1 113 30886 0
3 5 137 30000 1
4 1 55 18404 0
5 1 54 20994 0
1 12 127 10000 1
1 13 88 10000 1
2 1 79 11447 0
2 10 150 20000 1
2 5 111 20000 1
2 1 55 9472 0
3 9 195 30000 1
1 1 42 3986 0
4 3 152 40000 1
4 12 210 40000 1
4 4 201 40000 1
2 1 24 5637 0
1 5 113 10000 1
1 4 79 10000 1
6 5 237 60000 1
6 9 172 60000 1
3 1 28 10395 0
3 4 132 30000 1
3 6 151 30000 1
5 11 217 50000 1
5 2 133 42831 0
1 2 59 7745 0
3 4 141 30000 1
2 4 122 20000 1
2 10 175 20000 1
2 1 56 8996 0
4 10 203 40000 1
2 1 39 6814 0
5 3 237 50000 1
3 3 165 30000 1
5 10 215 50000 1
3 3 115 30000 1
4 3 153 40000 1
1 7 109 10000 1
1 12 97 10000 1
5 2 187 50000 1
1 1 66 5664 0
4 9 234 40000 1
4 9 154 40000 1
3 9 146 30000 1
2 9 104 20000 1
6 6 205 60000 1
5 3 235 50000 1
3 6 172 30000 1
3 1 85 23651 0
1 11 85 10000 1
6 1 86 31112 0
2 9 115 20000 1
2 4 136 20000 1
4 10 225 40000 1
4 5 182 40000 1
1 1 30 3816 0
2 2 126 20000 1
5 10 328 50000 1
2 3 141 20000 1
5 9 223 50000 1
5 4 209 50000 1
2 2 58 11825 0
3 9 171 30000 1
3 1 68 15787 0
4 1 35 10172 0
3 6 137 30000 1
3 1 42 11788 0
6 3 182 60000 1
4 12 268 40000 1
4 5 187 40000 1
3 1 52 10536 0
3 8 133 30000 1
1 3 66 10000 1
4 1 101 27316 0
2 2 67 15450 0
1 13 87 10000 1
2 1 56 11047 0
4 1 92 23615 0
2 1 66 11814 0
5 3 264 50000 1
1 1 72 6761 0
120 3 2473 1200000 1
1 2 101 10000 1
6 1 60 18533 0
1 2 90 10000 1
1 5 75 10000 1
1 8 88 10000 1
11 9 448 110000 1
104 12 3493 1040000 1
1 1 38 4412 0
61 1 173 57402 0
2 1 71 14410 0
39 4 1132 390000 1
81 10 4480 810000 1
8 1 47 22904 0
26 2 482 260000 1
1 1 41 3796 0
3 1 79 18017 0
40 8 1437 400000 1
1 11 84 10000 1
69 12 3045 690000 1
3 2 64 21395 0
1 3 72 10000 1
1 12 84 10000 1
1 13 87 10000 1
1 3 105 10000 1
1 7 90 10000 1
41 1 60 31089 0
1 1 64 6553 0
1 5 85 10000 1
1 6 117 10000 1
1 1 55 6153 0
1 2 79 8652 0
118 1 81 37482 0
1 8 115 10000 1
3 3 125 30000 1
1 2 99 10000 1
23 1 137 97011 0
2 1 47 8539 0
13 9 749 130000 1
4 1 73 23792 0
1 4 83 10000 1
2 9 142 20000 1
6 12 279 60000 1
1 4 83 10000 1
6 7 293 60000 1
3 2 82 25596 0
4 12 217 40000 1
45 1 112 66774 0
1 10 89 10000 1
2 1 56 9115 0
1 1 40 4546 0
43 5 1476 430000 1
50 5 1384 500000 1
2 1 54 11773 0
3 1 48 15761 0
41 1 64 36678 0
1 3 82 10000 1
6 7 221 60000 1
12 9 634 120000 1
1 10 90 10000 1
1 5 107 10000 1
1 5 102 10000 1
4 7 255 40000 1
3 6 107 30000 1
1 5 90 10000 1
1 6 75 10000 1
1 8 87 10000 1
2 2 122 20000 1
4 6 204 40000 1
1 5 78 10000 1
26 8 1131 260000 1
176 8 7942 1760000 1
1 7 114 10000 1
9 1 36 14432 0
50 3 1211 500000 1
1 5 91 10000 1
24 9 1005 240000 1
1 1 49 5091 0
17 12 916 170000 1
5 5 197 50000 1
