1 0.325283446712
4 0.985533453888
2 0.816198979592
2 0.87130952381
3 0.439110070258
2 0.517598343685
1 0.425123152709
2 0.440917107584
5 1.35457746479
4 0.680272108844
6 0.94816687737
1 0.375939849624
4 0.652315720809
3 0.882653061224
3 0.686813186813
2 0.562323943662
5 1.00698051948
1 0.396825396825
1 0.36443148688
2 0.521376433785
4 0.658327847268
3 0.857142857143
3 0.448296473401
3 1.06220238095
5 0.46142488003
2 0.623551212938
5 0.944822373394
2 0.553709856035
6 0.693481276006
4 0.887311446318
3 0.714285714286
5 0.93005952381
1 0.379939209726
3 0.612244897959
1 0.440917107584
2 0.621118012422
5 0.941298701299
6 1.04876093294
3 0.67393707483
4 1.34252645503
4 0.710883014623
2 0.775264550265
5 1.38045634921
5 0.649350649351
5 0.82671957672
6 1.37774725275
1 0.489236790607
5 0.976428571429
5 1.24060150376
4 0.881834215168
4 1.01317122594
5 0.901875901876
3 0.933850931677
5 0.874145299145
6 0.860585197935
4 1.15998677249
5 0.642343268243
2 0.590318772137
5 0.911078717201
3 0.615763546798
2 0.797648083624
5 1.15626293996
2 0.607527472527
2 0.517598343685
5 0.822909809085
3 0.864055299539
5 1.11463844797
2 0.895676691729
5 0.915750915751
4 0.693481276006
2 0.769345238095
4 0.899966622163
4 0.825579150579
3 0.819489795918
6 1.25527210884
1 0.39039408867
5 0.88841506752
2 0.689408866995
5 0.769704433498
3 0.811688311688
3 0.686813186813
4 0.725163161711
4 0.580720092915
3 0.465838509317
3 0.765957446809
2 0.600240096038
4 0.571428571429
1 0.379939209726
5 1.07515090543
2 0.62656641604
6 0.533049040512
3 0.731934306569
6 0.974025974026
2 0.503018108652
5 0.954927425516
3 1.07076719577
4 1.05555124224
1 0.327179962894
2 0.707213578501
2 0.558035714286
4 0.560224089636
5 0.976169405815
3 0.782064650678
4 1.19506493506
5 1.38849206349
1 0.281214848144
1 0.405844155844
2 0.517495479204
2 0.47619047619
2 0.643500643501
2 0.615064935065
3 0.549450549451
1 0.338945578231
4 0.93984962406
4 0.680272108844
4 0.710732054016
2 0.838839285714
1 0.31605562579
1 0.452079566004
6 0.904159132007
6 1.24584717608
3 1.32589285714
3 0.811688311688
3 0.709555345317
5 0.822909809085
5 1.15013426423
1 0.46882566586
3 0.759878419453
2 0.585480093677
2 0.408163265306
2 0.573724489796
4 0.703729767769
2 0.623992673993
5 0.753465943339
3 0.649350649351
5 0.830564784053
3 0.931677018634
4 0.93370681606
1 0.327653997379
1 0.368188512518
5 0.954927425516
1 0.306493506494
4 0.610500610501
4 0.927643784787
3 0.73385518591
2 0.686813186813
6 1.04529616725
5 0.759878419453
3 0.62292358804
3 0.993739495798
1 0.420168067227
6 1.29202657807
2 0.621118012422
2 0.525210084034
4 0.634920634921
4 0.784929356358
1 0.454285714286
2 0.566893424036
5 0.544425087108
2 0.506585612969
5 0.800768737988
5 0.854408749146
2 0.728140394089
3 0.62656641604
3 0.829149159664
4 1.03795918367
3 0.782064650678
3 1.00238095238
6 1.17739403454
4 0.533049040512
4 0.763941940413
3 0.723626373626
3 0.805585392052
1 0.541125541126
4 0.965912305516
2 0.823560767591
1 0.410509031199
2 0.704528061224
4 0.91673136646
2 0.639285714286
5 0.676406926407
1 0.335367063492
120 1.73300213737
1 0.35360678925
6 1.1031547619
1 0.396825396825
1 0.47619047619
1 0.405844155844
11 0.876913265306
104 1.06335119218
1 0.414661654135
61 1.18501238646
2 0.724849094567
39 1.23043917214
81 0.645727040816
8 1.74042553191
26 1.92649673977
1 0.330662020906
3 0.814511754069
40 0.994134605826
1 0.425170068027
69 0.809289232935
3 1.19391741071
1 0.496031746032
1 0.425170068027
1 0.410509031199
1 0.340136054422
1 0.396825396825
41 1.85053571429
1 0.365680803571
1 0.420168067227
1 0.30525030525
1 0.399545454545
1 0.391139240506
118 1.65264550265
1 0.310559006211
3 0.857142857143
1 0.36075036075
23 2.5289624609
2 0.648860182371
13 0.619874117871
4 1.16399217221
1 0.430292598967
2 0.503018108652
6 0.768049155146
1 0.430292598967
6 0.731350560702
3 1.11480836237
4 0.658327847268
45 2.12927295918
1 0.401284109149
2 0.58131377551
1 0.405892857143
43 1.04045683314
50 1.29025598679
2 0.778637566138
3 1.17269345238
41 2.04676339286
1 0.435540069686
6 0.969618616677
12 0.675980171248
1 0.396825396825
1 0.333778371162
1 0.350140056022
4 0.560224089636
3 1.00133511348
1 0.396825396825
1 0.47619047619
1 0.410509031199
2 0.585480093677
4 0.700280112045
1 0.457875457875
26 0.821018062397
176 0.791452314998
1 0.31328320802
9 1.43174603175
50 1.47457827061
1 0.392464678179
24 0.852878464819
1 0.371064139942
17 0.662819713038
5 0.906453952139
