2 1 44 10144 0
5 9 271 50000 1
1 4 73 10000 1
5 5 201 50000 1
5 1 84 33182 0
2 10 123 20000 1
3 1 49 16660 0
2 10 102 20000 1
6 9 159 60000 1
4 9 251 40000 1
2 4 154 20000 1
2 4 99 20000 1
2 7 123 20000 1
4 2 108 40000 1
3 1 89 30000 1
2 1 49 15783 0
2 10 116 20000 1
2 3 100 20000 1
2 7 110 20000 1
3 6 169 30000 1
4 4 144 40000 1
3 2 120 30000 1
3 1 70 23604 0
1 3 68 10000 1
3 6 130 30000 1
1 2 58 10000 1
3 1 34 14554 0
1 9 70 10000 1
4 4 150 40000 1
4 7 148 40000 1
1 1 45 6405 0
3 1 51 16598 0
4 5 198 40000 1
1 1 46 6943 0
5 10 198 50000 1
4 1 56 25549 0
1 1 66 8604 0
4 1 61 25701 0
5 4 180 50000 1
1 4 101 10000 1
3 1 114 27604 0
5 4 275 50000 1
1 2 76 10000 1
4 3 171 40000 1
4 3 135 40000 1
4 2 144 40000 1
5 3 159 50000 1
5 6 170 50000 1
2 1 74 16758 0
3 3 115 30000 1
5 2 134 50000 1
5 3 146 50000 1
4 3 165 40000 1
5 1 103 36007 0
2 7 84 20000 1
2 1 47 8950 0
3 6 106 30000 1
5 1 87 30078 0
4 8 208 40000 1
4 1 85 36171 0
4 1 108 40000 1
2 2 95 20000 1
3 1 51 15413 0
5 2 177 50000 1
4 11 159 40000 1
1 7 74 10000 1
1 1 49 7633 0
3 6 124 30000 1
3 4 144 30000 1
4 3 125 40000 1
4 4 143 40000 1
4 1 71 36054 0
1 10 62 10000 1
5 5 187 50000 1
6 2 127 58854 0
5 9 198 50000 1
2 5 110 20000 1
1 2 70 8117 0
4 3 146 40000 1
3 10 180 30000 1
4 1 51 20239 0
5 7 182 50000 1
5 5 176 50000 1
5 1 63 25169 0
3 1 72 22381 0
3 3 96 30000 1
2 8 113 20000 1
6 1 76 44322 0
5 3 146 50000 1
4 6 191 40000 1
4 2 122 40000 1
5 1 45 25552 0
1 9 87 10000 1
1 1 52 7004 0
2 5 123 20000 1
5 3 158 50000 1
3 6 157 30000 1
1 1 42 5718 0
6 4 180 60000 1
4 5 175 40000 1
5 5 176 50000 1
4 3 149 40000 1
1 4 80 10000 1
2 1 101 20000 1
6 4 158 60000 1
4 6 185 40000 1
1 3 69 10000 1
5 6 230 50000 1
1 4 66 10000 1
4 3 169 40000 1
6 4 134 60000 1
4 3 197 40000 1
3 2 123 30000 1
3 1 43 16089 0
1 3 95 10000 1
3 1 77 20272 0
3 1 53 16766 0
1 1 72 9158 0
2 4 98 20000 1
4 9 144 40000 1
2 5 150 20000 1
4 1 73 30857 0
6 3 139 60000 1
4 1 85 30343 0
5 3 161 50000 1
5 1 60 25032 0
5 4 247 50000 1
3 1 57 16457 0
4 7 190 40000 1
2 5 80 20000 1
5 1 63 28823 0
4 2 118 40000 1
2 1 60 15098 0
4 1 71 31619 0
5 5 173 50000 1
2 2 87 20000 1
6 7 253 60000 1
3 1 93 24631 0
3 5 123 30000 1
3 2 135 30000 1
1 1 82 9140 0
6 1 47 28738 0
4 1 91 28976 0
5 8 231 50000 1
5 10 203 50000 1
5 2 124 50000 1
3 1 76 26673 0
1 11 77 10000 1
2 6 104 20000 1
5 9 316 50000 1
6 1 71 37611 0
6 7 314 60000 1
2 8 122 20000 1
6 5 251 60000 1
4 1 48 16097 0
4 4 157 40000 1
2 1 48 12645 0
6 10 172 60000 1
4 4 160 40000 1
4 1 65 21157 0
6 1 80 47888 0
1 4 98 10000 1
6 1 76 41240 0
1 1 66 9323 0
1 4 89 10000 1
2 1 84 18971 0
3 8 132 30000 1
1 1 46 7420 0
2 6 104 20000 1
6 6 247 60000 1
4 4 159 40000 1
1 1 57 7545 0
4 9 175 40000 1
2 6 123 20000 1
3 1 94 28122 0
5 3 143 50000 1
4 2 155 40000 1
2 8 121 20000 1
2 1 87 19889 0
2 1 55 14176 0
5 4 189 50000 1
61 1 69 43561 0
1 3 91 10000 1
2 2 84 20000 1
6 10 452 60000 1
1 6 89 10000 1
5 1 54 26159 0
5 5 221 50000 1
69 8 2732 690000 1
1 3 74 10000 1
131 7 5234 1310000 1
1 9 80 10000 1
7 6 295 70000 1
6 9 224 60000 1
10 2 203 100000 1
24 6 1012 240000 1
1 4 89 10000 1
4 3 149 40000 1
1 7 81 10000 1
4 3 162 40000 1
1 1 74 10000 1
1 3 74 10000 1
103 3 2136 1030000 1
1 1 45 6537 0
1 2 55 8680 0
26 4 777 260000 1
99 1 70 49368 0
139 1 88 51383 0
37 3 877 370000 1
8 6 264 80000 1
1 4 63 10000 1
2 4 139 20000 1
3 7 150 30000 1
1 6 79 10000 1
5 1 91 50000 1
1 6 86 10000 1
1 4 46 10000 1
3 8 191 30000 1
10 3 173 100000 1
18 9 766 180000 1
53 3 781 530000 1
1 6 100 10000 1
1 6 74 10000 1
128 1 95 65866 0
3 5 151 30000 1
1 2 59 10000 1
1 9 114 10000 1
1 8 89 10000 1
16 4 477 160000 1
1 6 76 10000 1
19 3 431 190000 1
1 10 94 10000 1
1 2 53 10000 1
124 4 3348 1240000 1
100 1 91 62522 0
79 2 1090 790000 1
169 1 76 51349 0
1 1 33 4747 0
1 8 63 10000 1
1 1 37 5931 0
98 2 1349 980000 1
1 3 93 10000 1
1 4 71 10000 1
1 6 78 10000 1
3 7 174 30000 1
1 5 101 10000 1
17 1 62 42642 0
8 4 260 80000 1
1 1 67 8750 0
155 1 1138 1550000 1
13 1 68 58073 0
20 1 167 136567 0
1 1 44 5202 0
37 4 1013 370000 1
67 1 91 66129 0
27 6 1153 270000 1
2 1 39 10804 0
1 6 76 10000 1
1 4 83 10000 1
1 2 65 10000 1
104 5 2849 1040000 1
1 1 57 8454 0
