2 0.720454545455
5 0.576568265683
1 0.428082191781
5 0.77736318408
5 1.23444940476
2 0.508130081301
3 1.0625
2 0.612745098039
6 1.17924528302
4 0.498007968127
2 0.405844155844
2 0.631313131313
2 0.508130081301
4 1.15740740741
3 1.05337078652
2 1.00656887755
2 0.538793103448
2 0.625
2 0.568181818182
3 0.554733727811
4 0.868055555556
3 0.78125
3 1.05375
1 0.459558823529
3 0.721153846154
1 0.538793103448
3 1.33768382353
1 0.446428571429
4 0.833333333333
4 0.844594594595
1 0.444791666667
3 1.01703431373
4 0.631313131313
1 0.471671195652
5 0.789141414141
4 1.42572544643
1 0.407386363636
4 1.31664959016
5 0.868055555556
1 0.309405940594
3 0.756688596491
5 0.568181818182
1 0.411184210526
4 0.730994152047
4 0.925925925926
4 0.868055555556
5 0.982704402516
5 0.919117647059
2 0.707685810811
3 0.815217391304
5 1.16604477612
5 1.07020547945
4 0.757575757576
5 1.09244538835
2 0.744047619048
2 0.595079787234
3 0.884433962264
5 1.08038793103
4 0.600961538462
4 1.32981617647
4 1.15740740741
2 0.657894736842
3 0.944424019608
5 0.882768361582
4 0.786163522013
1 0.422297297297
1 0.486798469388
3 0.756048387097
3 0.651041666667
4 1.0
4 0.874125874126
4 1.58688380282
1 0.504032258065
5 0.835561497326
6 1.44817913386
5 0.789141414141
2 0.568181818182
1 0.362366071429
4 0.856164383562
3 0.520833333333
4 1.24013480392
5 0.858516483516
5 0.887784090909
5 1.24846230159
3 0.971397569444
3 0.9765625
2 0.553097345133
6 1.82245065789
5 1.07020547945
4 0.65445026178
4 1.02459016393
5 1.77444444444
1 0.359195402299
1 0.420913461538
2 0.508130081301
5 0.988924050633
3 0.597133757962
1 0.425446428571
6 1.04166666667
4 0.714285714286
5 0.887784090909
4 0.838926174497
1 0.390625
2 0.618811881188
6 1.18670886076
4 0.675675675676
1 0.452898550725
5 0.679347826087
1 0.473484848485
4 0.739644970414
6 1.39925373134
4 0.634517766497
3 0.762195121951
3 1.16925872093
1 0.328947368421
3 0.822727272727
3 0.988561320755
1 0.397482638889
2 0.637755102041
4 0.868055555556
2 0.416666666667
4 1.32093321918
6 1.34892086331
4 1.11555147059
5 0.97049689441
5 1.30375
5 0.632591093117
3 0.902247807018
4 0.657894736842
2 0.78125
5 1.42971230159
4 1.0593220339
2 0.786354166667
4 1.39168133803
5 0.903179190751
2 0.718390804598
6 0.741106719368
3 0.827654569892
3 0.762195121951
3 0.694444444444
1 0.348323170732
6 1.9107712766
4 0.995054945055
5 0.676406926407
5 0.769704433498
5 1.26008064516
3 1.09675164474
1 0.405844155844
2 0.600961538462
5 0.494462025316
6 1.65541373239
6 0.597133757962
2 0.512295081967
6 0.747011952191
4 1.04798177083
4 0.796178343949
2 0.8232421875
6 1.09011627907
4 0.78125
4 1.01716346154
6 1.870625
1 0.31887755102
6 1.69572368421
1 0.441429924242
1 0.351123595506
2 0.705766369048
3 0.710227272727
1 0.504076086957
2 0.600961538462
6 0.759109311741
4 0.786163522013
1 0.413651315789
4 0.714285714286
2 0.508130081301
3 0.934906914894
5 1.09265734266
4 0.806451612903
2 0.51652892562
2 0.714403735632
2 0.805454545455
5 0.82671957672
61 1.97287137681
1 0.343406593407
2 0.744047619048
6 0.41482300885
1 0.351123595506
5 1.51383101852
5 0.707013574661
69 0.789256954612
1 0.422297297297
131 0.782145586549
1 0.390625
7 0.741525423729
6 0.837053571429
10 1.539408867
24 0.741106719368
1 0.351123595506
4 0.838926174497
1 0.385802469136
4 0.771604938272
1 0.422297297297
1 0.422297297297
103 1.50690543071
1 0.453958333333
1 0.493181818182
26 1.04568854569
99 2.20392857143
139 1.82468039773
37 1.31841505131
8 0.94696969697
1 0.496031746032
2 0.44964028777
3 0.625
1 0.395569620253
5 1.71703296703
1 0.363372093023
1 0.679347826087
3 0.490837696335
10 1.8063583815
18 0.734334203655
53 2.12067861716
1 0.3125
1 0.422297297297
128 2.16664473684
3 0.620860927152
1 0.529661016949
1 0.274122807018
1 0.351123595506
16 1.04821802935
1 0.411184210526
19 1.37761020882
1 0.332446808511
1 0.589622641509
124 1.15740740741
100 2.1470467033
79 2.26490825688
169 2.11138980263
1 0.449526515152
1 0.496031746032
1 0.500929054054
98 2.27020014826
1 0.336021505376
1 0.44014084507
1 0.400641025641
3 0.538793103448
1 0.309405940594
17 2.14929435484
8 0.961538461538
1 0.408115671642
155 4.25637082601
13 2.66879595588
20 2.55552020958
1 0.369460227273
37 1.14141164857
67 2.27091346154
27 0.731786643539
2 0.865705128205
1 0.411184210526
1 0.376506024096
1 0.480769230769
104 1.14075114075
1 0.463486842105
