1 11 186 5580 0
3 14 146 4380 0
5 7 92 2760 0
2 24 237 7110 0
1 62 334 10000 1
5 27 386 11580 0
2 33 376 11280 0
4 23 404 12120 0
1 9 72 2160 0
3 13 88 2640 0
1 17 137 4110 0
4 5 74 2220 0
1 18 169 5070 0
3 13 243 7290 0
2 5 44 1320 0
2 77 606 18160 0
3 43 569 17050 0
4 30 414 12420 0
2 53 526 15760 0
5 20 326 9780 0
1 34 321 9630 0
2 10 84 2520 0
5 31 606 18160 0
1 16 169 5070 0
5 26 360 10800 0
2 33 319 9570 0
3 64 985 29510 0
1 30 256 7680 0
2 75 662 19840 0
3 31 334 10020 0
1 15 149 4470 0
2 28 275 8250 0
2 8 59 1770 0
1 37 311 9330 0
2 10 61 1830 0
3 15 215 6450 0
3 17 205 6150 0
2 10 104 3120 0
2 31 223 6690 0
1 5 60 1800 0
3 24 393 11790 0
4 38 432 12960 0
2 17 174 5220 0
5 28 349 10470 0
2 1 24 720 0
4 75 817 24490 0
5 27 300 9000 0
4 24 434 13020 0
4 25 231 6930 0
4 41 345 10350 0
1 3 50 1500 0
3 22 394 11820 0
5 14 192 5760 0
3 35 355 10650 0
2 22 243 7290 0
3 8 76 2280 0
2 24 332 9960 0
5 24 585 17530 0
2 78 668 20000 1
3 27 523 15670 0
1 17 211 6330 0
3 32 362 10860 0
1 9 66 1980 0
1 37 334 10000 1
5 49 658 19720 0
5 9 111 3330 0
4 23 390 11700 0
2 15 108 3240 0
4 36 580 17380 0
2 17 162 4860 0
1 21 229 6870 0
2 28 325 9750 0
1 26 233 6990 0
4 31 467 14010 0
4 15 228 6840 0
1 13 131 3930 0
4 60 644 19300 0
4 42 481 14430 0
3 12 238 7140 0
2 26 277 8310 0
4 34 586 17560 0
4 51 688 20620 0
1 24 334 10000 1
5 38 636 19060 0
2 18 222 6660 0
1 17 198 5940 0
3 10 102 3060 0
3 24 312 9360 0
5 37 594 17800 0
5 19 306 9180 0
4 1 16 480 0
1 33 263 7890 0
2 55 668 20000 1
2 16 168 5040 0
3 16 191 5730 0
5 26 272 8160 0
2 19 158 4740 0
5 19 199 5970 0
4 33 490 14680 0
1 20 177 5310 0
2 25 201 6030 0
1 56 334 10000 1
5 21 278 8340 0
3 27 298 8940 0
4 36 431 12930 0
2 26 320 9600 0
3 8 131 3930 0
5 22 233 6990 0
3 4 48 1440 0
4 18 247 7410 0
3 32 499 14950 0
3 9 82 2460 0
5 24 397 11910 0
3 37 384 11520 0
4 8 115 3450 0
3 8 117 3510 0
1 60 334 10000 1
4 78 898 26900 0
5 79 1082 32420 0
4 27 329 9870 0
1 15 188 5640 0
2 35 384 11520 0
2 1 10 300 0
5 16 254 7620 0
5 24 306 9180 0
3 43 588 17620 0
5 18 244 7320 0
2 15 113 3390 0
2 28 423 12670 0
5 6 115 3450 0
2 62 668 20000 1
4 20 272 8160 0
5 24 343 10290 0
4 35 824 24700 0
1 39 334 10000 1
4 19 230 6900 0
2 21 232 6960 0
4 39 669 20050 0
2 21 196 5880 0
4 19 294 8820 0
1 10 82 2460 0
2 20 128 3840 0
3 27 209 6270 0
5 13 147 4410 0
2 17 160 4800 0
5 17 263 7890 0
3 3 46 1380 0
5 32 535 16050 0
2 14 134 4020 0
5 17 215 6450 0
5 8 103 3090 0
2 35 414 12420 0
1 42 334 10000 1
5 45 579 17370 0
1 44 334 10000 1
3 14 198 5940 0
4 17 444 13320 0
2 31 260 7800 0
3 20 278 8340 0
4 59 644 19300 0
2 25 219 6570 0
5 13 131 3930 0
4 32 625 18730 0
1 14 144 4320 0
2 23 179 5370 0
5 4 86 2580 0
4 12 172 5160 0
3 98 1002 30000 1
3 18 254 7620 0
1 9 104 3120 0
2 23 185 5550 0
1 28 293 8790 0
3 15 300 9000 0
4 48 621 18610 0
5 15 263 7890 0
1 16 183 5490 0
1 32 312 9360 0
4 24 314 9420 0
2 26 222 6660 0
5 86 1071 32090 0
1 36 289 8670 0
2 41 538 16120 0
21 23 714 21420 0
43 19 430 12900 0
1 23 213 6390 0
13 47 1243 37270 0
1 20 152 4560 0
1 1 18 540 0
134 7 151 4530 0
1 25 177 5310 0
88 31 955 28650 0
3 15 214 6420 0
2 59 641 19210 0
18 22 458 13740 0
41 24 507 15210 0
1 21 180 5400 0
9 39 869 26050 0
1 20 153 4590 0
32 27 640 19200 0
1 27 193 5790 0
20 28 968 29040 0
1 6 89 2670 0
1 31 311 9330 0
24 18 309 9270 0
1 6 45 1350 0
6 21 296 8880 0
3 25 312 9360 0
125 24 902 27060 0
2 14 112 3360 0
1 21 203 6090 0
48 28 1278 38340 0
11 27 444 13320 0
3 8 81 2430 0
3 20 246 7380 0
158 20 618 18540 0
1 22 196 5880 0
19 29 526 15780 0
1 4 67 2010 0
1 49 334 10000 1
1 24 276 8280 0
3 3 62 1860 0
1 18 152 4560 0
1 24 275 8250 0
2 20 263 7890 0
1 4 50 1500 0
2 14 159 4770 0
1 9 48 1440 0
1 9 77 2310 0
45 53 966 28960 0
6 32 602 18060 0
2 24 252 7560 0
4 19 244 7320 0
1 12 97 2910 0
1 30 247 7410 0
28 17 345 10350 0
1 8 97 2910 0
33 23 636 19080 0
1 20 191 5730 0
27 16 486 14580 0
1 16 127 3810 0
125 18 291 8730 0
142 32 753 22590 0
1 50 334 10000 1
1 44 334 10000 1
16 27 511 15330 0
1 16 107 3210 0
1 15 129 3870 0
4 127 1336 40000 1
1 22 131 3930 0
5 9 114 3420 0
1 20 157 4710 0
12 13 223 6690 0
7 14 244 7320 0
66 20 834 25020 0
10 19 355 10650 0
1 27 199 5970 0
1 19 184 5520 0
1 24 178 5340 0
11 33 477 14310 0
1 28 164 4920 0
1 26 277 8310 0
1 25 246 7380 0
