5 0.998135435206
4 1.0
1 0.995619275189
1 0.995619275189
5 0.997921390779
3 0.997962962963
4 0.998055334571
4 0.995619275189
3 0.997037037037
2 0.995619275189
5 0.996623695519
4 1.0
2 0.995619275189
4 0.995619275189
5 0.998309512832
3 0.996674225246
2 0.997228521038
5 0.997319688109
2 0.995619275189
2 0.995619275189
1 0.995619275189
5 0.997861378439
5 0.99748513946
3 0.995619275189
3 0.996418396418
3 1.0
5 1.0
5 0.997492877493
1 1.0
4 0.996441856704
5 0.997155969233
3 1.0
2 0.995619275189
5 0.998012646793
5 0.995619275189
3 1.0
1 1.0
2 0.995619275189
2 0.995619275189
4 0.997421472105
2 1.0
2 0.996576408341
4 1.0
3 1.0
3 0.997785829308
4 0.996694463226
1 1.0
2 1.0
5 0.998288204171
2 0.995619275189
1 1.0
2 0.995619275189
2 1.0
1 0.995619275189
2 0.997363058852
3 0.996953963309
3 0.996604938272
1 0.995619275189
4 1.0
4 0.997053110977
1 1.0
1 1.0
4 0.996362433862
1 1.0
4 0.996835670622
3 0.996860058517
1 0.995619275189
3 0.997553108664
5 0.996696696697
1 1.0
4 0.996895943563
5 0.996337910945
4 0.995619275189
5 0.997228521038
1 1.0
5 0.99779182977
3 1.0
5 0.997185441054
5 1.0
1 0.995619275189
2 1.0
4 1.0
3 0.997292974037
2 1.0
3 0.995619275189
1 0.995619275189
3 0.996604938272
1 0.995619275189
3 0.99704777241
5 1.0
5 1.0
2 0.995619275189
4 0.996721067144
5 0.997492877493
2 0.995619275189
5 0.996642246642
3 0.99740504836
2 0.997345880082
2 1.0
3 0.997388414055
3 0.997461636091
4 1.0
2 1.0
4 0.996773010634
4 0.996646852614
1 0.995619275189
2 1.0
4 0.997574955908
1 1.0
1 0.995619275189
5 1.0
5 1.0
4 0.997363058852
5 0.996476476476
5 0.996907723663
2 1.0
3 1.0
1 1.0
2 0.996362433862
4 0.995619275189
5 1.0
1 1.0
3 0.995619275189
4 0.997469519209
5 0.997957857607
3 0.995619275189
4 0.997015330349
2 0.997723980964
4 0.997120795707
5 0.997988111568
1 0.995619275189
2 0.995619275189
4 0.99787808642
3 0.997469519209
1 0.995619275189
2 1.0
2 0.996701154596
3 0.998012646793
4 0.997665287064
1 0.995619275189
4 0.995619275189
3 0.996913580247
5 0.998126862495
5 0.996959646213
1 0.995619275189
2 0.99761051374
5 0.997651830505
2 0.995619275189
5 1.0
1 0.995619275189
3 0.997910731244
2 0.99708994709
4 0.997301937699
3 0.997749130346
3 1.0
5 0.99740504836
2 1.0
5 0.996970948644
2 0.995619275189
5 0.996970948644
5 1.0
1 1.0
5 0.998266351458
3 0.996890019791
5 1.0
2 0.997469519209
2 1.0
3 0.995619275189
1 0.995619275189
2 0.996740740741
3 0.998055334571
4 0.995619275189
3 0.997530864198
5 0.997631352283
3 1.0
2 0.995619275189
5 1.0
4 0.996436669906
5 0.996823334055
1 1.0
5 0.998247710076
67 0.99870458694
1 0.995619275189
2 1.0
5 1.0
21 0.998491083676
4 1.0
1 1.0
5 0.99748513946
2 0.995619275189
1 1.0
2 0.997247247247
153 1.0
1 0.995619275189
27 0.998765432099
48 0.998691060538
1 0.995619275189
1 1.0
1 1.0
143 0.998362181277
1 0.995619275189
1 1.0
1 1.0
79 0.999012345679
1 0.995619275189
1 0.995619275189
28 0.99846478603
47 0.998751241663
126 0.999152117779
1 0.995619275189
2 0.995619275189
11 1.0
1 0.995619275189
32 0.998570500325
1 1.0
145 0.998787477954
1 0.995619275189
1 1.0
1 1.0
15 1.0
1 0.995619275189
1 0.995619275189
3 0.995619275189
1 1.0
111 1.0
75 0.997179177199
1 0.995619275189
1 1.0
1 0.995619275189
37 0.998197312357
1 0.995619275189
2 0.997785829308
1 0.995619275189
1 1.0
1 1.0
1 1.0
44 0.998599974545
1 1.0
21 0.998015873016
2 0.995619275189
41 0.998575498575
1 1.0
42 1.0
1 0.995619275189
1 0.995619275189
1 1.0
22 0.998571335801
2 0.997421472105
1 0.995619275189
1 1.0
21 0.998346113366
1 1.0
18 1.0
1 1.0
1 0.995619275189
6 0.997292974037
42 0.998126862495
5 0.997219062065
1 0.995619275189
14 0.998672940041
1 0.995619275189
