1 1 49 3528 0
5 22 514 36984 0
2 15 278 20000 1
4 22 526 37848 0
1 1 33 2376 0
1 14 139 10000 1
1 12 139 10000 1
3 42 417 30000 1
5 9 311 22384 0
3 20 417 30000 1
5 11 465 33464 0
5 7 229 16480 0
4 5 234 16840 0
5 30 695 50000 1
3 17 417 30000 1
1 18 139 10000 1
2 15 278 20000 1
3 13 300 21592 0
4 4 78 5616 0
4 15 481 34608 0
4 2 84 6048 0
1 11 139 10000 1
3 38 417 30000 1
2 8 193 13888 0
4 10 421 30296 0
5 19 664 47776 0
3 3 117 8424 0
3 25 417 30000 1
3 16 389 27992 0
3 21 417 30000 1
1 9 139 10000 1
4 21 430 30944 0
5 32 695 50000 1
5 10 304 21880 0
4 5 215 15472 0
1 7 139 10000 1
4 23 556 40000 1
2 9 278 20000 1
2 15 278 20000 1
5 22 575 41376 0
3 33 417 30000 1
4 18 514 36984 0
2 4 106 7632 0
3 6 251 18064 0
1 16 139 10000 1
4 10 300 21592 0
1 17 139 10000 1
1 2 25 1800 0
1 20 139 10000 1
4 21 476 34248 0
2 10 269 19360 0
5 6 248 17848 0
4 10 382 27488 0
3 34 417 30000 1
2 34 278 20000 1
3 10 234 16840 0
3 13 357 25688 0
1 1 34 2448 0
5 40 695 50000 1
2 2 96 6912 0
3 11 417 30000 1
2 22 278 20000 1
3 27 417 30000 1
1 6 139 10000 1
1 20 139 10000 1
1 1 44 3168 0
1 26 139 10000 1
5 11 287 20656 0
2 10 278 20000 1
4 24 556 40000 1
3 21 417 30000 1
1 5 139 10000 1
1 18 139 10000 1
2 2 72 5184 0
3 5 178 12816 0
5 9 347 24968 0
1 1 25 1800 0
4 7 204 14680 0
2 2 74 5328 0
4 67 556 40000 1
5 23 695 50000 1
1 12 139 10000 1
3 7 279 20080 0
4 3 131 9432 0
3 16 383 27560 0
5 34 695 50000 1
5 13 452 32528 0
2 18 278 20000 1
2 1 25 1800 0
5 2 111 7992 0
5 26 695 50000 1
2 4 151 10864 0
1 1 49 3528 0
1 13 139 10000 1
3 22 417 30000 1
1 5 139 10000 1
3 7 252 18136 0
5 17 695 50000 1
5 10 204 14688 0
2 25 278 20000 1
4 12 488 35112 0
5 39 695 50000 1
1 9 139 10000 1
5 20 695 50000 1
5 16 640 46048 0
5 21 695 50000 1
5 2 78 5616 0
1 13 139 10000 1
5 27 695 50000 1
4 10 317 22816 0
3 20 417 30000 1
4 16 556 40000 1
3 14 417 30000 1
4 9 322 23168 0
3 3 101 7272 0
3 22 417 30000 1
1 6 139 10000 1
3 22 417 30000 1
5 6 251 18064 0
3 1 15 1080 0
5 15 555 39936 0
2 28 278 20000 1
4 3 84 6048 0
4 11 390 28064 0
3 7 314 22592 0
5 23 695 50000 1
4 6 153 11016 0
5 4 131 9432 0
1 7 139 10000 1
5 14 611 43960 0
1 17 139 10000 1
3 21 417 30000 1
5 12 458 32960 0
2 11 278 20000 1
4 6 264 19000 0
4 24 556 40000 1
5 29 695 50000 1
3 2 55 3960 0
5 29 695 50000 1
1 18 139 10000 1
2 25 278 20000 1
5 36 695 50000 1
1 4 139 10000 1
5 12 483 34760 0
4 14 530 38136 0
5 35 695 50000 1
3 24 417 30000 1
3 27 417 30000 1
2 18 278 20000 1
1 9 139 10000 1
3 2 62 4464 0
5 9 358 25760 0
3 2 59 4248 0
3 6 224 16120 0
1 16 139 10000 1
3 15 417 30000 1
4 16 410 29504 0
4 10 389 27992 0
5 12 572 41160 0
5 61 695 50000 1
5 23 695 50000 1
5 34 695 50000 1
4 14 556 40000 1
5 21 453 32600 0
3 35 417 30000 1
2 1 43 3096 0
1 24 139 10000 1
3 4 217 15616 0
2 16 278 20000 1
5 50 695 50000 1
3 42 417 30000 1
3 26 417 30000 1
1 16 139 10000 1
3 16 417 30000 1
1 12 139 10000 1
3 4 103 7416 0
3 18 417 30000 1
3 23 417 30000 1
2 34 278 20000 1
3 14 417 30000 1
4 44 556 40000 1
89 14 619 44552 0
1 1 29 2088 0
14 7 315 22672 0
74 16 1922 138320 0
7 30 973 70000 1
1 6 139 10000 1
137 10 500 35992 0
20 30 1415 101824 0
1 13 139 10000 1
1 3 93 6696 0
1 1 36 2592 0
34 35 3399 244592 0
1 15 139 10000 1
1 14 139 10000 1
7 7 278 20008 0
10 37 1390 100000 1
12 12 912 65632 0
22 17 620 44624 0
2 10 278 20000 1
11 15 625 44976 0
1 22 139 10000 1
1 13 139 10000 1
1 18 139 10000 1
1 5 139 10000 1
1 1 42 3024 0
1 7 139 10000 1
10 26 1130 81304 0
1 2 54 3888 0
1 4 139 10000 1
1 3 103 7416 0
2 6 196 14104 0
7 3 129 9288 0
4 1 27 1944 0
1 23 139 10000 1
1 7 139 10000 1
1 5 120 8640 0
87 104 12093 870000 1
10 16 776 55840 0
2 13 278 20000 1
1 1 52 3744 0
8 27 940 67640 0
1 1 33 2376 0
24 24 1481 106592 0
1 1 31 2232 0
1 11 139 10000 1
1 18 139 10000 1
2 6 181 13024 0
1 8 139 10000 1
1 24 139 10000 1
1 14 139 10000 1
2 15 278 20000 1
2 14 278 20000 1
2 10 278 20000 1
119 25 2258 162504 0
11 7 240 17280 0
62 53 4034 290288 0
5 15 372 26768 0
96 10 333 23968 0
140 156 19460 1400000 1
30 14 1004 72264 0
7 15 660 47496 0
1 21 139 10000 1
5 20 509 36624 0
3 21 417 30000 1
99 17 977 70304 0
53 23 1015 73056 0
1 1 52 3744 0
3 47 417 30000 1
1 18 139 10000 1
15 23 1403 100960 0
7 3 214 15408 0
4 51 556 40000 1
1 12 139 10000 1
17 34 2363 170000 1
8 8 407 29288 0
49 23 1173 84416 0
105 40 2200 158336 0
10 15 565 40664 0
1 4 139 10000 1
1 1 42 3024 0
