4 0.989743589744
2 0.980392156863
3 0.990196078431
5 0.980392156863
5 0.988095238095
5 0.991341991342
3 1.0
2 0.988505747126
1 0.980392156863
4 1.0
4 0.991967871486
4 0.989247311828
5 0.986111111111
1 0.980392156863
1 0.980392156863
4 0.980392156863
1 0.980392156863
2 1.0
5 1.0
1 1.0
4 0.980392156863
3 0.985507246377
3 0.980392156863
5 0.987767584098
2 0.980392156863
5 1.0
1 0.980392156863
5 1.0
2 0.980392156863
1 1.0
4 0.987654320988
4 0.985185185185
2 0.980392156863
3 0.990476190476
4 0.980392156863
5 0.984
2 1.0
3 0.990740740741
4 0.991561181435
2 0.980392156863
2 0.980392156863
5 1.0
3 0.980392156863
4 1.0
4 0.990338164251
4 0.980392156863
1 1.0
4 1.0
3 0.980392156863
2 0.980392156863
4 0.986666666667
5 0.989898989899
4 0.985964912281
3 0.990610328638
1 0.980392156863
5 1.0
4 0.987878787879
5 0.980392156863
3 1.0
5 0.983193277311
2 1.0
2 1.0
3 0.980392156863
1 0.980392156863
1 0.980392156863
3 1.0
3 0.980392156863
2 0.980392156863
4 0.980392156863
3 0.985347985348
1 0.980392156863
4 0.980392156863
4 1.0
1 0.980392156863
4 0.982905982906
3 0.991666666667
3 1.0
1 1.0
3 0.980392156863
5 0.991228070175
4 1.0
4 0.980392156863
3 0.980392156863
5 0.987179487179
5 0.986928104575
1 1.0
4 0.980392156863
2 0.980392156863
2 1.0
4 0.98431372549
2 0.980392156863
3 0.985663082437
3 0.989898989899
2 1.0
1 1.0
1 0.980392156863
4 0.990196078431
3 1.0
4 0.980392156863
4 1.0
5 0.980392156863
4 0.980392156863
1 0.980392156863
3 0.988505747126
3 0.980392156863
2 1.0
1 0.980392156863
3 1.0
2 0.980392156863
3 0.980392156863
1 0.980392156863
5 0.980392156863
1 1.0
4 0.989417989418
5 0.980392156863
1 1.0
5 0.989743589744
3 1.0
3 0.991341991342
2 0.980392156863
1 0.980392156863
1 0.980392156863
4 1.0
3 0.989743589744
1 0.980392156863
2 0.980392156863
4 0.980392156863
5 0.980392156863
2 0.980392156863
3 0.984496124031
3 1.0
1 1.0
2 0.980392156863
5 0.992337164751
3 0.980392156863
2 1.0
4 0.985507246377
4 0.989417989418
1 0.980392156863
1 0.980392156863
3 0.980392156863
3 0.980392156863
3 0.980392156863
5 0.987878787879
2 1.0
2 0.980392156863
5 1.0
5 0.980392156863
5 1.0
1 0.980392156863
1 0.980392156863
1 0.980392156863
5 0.980392156863
2 1.0
2 0.980392156863
3 0.980392156863
4 0.989071038251
2 1.0
3 0.985663082437
3 0.980392156863
2 0.987878787879
4 0.98431372549
4 0.983606557377
1 1.0
1 0.980392156863
2 0.980392156863
3 0.990338164251
1 0.980392156863
1 0.980392156863
3 0.988888888889
5 0.988095238095
5 1.0
2 0.980392156863
1 0.980392156863
1 1.0
2 1.0
1 0.980392156863
5 1.0
3 0.980392156863
4 0.980392156863
5 0.990196078431
3 1.0
3 0.980392156863
67 0.994845360825
1 0.980392156863
13 0.988505747126
1 0.980392156863
1 1.0
1 1.0
9 0.990867579909
1 0.980392156863
19 0.989247311828
3 1.0
1 0.980392156863
7 0.989417989418
21 0.991666666667
2 0.980392156863
5 0.984674329502
1 0.980392156863
18 0.99
4 1.0
1 1.0
1 1.0
1 1.0
1 0.980392156863
2 0.980392156863
1 1.0
1 0.980392156863
1 0.980392156863
1 0.980392156863
1 0.980392156863
38 1.0
1 0.980392156863
1 0.980392156863
1 0.980392156863
57 0.992063492063
1 1.0
34 0.988555078684
1 0.980392156863
1 0.980392156863
137 0.992831541219
42 1.0
62 0.995433789954
2 0.980392156863
11 0.985185185185
1 1.0
1 0.980392156863
8 0.98773006135
1 1.0
159 0.993231810491
16 0.988009592326
54 0.989071038251
16 1.0
1 1.0
1 0.980392156863
9 1.0
10 0.986486486486
47 1.0
1 0.980392156863
1 0.980392156863
1 1.0
1 0.980392156863
4 0.987179487179
41 0.989664082687
1 0.980392156863
2 0.989583333333
2 1.0
40 0.990543735225
31 0.991150442478
1 0.980392156863
1 1.0
1 1.0
1 0.980392156863
3 0.980392156863
1 1.0
60 0.993939393939
97 1.0
4 0.981981981982
5 0.990476190476
1 0.980392156863
1 1.0
