4 0.974658869396
5 0.974658869396
5 0.974658869396
2 0.982167352538
2 0.974658869396
2 0.974658869396
5 0.974658869396
5 0.974658869396
3 0.988256549232
4 0.974658869396
4 0.974658869396
5 1.0
2 0.974658869396
5 0.974658869396
4 0.974658869396
4 0.974658869396
5 0.974658869396
4 0.974658869396
1 0.974658869396
1 1.0
1 1.0
3 0.974658869396
2 0.974658869396
4 1.0
2 0.974658869396
2 0.974658869396
3 1.0
3 0.974658869396
3 1.0
1 1.0
2 1.0
5 0.974658869396
3 1.0
5 0.974658869396
3 0.989300411523
2 0.974658869396
5 0.974658869396
2 1.0
5 0.974658869396
2 0.974658869396
5 0.974658869396
2 1.0
3 0.974658869396
1 0.974658869396
1 0.974658869396
5 0.983950617284
4 0.974658869396
2 0.974658869396
5 0.974658869396
4 0.974658869396
3 0.974658869396
5 0.974658869396
3 1.0
4 0.974658869396
4 0.974658869396
2 1.0
5 0.976513098464
2 0.983397190294
1 1.0
5 0.983950617284
5 0.974658869396
3 0.974658869396
5 0.974658869396
5 0.974658869396
2 0.974658869396
2 0.974658869396
3 0.974658869396
4 0.974658869396
3 1.0
4 0.974658869396
3 0.974658869396
4 0.974658869396
3 0.974658869396
3 0.974658869396
2 0.974658869396
4 0.974658869396
5 0.974658869396
5 1.0
5 0.974658869396
4 0.974658869396
4 0.981481481481
4 1.0
2 0.974658869396
2 0.974658869396
3 0.974658869396
5 1.0
3 0.974658869396
2 0.974658869396
1 0.974658869396
1 1.0
2 0.974658869396
4 1.0
4 0.974658869396
3 0.982804232804
1 0.974658869396
4 1.0
3 0.974658869396
1 0.974658869396
1 0.974658869396
2 0.974658869396
3 1.0
3 0.974658869396
3 0.982804232804
3 1.0
4 0.974658869396
5 0.974658869396
1 0.974658869396
4 1.0
3 1.0
5 1.0
2 0.978114478114
3 0.982491582492
5 0.974658869396
4 0.974658869396
5 1.0
1 0.974658869396
4 1.0
2 0.974658869396
2 0.974658869396
2 0.974658869396
5 0.988802756245
5 0.983678593848
2 0.974658869396
4 0.974658869396
4 0.974658869396
2 0.974658869396
3 0.974658869396
3 0.974658869396
5 0.991402116402
3 0.974658869396
5 1.0
4 0.974658869396
5 0.977862920392
5 0.974658869396
2 1.0
4 0.974658869396
3 0.974658869396
5 0.974658869396
4 0.986625514403
4 0.974658869396
3 0.974658869396
4 1.0
4 1.0
3 0.974658869396
5 0.974658869396
5 0.988256549232
4 0.974658869396
2 0.974658869396
3 0.974658869396
4 0.974658869396
1 0.974658869396
5 0.994528619529
2 0.974658869396
3 0.974658869396
4 1.0
4 0.974658869396
4 0.974658869396
2 0.974658869396
4 1.0
1 0.974658869396
2 0.974658869396
4 0.974658869396
1 0.974658869396
5 1.0
5 0.97734204793
1 1.0
2 0.974658869396
5 0.974658869396
2 0.974658869396
5 0.974658869396
4 1.0
5 0.974658869396
3 0.974658869396
4 0.977430555556
1 0.974658869396
5 1.0
4 0.974658869396
1 0.974658869396
4 0.974658869396
3 0.974658869396
5 0.984714873604
15 0.974658869396
1 0.974658869396
1 0.974658869396
1 0.974658869396
1 1.0
71 0.989608313349
11 0.974658869396
1 0.974658869396
7 0.974658869396
9 0.974658869396
17 0.98510882016
1 0.974658869396
1 0.974658869396
51 0.992971073263
3 1.0
1 0.974658869396
1 1.0
9 0.974658869396
2 0.974658869396
1 0.974658869396
3 1.0
4 1.0
15 1.0
1 0.974658869396
5 0.974658869396
1 0.974658869396
81 0.990596064815
145 0.984523809524
74 0.986437141367
3 0.974658869396
1 1.0
28 0.987732955886
9 0.991975308642
107 1.0
6 1.0
12 0.993827160494
1 1.0
1 1.0
96 0.974658869396
1 0.974658869396
17 0.974658869396
43 1.0
1 0.974658869396
39 0.990434142752
1 0.974658869396
49 1.0
44 0.974658869396
153 0.985472541507
1 1.0
6 0.978758169935
15 0.987887258328
4 1.0
1 0.974658869396
10 0.974658869396
21 0.988888888889
1 0.974658869396
150 0.988082141547
47 0.990173847317
16 0.990872388977
1 0.974658869396
1 1.0
1 0.974658869396
6 1.0
14 0.974658869396
1 0.974658869396
37 0.991478203868
2 0.974658869396
98 0.991083676269
98 0.984859072909
1 0.974658869396
74 1.0
1 1.0
99 0.989969135802
32 0.985020576132
1 1.0
1 0.974658869396
1 0.974658869396
1 1.0
17 0.986717752235
11 0.995582738702
