2 3 24 17280 0
5 7 70 50000 1
3 8 42 30000 1
5 8 70 50000 1
1 1 7 5040 0
3 10 42 30000 1
1 1 14 10000 1
4 26 56 40000 1
5 3 24 17280 0
5 21 70 50000 1
5 3 36 25920 0
4 21 56 40000 1
2 7 28 20000 1
4 26 56 40000 1
2 1 8 5760 0
2 4 28 20000 1
3 10 42 30000 1
1 5 14 10000 1
2 3 28 20000 1
1 1 7 5040 0
4 7 56 40000 1
5 11 70 50000 1
2 5 28 20000 1
4 2 14 10080 0
1 4 14 10000 1
4 14 56 40000 1
5 2 32 23040 0
4 5 40 28800 0
2 1 9 6480 0
2 3 21 15120 0
4 25 56 40000 1
5 18 70 50000 1
1 4 14 10000 1
2 9 28 20000 1
3 22 42 30000 1
5 17 70 50000 1
5 29 70 50000 1
5 27 70 50000 1
2 12 28 20000 1
1 1 11 7920 0
1 1 8 5760 0
2 13 28 20000 1
3 15 42 30000 1
5 15 70 50000 1
2 13 28 20000 1
2 8 28 20000 1
3 1 7 5040 0
5 24 70 50000 1
2 1 8 5760 0
4 17 56 40000 1
5 6 60 43200 0
2 17 28 20000 1
5 16 70 50000 1
5 13 70 50000 1
5 6 70 50000 1
2 10 28 20000 1
5 14 70 50000 1
3 6 42 30000 1
2 4 28 20000 1
2 11 28 20000 1
1 8 14 10000 1
5 13 70 50000 1
3 12 42 30000 1
1 1 7 5040 0
3 10 42 30000 1
5 7 70 50000 1
3 14 42 30000 1
2 5 28 20000 1
3 23 42 30000 1
4 3 24 17280 0
4 4 40 28800 0
3 12 42 30000 1
2 8 28 20000 1
5 15 70 50000 1
4 11 56 40000 1
4 14 56 40000 1
5 1 7 5040 0
5 15 70 50000 1
4 3 24 17280 0
3 8 42 30000 1
3 4 32 23040 0
1 4 14 10000 1
5 5 45 32400 0
2 1 9 6480 0
5 1 16 11520 0
3 10 42 30000 1
3 21 42 30000 1
3 12 42 30000 1
4 14 56 40000 1
2 8 28 20000 1
4 30 56 40000 1
4 7 56 40000 1
5 30 70 50000 1
4 15 56 40000 1
2 1 18 12960 0
3 7 42 30000 1
3 22 42 30000 1
1 2 14 10000 1
5 1 12 8640 0
4 4 51 36720 0
2 9 28 20000 1
3 2 15 10800 0
5 15 70 50000 1
5 1 10 7200 0
2 4 28 20000 1
5 3 24 17280 0
5 1 13 9360 0
3 5 42 30000 1
5 1 10 7200 0
4 14 56 40000 1
1 6 14 10000 1
3 1 11 7920 0
5 18 70 50000 1
2 2 17 12240 0
1 1 10 7200 0
1 5 14 10000 1
1 2 14 10000 1
3 4 42 30000 1
2 2 18 12960 0
4 3 31 22240 0
2 2 14 10080 0
1 9 14 10000 1
5 8 45 32320 0
2 11 28 20000 1
5 3 21 15120 0
1 1 9 6480 0
1 7 14 10000 1
3 5 42 30000 1
5 2 32 23040 0
4 8 56 40000 1
2 7 28 20000 1
2 2 14 10080 0
3 1 7 5040 0
3 13 42 30000 1
3 7 42 30000 1
5 26 70 50000 1
2 2 21 15040 0
3 12 42 30000 1
3 16 42 30000 1
2 6 28 20000 1
3 9 42 30000 1
3 1 7 5040 0
4 1 9 6480 0
1 1 7 5040 0
4 2 14 10080 0
2 7 28 20000 1
5 6 70 50000 1
4 1 7 5040 0
3 10 42 30000 1
5 4 70 50000 1
2 6 28 20000 1
2 3 28 20000 1
3 1 7 5040 0
5 5 63 45200 0
1 3 14 10000 1
4 11 56 40000 1
5 25 70 50000 1
1 3 14 10000 1
4 11 56 40000 1
1 2 14 10000 1
4 2 16 11520 0
3 8 42 30000 1
1 1 10 7200 0
5 17 70 50000 1
3 3 27 19440 0
4 4 56 40000 1
5 6 48 34560 0
4 13 56 40000 1
4 7 56 40000 1
4 11 56 40000 1
2 14 28 20000 1
3 3 30 21600 0
2 2 16 11520 0
2 2 14 10080 0
2 3 28 20000 1
1 5 14 10000 1
2 2 20 14400 0
1 2 14 10000 1
4 22 56 40000 1
1 1 7 5040 0
3 1 7 5040 0
25 1 13 9360 0
1 1 14 10000 1
7 22 98 70000 1
1 1 14 10000 1
111 34 324 232800 0
15 9 63 45360 0
1 1 12 8640 0
1 6 14 10000 1
105 13 238 171200 0
1 6 14 10000 1
6 7 84 60000 1
1 6 14 10000 1
1 3 14 10000 1
1 1 7 5040 0
4 18 56 40000 1
111 12 88 63200 0
1 4 14 10000 1
20 16 159 114400 0
5 18 70 50000 1
3 18 42 30000 1
3 9 42 30000 1
49 11 108 77760 0
1 1 14 10000 1
1 2 14 10000 1
1 1 13 9360 0
1 4 14 10000 1
54 15 112 80560 0
2 16 28 20000 1
1 8 14 10000 1
1 4 14 10000 1
6 1 7 5040 0
140 10 77 55360 0
89 11 185 133040 0
1 5 14 10000 1
1 1 7 5040 0
5 1 8 5760 0
21 18 294 210000 1
2 15 28 20000 1
1 4 14 10000 1
1 4 14 10000 1
3 9 42 30000 1
91 25 331 237440 0
1 2 14 10000 1
1 2 14 10000 1
7 7 49 35280 0
162 32 462 331760 0
6 1 19 13680 0
3 9 42 30000 1
11 10 154 110000 1
1 6 14 10000 1
4 4 52 37440 0
45 13 103 74080 0
2 5 28 20000 1
2 18 28 20000 1
1 7 14 10000 1
1 2 14 10000 1
2 2 16 11520 0
1 3 14 10000 1
2 4 28 20000 1
1 1 10 7200 0
31 25 292 210000 0
2 10 28 20000 1
3 12 42 30000 1
42 23 270 193520 0
3 6 42 30000 1
1 1 10 7200 0
3 3 24 17280 0
1 2 14 10000 1
35 15 104 74720 0
1 5 14 10000 1
125 25 286 205120 0
2 11 28 20000 1
1 6 14 10000 1
11 12 154 110000 1
1 3 14 10000 1
36 27 347 248400 0
6 1 15 10800 0
1 8 14 10000 1
85 11 122 87760 0
6 15 84 60000 1
