2 1.0
5 0.992063492063
3 0.992063492063
5 0.992063492063
1 1.0
3 0.992063492063
1 0.992063492063
4 0.992063492063
5 1.0
5 0.992063492063
5 1.0
4 0.992063492063
2 0.992063492063
4 0.992063492063
2 1.0
2 0.992063492063
3 0.992063492063
1 0.992063492063
2 0.992063492063
1 1.0
4 0.992063492063
5 0.992063492063
2 0.992063492063
4 1.0
1 0.992063492063
4 0.992063492063
5 1.0
4 1.0
2 1.0
2 1.0
4 0.992063492063
5 0.992063492063
1 0.992063492063
2 0.992063492063
3 0.992063492063
5 0.992063492063
5 0.992063492063
5 0.992063492063
2 0.992063492063
1 1.0
1 1.0
2 0.992063492063
3 0.992063492063
5 0.992063492063
2 0.992063492063
2 0.992063492063
3 1.0
5 0.992063492063
2 1.0
4 0.992063492063
5 1.0
2 0.992063492063
5 0.992063492063
5 0.992063492063
5 0.992063492063
2 0.992063492063
5 0.992063492063
3 0.992063492063
2 0.992063492063
2 0.992063492063
1 0.992063492063
5 0.992063492063
3 0.992063492063
1 1.0
3 0.992063492063
5 0.992063492063
3 0.992063492063
2 0.992063492063
3 0.992063492063
4 1.0
4 1.0
3 0.992063492063
2 0.992063492063
5 0.992063492063
4 0.992063492063
4 0.992063492063
5 1.0
5 0.992063492063
4 1.0
3 0.992063492063
3 1.0
1 0.992063492063
5 1.0
2 1.0
5 1.0
3 0.992063492063
3 0.992063492063
3 0.992063492063
4 0.992063492063
2 0.992063492063
4 0.992063492063
4 0.992063492063
5 0.992063492063
4 0.992063492063
2 1.0
3 0.992063492063
3 0.992063492063
1 0.992063492063
5 1.0
4 1.0
2 0.992063492063
3 1.0
5 0.992063492063
5 1.0
2 0.992063492063
5 1.0
5 1.0
3 0.992063492063
5 1.0
4 0.992063492063
1 0.992063492063
3 1.0
5 0.992063492063
2 1.0
1 1.0
1 0.992063492063
1 0.992063492063
3 0.992063492063
2 1.0
4 0.996415770609
2 1.0
1 0.992063492063
5 0.997530864198
2 0.992063492063
5 1.0
1 1.0
1 0.992063492063
3 0.992063492063
5 1.0
4 0.992063492063
2 0.992063492063
2 1.0
3 1.0
3 0.992063492063
3 0.992063492063
5 0.992063492063
2 0.994708994709
3 0.992063492063
3 0.992063492063
2 0.992063492063
3 0.992063492063
3 1.0
4 1.0
1 1.0
4 1.0
2 0.992063492063
5 0.992063492063
4 1.0
3 0.992063492063
5 0.992063492063
2 0.992063492063
2 0.992063492063
3 1.0
5 0.996472663139
1 0.992063492063
4 0.992063492063
5 0.992063492063
1 0.992063492063
4 0.992063492063
1 0.992063492063
4 1.0
3 0.992063492063
1 1.0
5 0.992063492063
3 1.0
4 0.992063492063
5 1.0
4 0.992063492063
4 0.992063492063
4 0.992063492063
2 0.992063492063
3 1.0
2 1.0
2 1.0
2 0.992063492063
1 0.992063492063
2 1.0
1 0.992063492063
4 0.992063492063
1 1.0
3 1.0
25 1.0
1 0.992063492063
7 0.992063492063
1 0.992063492063
111 0.997942386831
15 1.0
1 1.0
1 0.992063492063
105 0.999066293184
1 0.992063492063
6 0.992063492063
1 0.992063492063
1 0.992063492063
1 1.0
4 0.992063492063
111 0.997474747475
1 0.992063492063
20 0.99930118798
5 0.992063492063
3 0.992063492063
3 0.992063492063
49 1.0
1 0.992063492063
1 0.992063492063
1 1.0
1 0.992063492063
54 0.999007936508
2 0.992063492063
1 0.992063492063
1 0.992063492063
6 1.0
140 0.998556998557
89 0.998798798799
1 0.992063492063
1 1.0
5 1.0
21 0.992063492063
2 0.992063492063
1 0.992063492063
1 0.992063492063
3 0.992063492063
91 0.996307485733
1 0.992063492063
1 0.992063492063
7 1.0
162 0.997354497354
6 1.0
3 0.992063492063
11 0.992063492063
1 0.992063492063
4 1.0
45 0.998921251348
2 0.992063492063
2 0.992063492063
1 0.992063492063
1 0.992063492063
2 1.0
1 0.992063492063
2 0.992063492063
1 1.0
31 0.998858447489
2 0.992063492063
3 0.992063492063
42 0.995473251029
3 0.992063492063
1 1.0
3 1.0
1 0.992063492063
35 0.997863247863
1 0.992063492063
125 0.996114996115
2 0.992063492063
1 0.992063492063
11 0.992063492063
1 0.992063492063
36 0.994236311239
6 1.0
1 0.992063492063
85 0.999089253188
6 0.992063492063
