5 1.5006002401
3 1.37867647059
5 1.59846547315
2 1.22549019608
2 1.375
4 1.72316176471
1 1.01176470588
3 1.29757785467
1 1.01176470588
2 1.53921568627
2 1.22549019608
3 1.33689839572
3 1.37867647059
1 0.980392156863
3 1.69227941176
1 0.980392156863
4 1.50829562594
4 1.50829562594
2 1.13122171946
4 1.65871040724
2 1.35495356037
3 1.74463235294
5 1.8344012605
4 1.51838235294
1 0.980392156863
3 1.33689839572
5 1.66083591331
4 1.75631487889
4 1.73897058824
2 1.22549019608
3 1.37867647059
1 1.01176470588
5 1.6339869281
1 1.01176470588
5 1.81806722689
2 1.33689839572
4 1.5479876161
1 1.01176470588
2 1.50617647059
4 1.61011586453
4 1.76185661765
2 1.22549019608
4 1.56921568627
5 1.63742260062
1 0.980392156863
2 1.46985294118
2 1.22549019608
5 1.59846547315
5 1.56445556946
5 1.56445556946
1 0.980392156863
1 1.01176470588
4 1.5479876161
4 1.77994652406
2 1.33689839572
1 0.980392156863
1 0.980392156863
3 1.47058823529
3 1.33689839572
4 1.50196078431
1 0.980392156863
1 0.980392156863
3 1.33689839572
2 1.25006684492
4 1.53630831643
5 1.76764705882
1 0.980392156863
5 1.65735294118
4 1.63272058824
5 1.56445556946
4 1.87389705882
4 1.50829562594
3 1.42314990512
2 1.39074394464
3 1.29757785467
4 1.47058823529
2 1.22549019608
3 1.68071895425
3 1.37867647059
4 1.61871657754
3 1.69003267974
5 1.73411764706
1 0.980392156863
3 1.70903361345
1 0.980392156863
2 1.27877237852
5 1.72275735294
3 1.47058823529
5 1.74970588235
2 1.27877237852
1 1.01176470588
1 0.980392156863
3 1.47058823529
3 1.37867647059
1 0.980392156863
5 1.47058823529
1 0.980392156863
2 1.27877237852
2 1.22549019608
1 0.980392156863
4 1.43472022956
3 1.73319327731
2 1.33689839572
5 1.76764705882
1 0.980392156863
5 1.5318627451
2 1.27877237852
2 1.37507739938
3 1.53262527233
1 0.980392156863
1 1.01176470588
1 0.980392156863
4 1.80556722689
4 1.53851102941
2 1.22549019608
4 1.57461873638
4 1.47058823529
2 1.22549019608
1 0.980392156863
2 1.44571078431
5 1.6339869281
2 1.27877237852
2 1.3202540107
4 1.61693277311
4 1.52579491256
1 0.980392156863
4 1.6787745098
5 1.78529411765
1 1.01176470588
5 1.86568627451
4 1.43472022956
2 1.33689839572
1 0.980392156863
5 1.78578431373
2 1.27877237852
4 1.77153979239
5 1.82185828877
5 1.75178571429
4 1.5479876161
5 1.66237745098
2 1.27877237852
3 1.37867647059
1 1.01176470588
2 1.33689839572
1 0.980392156863
1 0.980392156863
3 1.80245098039
4 1.47058823529
4 1.55523897059
4 1.47058823529
5 1.77615546218
5 1.69856617647
4 1.50829562594
1 1.01176470588
3 1.37867647059
3 1.33689839572
4 1.57581699346
4 1.75490196078
1 0.980392156863
2 1.27877237852
3 1.64056372549
5 1.56445556946
3 1.48245798319
4 1.5479876161
3 1.37867647059
3 1.33689839572
1 0.980392156863
1 0.980392156863
4 1.5479876161
4 1.62493315508
2 1.27877237852
2 1.17647058824
1 0.980392156863
4 1.50829562594
2 1.27877237852
1 0.980392156863
5 1.56445556946
3 1.65147058824
1 1.01176470588
5 1.75893246187
2 1.17647058824
1 1.01176470588
3 1.37867647059
4 1.50829562594
1 1.01176470588
2 1.43134191176
1 0.980392156863
2 1.22549019608
15 2.0255048288
2 1.47830882353
1 1.01176470588
1 1.01176470588
2 1.46932773109
1 0.980392156863
4 1.6356302521
1 0.980392156863
80 1.98758292791
127 2.07487995198
6 1.5479876161
8 1.81222689076
163 1.80094577275
91 2.05585434174
8 1.98619909502
1 0.980392156863
35 1.88331932773
1 0.980392156863
1 1.01176470588
1 1.01176470588
18 2.04934847357
1 0.980392156863
11 1.81306561086
4 1.50829562594
26 1.98789015606
1 1.01176470588
2 1.30490196078
1 0.980392156863
11 1.68504901961
1 0.980392156863
1 0.980392156863
1 0.980392156863
6 1.60427807487
1 0.980392156863
8 1.56862745098
1 1.01176470588
1 0.980392156863
85 1.86730192077
1 1.01176470588
1 0.980392156863
14 1.77484787018
2 1.22549019608
1 1.01176470588
1 1.01176470588
24 2.16386029412
13 1.7539125742
1 1.01176470588
84 2.07794117647
4 1.47058823529
1 0.980392156863
82 1.80649087221
15 1.96538461538
22 2.01506271626
2 1.22549019608
5 1.6339869281
1 1.01176470588
1 1.01176470588
1 0.980392156863
14 1.87165775401
1 1.01176470588
25 2.0330369357
1 0.980392156863
23 1.79937421777
2 1.27877237852
14 1.73010380623
66 1.77763413058
65 1.79340028694
31 2.02073101085
134 1.8643218877
1 1.01176470588
2 1.22549019608
79 1.94100840336
1 0.980392156863
