1 10 14 10000 1
1 4 8 6136 0
4 22 33 40000 1
2 27 20 20000 1
5 4 20 32791 0
3 17 25 30000 1
5 3 16 24362 0
3 21 26 30000 1
5 15 39 50000 1
4 24 31 40000 1
4 19 33 40000 1
3 2 10 14802 0
4 21 32 40000 1
1 5 13 9971 0
3 19 26 30000 1
5 25 41 50000 1
5 1 7 11637 0
5 1 6 8833 0
5 1 4 6606 0
5 4 14 22790 0
1 11 14 10000 1
5 1 5 8435 0
3 22 27 30000 1
3 13 25 30000 1
3 20 26 30000 1
2 31 21 20000 1
2 1 3 3590 0
3 8 26 30000 1
3 18 27 30000 1
1 1 6 4602 0
5 12 38 50000 1
3 7 26 30000 1
4 15 33 40000 1
3 6 17 24424 0
3 13 24 30000 1
4 1 8 12261 0
1 2 9 6903 0
3 16 26 30000 1
4 8 30 39167 0
2 4 14 16592 0
5 55 43 50000 1
3 2 12 16563 0
3 11 27 30000 1
1 4 14 10000 1
3 7 25 30000 1
4 2 14 22206 0
2 29 20 20000 1
4 2 6 8345 0
5 13 39 50000 1
1 2 7 5369 0
3 19 25 30000 1
2 1 3 3542 0
2 3 12 14161 0
2 19 21 20000 1
5 1 4 6486 0
3 15 26 30000 1
1 16 14 10000 1
4 41 30 40000 1
2 7 19 20000 1
5 24 38 50000 1
4 13 31 40000 1
1 6 14 10000 1
2 18 20 20000 1
1 2 7 5369 0
3 4 23 30000 1
3 20 25 30000 1
1 2 8 6136 0
5 25 36 50000 1
4 31 31 40000 1
3 13 26 30000 1
3 6 19 25850 0
1 1 5 3835 0
3 9 17 22634 0
3 7 24 30000 1
1 8 14 10000 1
5 6 26 39990 0
3 29 27 30000 1
3 2 8 11837 0
3 19 28 30000 1
4 11 31 40000 1
4 4 14 20526 0
5 20 42 50000 1
2 4 13 15596 0
2 1 3 3667 0
3 4 15 21523 0
4 12 31 40000 1
1 6 14 10000 1
2 11 19 20000 1
5 1 5 8097 0
4 2 8 12183 0
1 7 14 10000 1
5 1 8 12772 0
3 10 26 30000 1
2 1 5 5867 0
3 15 28 30000 1
5 19 38 50000 1
5 9 35 48393 0
3 11 25 30000 1
4 1 3 4577 0
3 12 24 30000 1
3 32 27 30000 1
3 1 5 6924 0
5 16 42 50000 1
1 18 14 10000 1
1 18 14 10000 1
1 4 14 10000 1
1 13 14 10000 1
1 2 9 6903 0
2 9 20 20000 1
2 1 6 7036 0
1 4 10 7670 0
5 2 11 16342 0
3 7 23 30000 1
4 31 35 40000 1
3 20 26 30000 1
2 10 20 20000 1
1 2 5 3835 0
2 16 20 20000 1
4 15 31 40000 1
3 8 24 30000 1
4 11 30 40000 1
5 17 38 50000 1
5 26 38 50000 1
1 1 4 3068 0
1 1 3 2301 0
4 1 5 8542 0
5 6 38 50000 1
4 6 31 40000 1
2 4 12 14176 0
4 48 37 40000 1
3 4 22 29640 0
1 9 14 10000 1
5 17 38 50000 1
2 6 20 20000 1
3 18 26 30000 1
4 21 30 40000 1
5 8 30 43770 0
5 20 38 50000 1
1 9 14 10000 1
1 1 4 3068 0
3 12 25 30000 1
5 26 37 50000 1
1 5 14 10000 1
4 13 32 40000 1
1 1 4 3068 0
1 1 4 3068 0
3 1 3 4274 0
1 1 3 2301 0
3 21 26 30000 1
5 28 38 50000 1
4 2 9 14049 0
3 1 4 6050 0
3 7 25 30000 1
2 10 19 20000 1
2 11 20 20000 1
2 6 19 20000 1
4 18 33 40000 1
5 17 40 50000 1
1 4 8 6136 0
2 36 22 20000 1
2 14 19 20000 1
4 17 33 40000 1
3 15 25 30000 1
5 7 25 38665 0
3 6 25 30000 1
4 3 7 10917 0
5 8 24 35080 0
5 6 25 40970 0
5 26 37 50000 1
5 17 36 50000 1
1 11 14 10000 1
5 19 41 50000 1
5 7 14 21036 0
3 25 28 30000 1
2 9 19 20000 1
2 12 20 20000 1
1 1 2 1534 0
4 31 32 40000 1
1 3 13 9971 0
4 1 3 4667 0
2 1 5 5770 0
1 10 14 10000 1
4 15 32 40000 1
1 3 11 8437 0
1 1 5 3835 0
1 7 14 10000 1
2 15 20 20000 1
1 7 14 10000 1
1 12 14 10000 1
43 1 18 39138 0
3 5 24 30000 1
1 5 7 5369 0
1 6 14 10000 1
1 17 14 10000 1
101 12 102 181450 0
1 17 14 10000 1
1 5 14 10000 1
2 7 19 20000 1
10 15 66 100000 1
1 5 12 9204 0
1 1 2 1534 0
1 6 14 10000 1
5 9 40 50000 1
1 6 12 9204 0
1 9 14 10000 1
29 11 126 235740 0
20 2 28 47399 0
1 4 14 10000 1
1 2 6 4602 0
1 1 3 2301 0
1 5 14 10000 1
32 31 213 320000 1
36 19 223 360000 1
1 12 14 10000 1
88 2 10 20474 0
6 1 7 10217 0
1 3 11 8437 0
3 11 25 30000 1
1 18 14 10000 1
3 27 24 30000 1
1 13 14 10000 1
1 14 14 10000 1
1 9 14 10000 1
1 5 14 10000 1
1 8 14 10000 1
88 27 577 880000 1
13 19 95 130000 1
1 8 14 10000 1
16 21 103 160000 1
1 5 14 10000 1
1 16 14 10000 1
1 12 14 10000 1
1 10 14 10000 1
1 5 10 7670 0
1 15 14 10000 1
5 12 38 48854 0
1 1 2 1534 0
26 17 164 260000 1
1 10 14 10000 1
7 24 56 70000 1
3 8 25 30000 1
46 4 29 55888 0
1 4 14 10000 1
35 9 65 117944 0
1 9 14 10000 1
2 16 20 20000 1
1 13 14 10000 1
2 18 20 20000 1
8 17 56 80000 1
1 3 9 6903 0
1 10 14 10000 1
71 17 365 710000 1
23 3 34 74174 0
13 9 36 58512 0
23 2 17 33850 0
1 12 14 10000 1
1 12 14 10000 1
1 2 9 6903 0
1 5 14 10000 1
1 1 5 3835 0
23 33 148 230000 1
