1 0.93984962406
1 1.00921052632
4 1.59489633174
2 1.31578947368
5 2.15730263158
3 1.57894736842
5 2.00345394737
3 1.51821862348
5 1.68690958165
4 1.69779286927
4 1.59489633174
3 1.94763157895
4 1.64473684211
1 1.00921052632
3 1.51821862348
5 1.60462130937
5 2.18740601504
5 1.93706140351
5 2.17302631579
5 2.14191729323
1 0.93984962406
5 2.21973684211
3 1.46198830409
3 1.57894736842
3 1.51821862348
2 1.25313283208
2 1.57456140351
3 1.51821862348
3 1.46198830409
1 1.00921052632
5 1.73130193906
3 1.51821862348
4 1.59489633174
3 1.89040247678
3 1.64473684211
4 2.01661184211
1 1.00921052632
3 1.51821862348
4 1.71785087719
2 1.55939849624
5 1.5299877601
3 1.81611842105
3 1.46198830409
1 0.93984962406
3 1.57894736842
4 2.08703007519
2 1.31578947368
4 1.83004385965
5 1.68690958165
1 1.00921052632
3 1.57894736842
2 1.55350877193
2 1.55274122807
2 1.25313283208
5 2.13355263158
3 1.51821862348
1 0.93984962406
4 1.75438596491
2 1.38504155125
5 1.73130193906
4 1.69779286927
1 0.93984962406
2 1.31578947368
1 1.00921052632
3 1.71624713959
3 1.57894736842
1 1.00921052632
5 1.82748538012
4 1.69779286927
3 1.51821862348
3 1.79016620499
1 1.00921052632
3 1.75185758514
3 1.64473684211
1 0.93984962406
5 2.0237854251
3 1.46198830409
3 1.946875
3 1.40977443609
4 1.69779286927
4 1.92913533835
5 1.5664160401
2 1.57854251012
2 1.60833333333
3 1.88798245614
4 1.69779286927
1 0.93984962406
2 1.38504155125
5 2.13078947368
4 2.00378289474
1 0.93984962406
5 2.10065789474
3 1.51821862348
2 1.54394736842
3 1.40977443609
5 1.73130193906
5 1.81928571429
3 1.57894736842
4 2.00745614035
3 1.64473684211
3 1.46198830409
3 1.82210526316
5 1.5664160401
1 0.93984962406
1 0.93984962406
1 0.93984962406
1 0.93984962406
1 1.00921052632
2 1.31578947368
2 1.54298245614
1 1.00921052632
5 1.954784689
3 1.71624713959
4 1.5037593985
3 1.51821862348
2 1.31578947368
1 1.00921052632
2 1.31578947368
4 1.69779286927
3 1.64473684211
4 1.75438596491
5 1.73130193906
5 1.73130193906
1 1.00921052632
1 1.00921052632
4 2.24789473684
5 1.73130193906
4 1.69779286927
2 1.55438596491
4 1.42247510669
3 1.77272727273
1 0.93984962406
5 1.73130193906
2 1.31578947368
3 1.51821862348
4 1.75438596491
5 1.91973684211
5 1.73130193906
1 0.93984962406
1 1.00921052632
3 1.57894736842
5 1.77809388336
1 0.93984962406
4 1.64473684211
1 1.00921052632
1 1.00921052632
3 1.87456140351
1 1.00921052632
3 1.51821862348
5 1.73130193906
4 2.05394736842
3 1.99013157895
3 1.57894736842
2 1.38504155125
2 1.31578947368
2 1.38504155125
4 1.59489633174
5 1.64473684211
1 1.00921052632
2 1.1961722488
2 1.38504155125
4 1.59489633174
3 1.57894736842
5 2.035
3 1.57894736842
4 2.05206766917
5 1.92324561404
5 2.15631578947
5 1.77809388336
5 1.82748538012
1 0.93984962406
5 1.60462130937
5 1.97706766917
3 1.40977443609
2 1.38504155125
2 1.31578947368
1 1.00921052632
4 1.64473684211
1 1.00921052632
4 2.04692982456
2 1.51842105263
1 0.93984962406
4 1.64473684211
1 1.00921052632
1 1.00921052632
1 0.93984962406
2 1.31578947368
1 0.93984962406
1 0.93984962406
43 2.86096491228
3 1.64473684211
1 1.00921052632
1 0.93984962406
1 0.93984962406
101 2.34068627451
1 0.93984962406
1 0.93984962406
2 1.38504155125
10 1.99362041467
1 1.00921052632
1 1.00921052632
1 0.93984962406
5 1.64473684211
1 1.00921052632
1 0.93984962406
29 2.46177944862
20 2.22739661654
1 0.93984962406
1 1.00921052632
1 1.00921052632
1 0.93984962406
32 1.97677291821
36 2.12414444182
1 0.93984962406
88 2.69394736842
6 1.9204887218
1 1.00921052632
3 1.57894736842
1 0.93984962406
3 1.64473684211
1 0.93984962406
1 0.93984962406
1 0.93984962406
1 0.93984962406
1 0.93984962406
88 2.0067499772
13 1.80055401662
1 0.93984962406
16 2.04394481349
1 0.93984962406
1 0.93984962406
1 0.93984962406
1 0.93984962406
1 1.00921052632
1 0.93984962406
5 1.69162049861
1 1.00921052632
26 2.08600770218
1 0.93984962406
7 1.64473684211
3 1.57894736842
46 2.53575317604
1 0.93984962406
35 2.38753036437
1 0.93984962406
2 1.31578947368
1 0.93984962406
2 1.31578947368
8 1.87969924812
1 1.00921052632
1 0.93984962406
71 2.55948089402
23 2.87051083591
13 2.13859649123
23 2.61996904025
1 0.93984962406
1 0.93984962406
1 1.00921052632
1 0.93984962406
1 1.00921052632
23 2.04480796586
