3 1.32275132275
5 1.18708452042
4 2.17864923747
5 3.09481481481
3 1.32275132275
5 3.08407407407
2 1.71862139918
2 1.23456790123
2 1.23456790123
3 1.32275132275
5 2.87858796296
2 1.23456790123
3 1.06837606838
1 0.925925925926
4 2.31481481481
4 1.61030595813
5 1.44675925926
2 1.4245014245
2 1.32275132275
1 1.00462962963
2 1.23456790123
2 1.62259259259
2 1.64320987654
4 1.6835016835
2 1.5587037037
3 1.38888888889
4 1.37174211248
3 1.54320987654
1 1.00462962963
3 1.54320987654
4 1.76366843034
1 0.925925925926
5 2.10437710438
2 1.68958333333
4 2.88383838384
4 1.4245014245
3 1.32275132275
3 1.02880658436
5 1.36165577342
2 1.23456790123
4 2.71259259259
4 1.48148148148
2 1.08932461874
4 1.61030595813
5 2.43664717349
2 1.32275132275
2 1.32275132275
1 1.00462962963
2 1.65169753086
5 2.57201646091
4 2.31481481481
2 1.08932461874
4 2.85740740741
4 2.52658730159
4 1.76366843034
4 1.85185185185
1 0.925925925926
2 1.32275132275
3 1.2077294686
1 0.925925925926
1 1.00462962963
4 1.61030595813
2 1.15740740741
5 2.31481481481
3 1.2077294686
5 2.31481481481
5 1.92901234568
2 1.08932461874
3 1.02880658436
3 1.73611111111
3 2.33399470899
5 1.28600823045
1 1.00462962963
4 1.37174211248
1 0.925925925926
1 0.925925925926
3 1.54320987654
4 1.6835016835
2 1.32275132275
2 1.32275132275
5 1.49342891278
4 1.4245014245
5 1.78062678063
5 1.92901234568
5 1.59642401022
4 2.86242283951
5 3.09777777778
5 2.01288244767
3 1.54320987654
5 1.7146776406
1 1.00462962963
2 1.32275132275
2 1.08932461874
3 1.46198830409
4 1.4245014245
2 1.4245014245
1 1.00462962963
1 0.925925925926
1 0.925925925926
1 0.925925925926
5 2.20458553792
2 1.4245014245
3 2.38364197531
2 1.23456790123
4 1.85185185185
4 2.74367283951
3 1.54320987654
2 1.32275132275
4 1.6835016835
2 1.32275132275
5 2.20458553792
2 1.23456790123
5 1.32275132275
3 1.73611111111
4 1.54320987654
3 1.73611111111
1 0.925925925926
5 3.22515432099
4 1.94931773879
2 0.974658869396
2 1.53433641975
1 0.925925925926
2 1.32275132275
1 1.00462962963
4 1.54320987654
2 1.32275132275
4 1.19474313023
4 2.17864923747
2 1.08932461874
4 2.17864923747
2 1.60833333333
5 1.44675925926
4 1.15740740741
5 2.10437710438
2 1.15740740741
2 1.23456790123
2 1.32275132275
3 1.85185185185
4 2.83240740741
3 1.54320987654
3 2.37541152263
4 1.76366843034
3 2.20964506173
2 1.65496632997
3 1.54320987654
3 1.85185185185
2 1.15740740741
2 0.974658869396
2 1.55462962963
2 0.925925925926
4 2.58611111111
2 1.23456790123
3 2.26867283951
3 1.06837606838
3 1.98412698413
3 2.25740740741
3 2.3812037037
4 1.61030595813
1 1.00462962963
2 1.5349537037
4 2.86388888889
1 1.00462962963
3 2.43796296296
1 0.925925925926
4 1.6835016835
3 1.32275132275
5 3.09851851852
4 1.85185185185
5 2.10437710438
1 0.925925925926
3 1.2077294686
4 2.17864923747
2 1.32275132275
3 1.85185185185
2 1.23456790123
2 1.4245014245
5 3.31137566138
2 1.6975308642
1 0.925925925926
3 1.2077294686
3 2.13675213675
1 1.00462962963
1 0.925925925926
4 1.85185185185
1 0.925925925926
29 1.66781688521
1 0.925925925926
18 0.952380952381
121 3.25689061154
1 0.925925925926
1 1.00462962963
1 1.00462962963
1 0.925925925926
12 2.4154589372
1 0.925925925926
7 1.47306397306
1 0.925925925926
5 2.31481481481
30 4.26884773663
143 3.89885416667
2 1.02880658436
1 0.925925925926
1 0.925925925926
1 0.925925925926
1 1.00462962963
1 0.925925925926
1 0.925925925926
7 3.23513374486
5 1.44675925926
52 3.96170634921
1 0.925925925926
12 3.58318399044
1 0.925925925926
1 0.925925925926
1 0.925925925926
41 3.38955026455
1 0.925925925926
1 0.925925925926
1 0.925925925926
7 2.0908004779
2 1.64320987654
23 3.22671156004
89 2.31481481481
60 3.26797385621
1 0.925925925926
5 3.34063786008
4 1.19474313023
25 1.94522253346
1 0.925925925926
2 1.15740740741
12 1.98412698413
1 0.925925925926
5 2.72331154684
12 3.08641975309
106 2.07501370292
16 4.93328924162
39 2.73569023569
1 0.925925925926
6 2.4154589372
79 0.925925925926
1 0.925925925926
58 3.82479423868
4 1.76366843034
1 1.00462962963
1 0.925925925926
1 0.925925925926
9 1.89393939394
1 1.00462962963
1 0.925925925926
1 0.925925925926
26 3.82128159906
9 1.51515151515
34 0.925925925926
1 0.925925925926
6 1.91570881226
1 1.00462962963
1 0.925925925926
13 2.61674718196
1 0.925925925926
1 0.925925925926
