3 25 51 30000 1
5 35 85 50000 1
5 25 85 50000 1
4 12 59 34800 0
2 8 34 20000 1
5 1 8 4800 0
3 11 51 30000 1
4 18 68 40000 1
1 1 7 4200 0
3 16 51 30000 1
5 29 85 50000 1
1 6 17 10000 1
4 3 19 11400 0
2 9 34 20000 1
3 1 8 4800 0
2 21 34 20000 1
5 10 52 30800 0
2 21 34 20000 1
4 11 61 36600 0
1 6 17 10000 1
2 4 23 13800 0
1 12 17 10000 1
5 27 85 50000 1
4 10 56 33200 0
3 23 51 30000 1
1 8 17 10000 1
5 12 58 34400 0
4 23 68 40000 1
5 15 85 50000 1
2 17 34 20000 1
1 1 9 5400 0
2 12 34 20000 1
2 7 29 17200 0
3 3 21 12600 0
2 1 8 4800 0
4 11 59 34800 0
4 19 68 40000 1
5 22 85 50000 1
4 9 59 35000 0
5 21 85 50000 1
5 6 33 19800 0
3 7 51 30000 1
2 4 34 20000 1
5 15 85 50000 1
2 1 10 6000 0
3 21 51 30000 1
2 1 5 3000 0
3 1 7 4200 0
1 1 10 6000 0
5 21 85 50000 1
1 4 17 10000 1
5 10 62 37000 0
3 17 51 30000 1
3 10 51 30000 1
3 27 51 30000 1
3 9 51 30000 1
1 11 17 10000 1
1 14 17 10000 1
4 5 49 29000 0
1 3 8 4800 0
2 4 30 18000 0
4 38 68 40000 1
3 31 51 30000 1
4 5 19 11400 0
4 23 68 40000 1
4 14 58 34200 0
2 22 34 20000 1
4 14 68 40000 1
5 23 85 50000 1
3 2 10 6000 0
5 3 26 15600 0
5 27 85 50000 1
1 1 13 7800 0
3 5 32 19000 0
1 4 17 10000 1
3 8 51 30000 1
2 9 34 20000 1
3 4 34 20200 0
2 15 34 20000 1
2 8 34 20000 1
3 1 9 5400 0
5 10 68 40200 0
1 3 17 10000 1
3 16 51 30000 1
2 6 32 19200 0
5 37 85 50000 1
5 3 21 12600 0
3 20 51 30000 1
2 6 34 20000 1
4 4 29 17200 0
5 10 75 44200 0
1 2 17 10000 1
1 6 17 10000 1
4 14 68 40000 1
3 11 51 30000 1
4 8 42 25000 0
4 14 66 39200 0
3 4 33 19600 0
1 1 10 6000 0
4 16 68 40000 1
4 7 43 25600 0
2 3 26 15600 0
5 22 85 50000 1
5 13 80 47400 0
3 27 51 30000 1
3 6 38 22800 0
2 4 28 16600 0
3 2 10 6000 0
5 7 56 33400 0
4 19 68 40000 1
4 12 68 40000 1
1 12 17 10000 1
2 8 34 20000 1
1 1 7 4200 0
3 15 51 30000 1
2 5 31 18400 0
3 36 51 30000 1
3 3 15 9000 0
2 20 34 20000 1
5 44 85 50000 1
4 10 57 34200 0
1 3 17 10000 1
1 1 6 3600 0
4 4 25 15000 0
4 8 63 37400 0
4 23 68 40000 1
5 9 76 44800 0
4 16 68 40000 1
2 6 29 17400 0
1 2 17 10000 1
3 2 13 7800 0
5 35 85 50000 1
3 3 27 16000 0
4 1 6 3600 0
2 6 34 20000 1
4 9 66 39000 0
5 18 85 50000 1
5 5 34 20400 0
1 3 17 10000 1
3 16 51 30000 1
2 3 20 12000 0
1 3 17 10000 1
4 5 36 21600 0
3 30 51 30000 1
5 33 85 50000 1
1 10 17 10000 1
2 1 8 4800 0
5 2 14 8400 0
4 2 14 8400 0
2 3 12 7200 0
4 19 68 40000 1
5 22 85 50000 1
2 13 34 20000 1
1 1 9 5400 0
5 20 85 50000 1
2 3 16 9600 0
4 21 68 40000 1
4 37 68 40000 1
1 11 17 10000 1
3 7 40 24000 0
1 6 17 10000 1
5 20 85 50000 1
5 3 33 19600 0
2 10 34 20000 1
2 1 8 4800 0
3 11 43 25400 0
5 4 53 31400 0
4 3 21 12600 0
4 4 32 19200 0
3 19 51 30000 1
3 5 48 28400 0
5 1 6 3600 0
5 14 85 50000 1
5 23 85 50000 1
2 19 34 20000 1
5 21 85 50000 1
5 11 85 50000 1
4 9 68 40000 1
5 25 85 50000 1
1 4 17 10000 1
5 1 5 3000 0
13 68 221 130000 1
64 7 84 50400 0
60 14 94 56000 0
3 27 51 30000 1
100 25 253 150800 0
53 17 133 79600 0
2 27 34 20000 1
1 5 17 10000 1
21 36 279 165000 0
1 1 7 4200 0
1 1 10 6000 0
1 1 5 3000 0
2 19 34 20000 1
1 10 17 10000 1
1 12 17 10000 1
65 9 73 43600 0
3 36 51 30000 1
1 3 17 10000 1
11 9 79 47000 0
33 9 87 52000 0
1 5 17 10000 1
7 24 119 70000 1
1 1 10 6000 0
96 30 322 191400 0
65 30 409 242000 0
1 1 5 3000 0
1 4 17 10000 1
24 56 408 240000 1
1 4 17 10000 1
1 3 17 10000 1
1 10 17 10000 1
1 15 17 10000 1
75 19 90 53400 0
1 7 17 10000 1
1 5 17 10000 1
71 3 34 20400 0
1 9 17 10000 1
15 22 118 70200 0
1 1 8 4800 0
2 18 34 20000 1
6 18 86 50600 0
37 24 194 115800 0
28 28 476 280000 1
1 4 17 10000 1
66 30 315 187400 0
22 27 246 145600 0
3 7 37 22000 0
9 5 49 29400 0
1 10 17 10000 1
1 4 17 10000 1
124 24 180 107400 0
1 1 10 6000 0
64 29 317 188200 0
1 4 17 10000 1
37 14 141 84000 0
2 10 34 20000 1
49 5 35 21000 0
1 2 10 6000 0
1 3 17 10000 1
3 11 51 30000 1
1 8 17 10000 1
1 4 17 10000 1
1 8 17 10000 1
1 1 8 4800 0
1 4 17 10000 1
1 1 7 4200 0
35 2 15 9000 0
39 32 277 163800 0
6 21 102 60000 1
1 2 13 7800 0
1 15 17 10000 1
1 1 8 4800 0
2 3 27 16000 0
5 17 85 50000 1
4 26 68 40000 1
1 2 12 7200 0
1 2 13 7800 0
1 1 8 4800 0
1 7 17 10000 1
