5 32 60 50000 1
4 15 48 40000 1
4 9 48 40000 1
1 4 12 10000 1
5 11 60 50000 1
3 6 36 30000 1
1 8 12 10000 1
3 7 36 30000 1
4 22 48 40000 1
3 1 7 6300 0
4 22 48 40000 1
3 8 36 30000 1
3 8 36 30000 1
3 1 7 6300 0
5 16 60 50000 1
3 8 36 30000 1
5 13 60 50000 1
2 13 24 20000 1
4 22 48 40000 1
5 16 60 50000 1
4 2 29 26100 0
4 4 27 24300 0
2 1 18 15400 0
2 1 16 14400 0
1 9 12 10000 1
1 6 12 10000 1
5 10 60 50000 1
2 11 24 20000 1
4 24 48 40000 1
5 28 60 50000 1
5 1 13 11700 0
3 16 36 30000 1
4 10 48 40000 1
5 7 52 46800 0
3 6 36 30000 1
4 22 48 40000 1
5 9 60 50000 1
2 6 24 20000 1
2 9 24 20000 1
1 1 7 6300 0
4 8 48 40000 1
2 2 16 14400 0
4 20 48 40000 1
5 10 60 50000 1
3 22 36 30000 1
3 17 36 30000 1
4 3 23 20700 0
4 13 48 40000 1
5 6 50 43400 0
1 5 12 10000 1
4 28 48 40000 1
1 2 12 10000 1
5 2 21 18900 0
3 8 36 30000 1
3 8 36 30000 1
5 14 60 50000 1
4 14 48 40000 1
5 15 60 50000 1
3 1 13 11700 0
4 25 48 40000 1
3 1 9 8100 0
4 9 48 40000 1
2 1 10 9000 0
3 12 36 30000 1
1 2 12 10000 1
3 2 32 28800 0
4 9 48 40000 1
2 7 24 20000 1
3 13 36 30000 1
3 17 36 30000 1
5 14 60 50000 1
5 1 8 7200 0
4 17 48 40000 1
1 5 12 10000 1
1 8 12 10000 1
2 1 9 8100 0
4 6 48 40000 1
3 7 36 30000 1
4 12 48 40000 1
5 15 60 50000 1
1 7 12 10000 1
4 2 22 19800 0
4 2 18 16200 0
1 3 12 10000 1
2 10 24 20000 1
5 10 60 50000 1
4 6 48 40000 1
5 5 41 36100 0
5 7 60 50000 1
1 6 12 10000 1
3 10 36 30000 1
1 3 12 10000 1
4 7 48 40000 1
2 9 24 20000 1
1 2 12 10000 1
5 1 9 8100 0
5 1 11 9900 0
3 5 32 28800 0
5 14 60 50000 1
1 1 8 7200 0
2 11 24 20000 1
4 19 48 40000 1
5 11 58 49800 0
1 6 12 10000 1
2 9 24 20000 1
2 2 16 14400 0
5 4 36 31600 0
2 13 24 20000 1
2 14 24 20000 1
4 6 48 40000 1
4 15 48 40000 1
2 6 24 20000 1
2 9 24 20000 1
3 6 36 30000 1
3 9 36 30000 1
2 4 24 20000 1
2 2 18 16200 0
2 12 24 20000 1
2 6 24 20000 1
1 3 12 10000 1
3 18 36 30000 1
2 2 21 18100 0
3 8 36 30000 1
2 10 24 20000 1
3 1 6 5400 0
1 7 12 10000 1
4 1 7 6300 0
2 7 24 20000 1
2 3 20 17200 0
1 1 5 4500 0
3 18 36 30000 1
2 4 24 20000 1
4 25 48 40000 1
1 1 6 5400 0
5 16 60 50000 1
3 3 21 18900 0
4 2 33 28100 0
4 19 48 40000 1
2 13 24 20000 1
1 9 12 10000 1
4 18 48 40000 1
1 2 12 10000 1
4 24 48 40000 1
2 4 24 20000 1
5 6 57 49700 0
1 1 9 8100 0
4 16 48 40000 1
4 19 48 40000 1
4 7 48 40000 1
2 1 16 14400 0
2 1 7 6300 0
1 10 12 10000 1
4 4 32 28800 0
4 14 48 40000 1
5 5 40 36000 0
2 6 24 20000 1
1 1 6 5400 0
3 10 36 30000 1
1 3 12 10000 1
1 7 12 10000 1
2 4 24 20000 1
5 3 43 37900 0
1 7 12 10000 1
2 3 24 20000 1
1 1 11 9900 0
3 15 36 30000 1
3 21 36 30000 1
5 3 25 22500 0
4 15 48 40000 1
3 1 8 7200 0
4 7 48 40000 1
1 9 12 10000 1
5 21 60 50000 1
2 1 6 5400 0
5 3 24 21600 0
1 2 12 10000 1
3 4 36 30000 1
3 9 36 30000 1
4 22 48 40000 1
3 3 36 30000 1
4 12 48 40000 1
9 18 108 90000 1
2 1 10 9000 0
1 10 12 10000 1
1 1 7 6300 0
5 20 60 50000 1
1 4 12 10000 1
1 1 7 6300 0
29 27 348 290000 1
20 20 166 144600 0
1 1 7 6300 0
1 3 12 10000 1
143 30 622 531800 0
3 11 36 30000 1
117 15 108 94000 0
1 3 12 10000 1
18 7 79 71100 0
18 2 28 25200 0
100 11 140 123600 0
1 3 12 10000 1
1 1 7 6300 0
1 7 12 10000 1
1 2 12 10000 1
1 2 12 10000 1
7 18 84 70000 1
1 6 12 10000 1
1 1 8 7200 0
7 1 8 7200 0
1 1 10 9000 0
3 18 36 30000 1
1 4 12 10000 1
90 13 175 152700 0
5 21 60 50000 1
1 1 8 7200 0
5 2 32 27200 0
1 1 7 6300 0
1 9 12 10000 1
24 17 288 240000 1
1 3 12 10000 1
1 9 12 10000 1
1 1 11 9900 0
50 9 68 61200 0
1 1 10 9000 0
8 2 22 19800 0
1 1 10 9000 0
8 11 96 80000 1
1 6 12 10000 1
121 22 325 283700 0
1 8 12 10000 1
46 21 384 334400 0
4 1 11 9900 0
31 9 109 97300 0
1 8 12 10000 1
4 1 12 10800 0
23 5 34 29800 0
1 8 12 10000 1
2 7 24 20000 1
1 5 12 10000 1
22 20 264 220000 1
1 6 12 10000 1
1 3 12 10000 1
22 10 222 190200 0
1 3 12 10000 1
1 1 8 7200 0
2 6 24 20000 1
1 3 12 10000 1
4 17 48 40000 1
6 23 72 60000 1
7 32 84 70000 1
1 6 12 10000 1
98 9 85 74900 0
2 13 24 20000 1
1 1 8 7200 0
20 11 174 148600 0
1 1 6 5400 0
1 1 8 7200 0
6 24 72 60000 1
50 10 178 157000 0
126 21 238 207000 0
64 27 271 231900 0
