5 0.925925925926
4 0.925925925926
4 0.925925925926
1 0.925925925926
5 0.925925925926
3 0.925925925926
1 0.925925925926
3 0.925925925926
4 0.925925925926
3 1.0
4 0.925925925926
3 0.925925925926
3 0.925925925926
3 1.0
5 0.925925925926
3 0.925925925926
5 0.925925925926
2 0.925925925926
4 0.925925925926
5 0.925925925926
4 1.0
4 1.0
2 0.950617283951
2 1.0
1 0.925925925926
1 0.925925925926
5 0.925925925926
2 0.925925925926
4 0.925925925926
5 0.925925925926
5 1.0
3 0.925925925926
4 0.925925925926
5 1.0
3 0.925925925926
4 0.925925925926
5 0.925925925926
2 0.925925925926
2 0.925925925926
1 1.0
4 0.925925925926
2 1.0
4 0.925925925926
5 0.925925925926
3 0.925925925926
3 0.925925925926
4 1.0
4 0.925925925926
5 0.964444444444
1 0.925925925926
4 0.925925925926
1 0.925925925926
5 1.0
3 0.925925925926
3 0.925925925926
5 0.925925925926
4 0.925925925926
5 0.925925925926
3 1.0
4 0.925925925926
3 1.0
4 0.925925925926
2 1.0
3 0.925925925926
1 0.925925925926
3 1.0
4 0.925925925926
2 0.925925925926
3 0.925925925926
3 0.925925925926
5 0.925925925926
5 1.0
4 0.925925925926
1 0.925925925926
1 0.925925925926
2 1.0
4 0.925925925926
3 0.925925925926
4 0.925925925926
5 0.925925925926
1 0.925925925926
4 1.0
4 1.0
1 0.925925925926
2 0.925925925926
5 0.925925925926
4 0.925925925926
5 0.978319783198
5 0.925925925926
1 0.925925925926
3 0.925925925926
1 0.925925925926
4 0.925925925926
2 0.925925925926
1 0.925925925926
5 1.0
5 1.0
3 1.0
5 0.925925925926
1 1.0
2 0.925925925926
4 0.925925925926
5 0.954022988506
1 0.925925925926
2 0.925925925926
2 1.0
5 0.975308641975
2 0.925925925926
2 0.925925925926
4 0.925925925926
4 0.925925925926
2 0.925925925926
2 0.925925925926
3 0.925925925926
3 0.925925925926
2 0.925925925926
2 1.0
2 0.925925925926
2 0.925925925926
1 0.925925925926
3 0.925925925926
2 0.957671957672
3 0.925925925926
2 0.925925925926
3 1.0
1 0.925925925926
4 1.0
2 0.925925925926
2 0.955555555556
1 1.0
3 0.925925925926
2 0.925925925926
4 0.925925925926
1 1.0
5 0.925925925926
3 1.0
4 0.946127946128
4 0.925925925926
2 0.925925925926
1 0.925925925926
4 0.925925925926
1 0.925925925926
4 0.925925925926
2 0.925925925926
5 0.968810916179
1 1.0
4 0.925925925926
4 0.925925925926
4 0.925925925926
2 1.0
2 1.0
1 0.925925925926
4 1.0
4 0.925925925926
5 1.0
2 0.925925925926
1 1.0
3 0.925925925926
1 0.925925925926
1 0.925925925926
2 0.925925925926
5 0.979328165375
1 0.925925925926
2 0.925925925926
1 1.0
3 0.925925925926
3 0.925925925926
5 1.0
4 0.925925925926
3 1.0
4 0.925925925926
1 0.925925925926
5 0.925925925926
2 1.0
5 1.0
1 0.925925925926
3 0.925925925926
3 0.925925925926
4 0.925925925926
3 0.925925925926
4 0.925925925926
9 0.925925925926
2 1.0
1 0.925925925926
1 1.0
5 0.925925925926
1 0.925925925926
1 1.0
29 0.925925925926
20 0.967871485944
1 1.0
1 0.925925925926
143 0.949982136477
3 0.925925925926
117 0.9670781893
1 0.925925925926
18 1.0
18 1.0
100 0.980952380952
1 0.925925925926
1 1.0
1 0.925925925926
1 0.925925925926
1 0.925925925926
7 0.925925925926
1 0.925925925926
1 1.0
7 1.0
1 1.0
3 0.925925925926
1 0.925925925926
90 0.969523809524
5 0.925925925926
1 1.0
5 0.944444444444
1 1.0
1 0.925925925926
24 0.925925925926
1 0.925925925926
1 0.925925925926
1 1.0
50 1.0
1 1.0
8 1.0
1 1.0
8 0.925925925926
1 0.925925925926
121 0.969914529915
1 0.925925925926
46 0.967592592593
4 1.0
31 0.991845056065
1 0.925925925926
4 1.0
23 0.97385620915
1 0.925925925926
2 0.925925925926
1 0.925925925926
22 0.925925925926
1 0.925925925926
1 0.925925925926
22 0.951951951952
1 0.925925925926
1 1.0
2 0.925925925926
1 0.925925925926
4 0.925925925926
6 0.925925925926
7 0.925925925926
1 0.925925925926
98 0.97908496732
2 0.925925925926
1 1.0
20 0.948914431673
1 1.0
1 1.0
6 0.925925925926
50 0.980024968789
126 0.966386554622
64 0.950799507995
