3 27 607 19448 0
1 14 195 3431 0
5 29 887 41941 0
2 1 21 876 0
4 19 662 29323 0
2 1 35 1181 0
1 18 394 5838 0
2 13 361 11023 0
1 24 404 6797 0
2 26 470 13371 0
2 31 607 16093 0
3 15 330 12353 0
3 59 942 30000 1
1 4 70 1157 0
1 33 576 9365 0
3 22 431 19243 0
4 34 822 40000 1
5 28 536 26983 0
2 22 461 12256 0
4 10 223 13440 0
2 6 108 3541 0
1 77 536 10000 1
1 16 216 3325 0
4 15 280 11907 0
5 13 380 16571 0
2 18 330 9889 0
4 36 829 34069 0
3 26 721 30000 1
3 15 426 14736 0
3 33 762 27998 0
5 11 524 28789 0
5 13 329 14990 0
4 9 146 6594 0
3 95 928 30000 1
2 16 564 16765 0
5 28 541 21387 0
1 17 245 3986 0
2 18 337 8026 0
3 15 367 11463 0
3 24 686 21966 0
2 26 434 9855 0
2 35 602 16657 0
4 14 391 17757 0
5 21 697 34591 0
3 5 144 5195 0
4 27 579 21316 0
2 20 392 11015 0
4 20 414 19936 0
4 31 774 33965 0
1 47 568 10000 1
4 15 290 11844 0
3 20 360 16063 0
3 68 937 30000 1
2 27 521 14556 0
4 14 251 10039 0
5 21 636 30678 0
3 3 104 4791 0
4 26 560 23072 0
1 9 176 2487 0
2 22 322 8306 0
5 20 679 36954 0
2 24 464 12365 0
4 24 740 32294 0
5 1 30 1962 0
3 16 391 16596 0
2 22 485 15229 0
2 4 63 2225 0
2 15 307 7996 0
2 5 110 3887 0
3 16 303 9255 0
2 14 249 7778 0
5 20 625 32292 0
4 21 518 19438 0
5 16 331 14773 0
5 24 1078 50000 1
2 18 378 9551 0
2 13 178 4003 0
1 23 337 6780 0
3 26 547 17589 0
4 13 432 21787 0
2 14 246 6139 0
2 27 455 12480 0
4 6 139 7649 0
5 28 622 23597 0
3 15 301 11739 0
4 20 472 25231 0
2 31 508 12240 0
3 32 800 30000 1
5 31 815 42250 0
4 22 538 26089 0
4 33 887 40000 1
5 11 443 23152 0
1 27 566 9556 0
4 10 186 6058 0
2 46 660 16428 0
5 24 922 43635 0
3 38 799 30000 1
5 59 1136 50000 1
3 5 169 6284 0
4 22 606 23530 0
2 27 457 12313 0
5 5 154 7702 0
4 26 633 35205 0
5 24 710 33525 0
4 18 344 12220 0
2 1 28 880 0
5 37 1172 50000 1
3 28 508 16814 0
4 37 929 40000 1
2 17 270 7818 0
2 33 732 17784 0
2 19 537 16477 0
2 1 24 807 0
5 12 260 13326 0
5 7 150 7115 0
4 26 596 26768 0
2 10 350 10059 0
5 17 422 22173 0
1 3 52 1095 0
2 46 719 20000 1
2 26 470 11543 0
1 4 86 1705 0
4 22 618 25881 0
2 8 148 5159 0
4 21 427 15893 0
1 18 235 3856 0
1 19 489 8038 0
5 18 322 15468 0
3 9 308 11052 0
2 15 253 6828 0
4 15 336 12594 0
4 26 548 27827 0
4 29 814 40000 1
5 18 484 25355 0
2 10 157 4052 0
2 14 188 4314 0
5 23 697 35447 0
3 26 513 19269 0
4 39 830 40000 1
3 26 568 19816 0
5 1 43 1920 0
3 11 210 6531 0
3 25 528 18607 0
2 45 657 20000 1
4 80 1007 40000 1
5 19 635 33598 0
3 29 635 21562 0
5 25 548 23944 0
4 17 326 10847 0
3 18 382 9638 0
5 43 1124 50000 1
3 25 778 23813 0
4 22 540 24459 0
3 22 587 22958 0
1 32 430 8773 0
2 76 753 20000 1
2 34 664 20000 1
5 19 393 18237 0
4 23 483 22762 0
2 5 112 3148 0
1 29 388 7133 0
4 15 402 18174 0
4 9 311 11330 0
1 90 557 10000 1
1 18 260 5248 0
2 19 337 9191 0
1 16 223 3824 0
2 35 712 18419 0
5 40 1177 50000 1
2 35 428 10564 0
1 38 596 9786 0
3 26 515 17375 0
4 32 639 23837 0
1 46 563 10000 1
4 36 789 40000 1
1 8 238 4109 0
1 37 657 10000 1
5 22 411 18914 0
4 25 535 25211 0
5 15 475 21930 0
1 20 310 6468 0
1 28 416 6976 0
20 22 787 61883 0
1 20 251 4013 0
79 2 61 7452 0
30 69 3235 300000 1
31 18 664 49224 0
12 32 947 51077 0
50 4 198 14431 0
9 9 403 29452 0
21 19 759 52833 0
4 36 1034 40000 1
1 6 185 3512 0
1 24 371 6485 0
1 24 339 5191 0
1 18 326 5438 0
4 25 513 28163 0
1 34 493 7045 0
1 15 209 3257 0
100 17 985 76440 0
1 23 354 6970 0
3 25 482 21037 0
37 32 1101 101676 0
86 24 961 64643 0
1 36 532 8082 0
1 16 309 4960 0
1 9 132 2671 0
29 11 313 25873 0
23 33 2787 230000 1
1 14 354 6231 0
5 61 1318 50000 1
11 10 733 56306 0
1 38 632 9778 0
39 16 557 40874 0
4 23 500 22572 0
74 21 1516 160563 0
1 14 224 4074 0
1 17 231 3710 0
1 11 152 2338 0
1 14 342 5831 0
1 18 314 4824 0
2 30 555 16745 0
39 14 948 90509 0
2 22 394 11524 0
53 85 8510 530000 1
1 19 297 5577 0
38 24 973 79854 0
1 20 308 5918 0
1 7 88 1274 0
1 2 57 1064 0
1 1 37 602 0
4 24 682 28685 0
84 11 772 76752 0
18 4 137 12264 0
7 73 1345 70000 1
40 28 1270 106876 0
2 23 332 8065 0
35 31 996 64460 0
1 17 320 4986 0
9 15 520 31403 0
1 14 231 3588 0
47 2 113 16145 0
141 30 1729 124127 0
1 37 493 10000 1
3 8 220 9196 0
1 14 183 3193 0
7 2 90 4173 0
1 29 434 6120 0
1 17 350 6575 0
69 17 795 49537 0
1 28 451 7397 0
1 11 236 3755 0
2 60 702 20000 1
52 28 1168 75744 0
99 14 583 35606 0
1 19 193 2574 0
91 17 556 41561 0
1 11 178 2860 0
1 26 456 7684 0
1 12 203 3110 0
