1 14 431 10000 1
4 13 505 35987 0
3 19 497 28425 0
5 11 373 33633 0
2 20 412 18668 0
5 47 779 50000 1
1 29 415 10000 1
5 106 904 50000 1
5 18 697 50000 1
4 14 481 31191 0
5 6 262 19214 0
2 31 403 20000 1
2 16 413 16247 0
2 13 426 20000 1
1 24 371 10000 1
1 25 365 10000 1
1 32 438 10000 1
5 12 344 34963 0
5 23 670 50000 1
3 29 497 30000 1
4 21 590 40000 1
2 2 54 2895 0
4 28 508 40000 1
3 10 273 17241 0
3 19 441 30000 1
2 1 33 1530 0
2 25 463 20000 1
4 29 613 40000 1
3 15 338 17881 0
5 19 641 50000 1
3 25 516 30000 1
3 3 174 9232 0
4 15 292 20767 0
4 3 91 6448 0
2 17 494 20000 1
4 7 294 20080 0
3 23 448 30000 1
1 5 79 1960 0
2 6 221 8165 0
3 28 587 30000 1
4 16 453 29460 0
2 20 512 20000 1
5 26 651 43072 0
1 14 321 8695 0
4 22 488 40000 1
3 23 532 30000 1
4 38 618 40000 1
1 9 199 5542 0
1 75 410 10000 1
2 26 518 20000 1
5 24 529 30141 0
2 19 511 20000 1
5 8 304 25756 0
5 29 804 50000 1
5 10 267 25324 0
4 2 60 6429 0
5 25 620 50000 1
5 7 329 30428 0
5 21 693 38293 0
1 18 349 10000 1
1 33 381 10000 1
2 23 435 20000 1
1 6 215 5169 0
3 29 446 30000 1
5 33 612 50000 1
4 5 248 15401 0
4 1 35 3408 0
2 10 271 12709 0
1 33 348 10000 1
1 22 421 10000 1
4 6 149 9368 0
1 29 338 10000 1
1 31 453 10000 1
5 23 687 50000 1
2 9 242 9306 0
4 66 615 40000 1
1 20 361 10000 1
5 50 877 50000 1
5 34 698 50000 1
4 48 630 40000 1
3 2 74 4289 0
2 12 374 12797 0
3 13 345 19769 0
4 14 556 40000 1
1 39 365 10000 1
2 14 321 15334 0
4 21 618 40000 1
1 5 121 3810 0
2 29 502 20000 1
2 24 535 20000 1
5 17 610 50000 1
2 17 395 18220 0
3 12 407 27182 0
4 43 637 40000 1
3 19 526 30000 1
4 2 102 9105 0
1 22 344 10000 1
4 80 740 40000 1
3 19 534 25781 0
5 9 353 33059 0
4 26 702 40000 1
4 12 357 29358 0
2 30 489 20000 1
1 21 370 10000 1
1 19 448 9414 0
2 30 442 20000 1
2 26 568 20000 1
3 11 488 29093 0
1 9 142 2812 0
5 11 402 31128 0
5 13 447 40807 0
1 15 273 7343 0
5 39 613 50000 1
1 3 117 2597 0
4 14 306 14791 0
3 18 393 18319 0
2 24 509 20000 1
2 13 277 11520 0
4 27 579 40000 1
3 39 542 30000 1
5 14 514 38048 0
3 27 489 26430 0
4 27 569 40000 1
1 21 415 10000 1
1 10 174 3808 0
2 3 75 3953 0
5 11 386 32797 0
3 18 417 20125 0
4 4 123 10703 0
3 29 576 30000 1
5 8 216 22621 0
3 103 564 30000 1
5 3 173 14808 0
3 33 525 30000 1
1 16 305 9152 0
2 2 84 4216 0
2 19 523 19617 0
2 24 425 20000 1
3 28 463 30000 1
4 32 619 40000 1
1 23 441 10000 1
5 34 737 50000 1
3 19 347 17430 0
3 26 519 30000 1
2 15 466 20000 1
1 6 201 6066 0
1 6 210 6242 0
2 12 270 10693 0
5 23 632 50000 1
2 29 397 20000 1
1 2 109 2468 0
4 19 530 35820 0
5 28 625 50000 1
5 16 486 37439 0
5 18 537 45117 0
3 33 642 30000 1
5 33 873 50000 1
5 40 603 50000 1
3 16 352 22455 0
5 22 588 50000 1
4 27 562 40000 1
1 25 429 10000 1
1 4 91 3024 0
5 20 666 50000 1
5 65 780 50000 1
4 26 578 40000 1
4 28 672 40000 1
1 52 350 10000 1
3 32 539 30000 1
5 22 625 50000 1
5 11 400 35595 0
5 17 538 40376 0
3 35 470 30000 1
4 24 681 40000 1
3 10 208 13353 0
5 17 478 50000 1
1 14 352 8314 0
1 8 146 3757 0
4 20 661 40000 1
3 13 262 13576 0
4 23 584 36516 0
1 14 293 7256 0
5 4 188 20284 0
126 74 12267 1260000 1
41 28 1318 175173 0
34 24 2237 340000 1
1 2 40 1052 0
11 13 495 61221 0
1 2 72 1862 0
1 9 217 5468 0
1 18 260 5060 0
1 18 339 8850 0
8 15 632 61142 0
50 4 181 33795 0
5 13 463 34161 0
1 17 347 8235 0
1 19 316 7338 0
14 40 1311 140000 1
1 21 356 10000 1
1 23 343 8026 0
1 17 378 9168 0
1 23 387 8440 0
2 25 521 20000 1
1 13 201 5469 0
115 28 8098 1150000 1
4 17 465 28419 0
1 11 237 6951 0
1 26 364 10000 1
2 27 504 20000 1
2 10 211 7658 0
2 31 442 20000 1
1 21 378 10000 1
5 29 580 50000 1
1 17 336 10000 1
50 14 768 147463 0
8 23 679 80000 1
6 9 371 40692 0
60 1 37 5676 0
6 10 238 19572 0
1 16 432 10000 1
150 97 11139 1500000 1
79 26 4730 790000 1
1 16 446 9501 0
1 25 422 9742 0
2 1 36 2181 0
8 19 753 80000 1
1 16 367 9080 0
44 10 879 121981 0
1 14 372 9869 0
13 23 732 79007 0
1 34 462 10000 1
31 20 2087 310000 1
1 48 465 10000 1
8 12 436 62838 0
1 24 345 10000 1
1 3 109 2473 0
16 30 1548 160000 1
1 45 412 10000 1
1 4 116 2603 0
1 15 229 5826 0
1 14 351 9805 0
1 16 328 7850 0
1 21 332 8289 0
1 17 327 8946 0
4 1 50 3707 0
10 7 238 31812 0
5 19 607 50000 1
1 27 471 9835 0
4 2 69 6656 0
14 36 1468 140000 1
1 16 368 10000 1
10 27 943 100000 1
101 39 6531 1010000 1
137 19 6715 1370000 1
12 6 349 60372 0
2 8 287 13772 0
1 10 288 7584 0
2 23 496 20000 1
1 19 357 8204 0
1 27 453 10000 1
