1 0.331455087836
4 1.01801980198
3 0.81704512791
5 1.28812715435
2 0.647295423024
5 0.916926462498
1 0.344234079174
5 0.790139064475
5 1.02480016397
4 0.926373626374
5 1.04765539804
2 0.708968450904
2 0.561985472155
2 0.670690811536
1 0.385059684251
1 0.391389432485
1 0.326157860404
5 1.45195182724
5 1.06609808102
3 0.862316757689
4 0.968523002421
2 0.765873015873
4 1.12485939258
3 0.902197802198
3 0.971817298348
2 0.662337662338
2 0.617093489664
4 0.932183640177
3 0.755748098056
5 1.1143302875
3 0.830564784053
3 0.757963875205
4 1.01599804305
4 1.01224489796
2 0.578368999422
4 0.975704567541
3 0.956632653061
1 0.354430379747
2 0.527795733678
3 0.730104648333
4 0.929044465468
2 0.558035714286
5 0.945183234584
1 0.386960391633
4 1.17096018735
3 0.805585392052
4 0.924641701341
1 0.397846374731
1 0.348432055749
2 0.551571980143
5 0.813961652714
2 0.559127760693
5 1.21033834586
5 0.88841506752
5 1.35494917068
4 1.53071428571
5 1.15207373272
5 1.32123317412
5 0.789383632241
1 0.409332787556
1 0.374953130859
2 0.656814449918
1 0.343455149502
3 0.960922485586
5 1.16713352007
4 0.88715437788
4 1.39102040816
2 0.669952556668
1 0.410509031199
1 0.339328130302
4 0.898178331735
1 0.422654268808
1 0.315357931252
5 1.03971719692
2 0.549350649351
4 0.929152148664
1 0.395726157499
5 0.814464896563
5 1.02333196889
4 0.907029478458
3 0.827992277992
2 0.488808250573
3 0.818592132505
4 1.02774922919
1 0.391389432485
2 0.682421005785
4 0.924641701341
1 0.449822904368
2 0.569151963574
2 0.534045393858
5 1.17096018735
2 0.658951175407
3 0.954089154089
4 0.897062121552
3 0.814774579033
4 1.27521008403
1 0.415282392027
4 0.772200772201
3 0.689700374532
5 1.33787940105
4 0.814000814001
4 1.17478991597
2 0.584282792872
1 0.3861003861
1 0.300191326531
2 0.646412411118
2 0.503018108652
3 0.851668618267
1 0.282897384306
5 1.10618336887
5 1.30415468201
1 0.384249084249
5 1.16522955022
1 0.317094017094
4 0.690522875817
3 0.665903307888
2 0.561324726354
2 0.594120680763
4 0.986923266716
3 0.790722192936
5 1.05747637576
3 0.77212971078
4 1.00426813959
1 0.344234079174
1 0.312643678161
2 0.752952380952
5 1.21380458919
3 0.689448441247
4 1.24308943089
3 0.744047619048
5 1.4960978836
3 0.759878419453
5 1.22279108175
3 0.816326530612
1 0.428665105386
2 0.717006802721
2 0.53583720295
2 0.672268907563
3 0.925640234496
4 0.923147934456
1 0.323939099449
5 0.969180073658
3 0.71757925072
3 0.825763831544
2 0.613120784795
1 0.431130063966
1 0.42462585034
2 0.565767195767
5 1.13019891501
2 0.719683339331
1 0.323460026212
4 0.965498652291
5 1.14285714286
5 1.10049970606
5 1.20023942538
3 0.667556742323
5 0.818196694485
5 1.18455342336
3 0.911323051948
5 1.21477162293
4 1.01677681749
1 0.333000333
1 0.474725274725
5 1.0725010725
5 0.915750915751
4 0.988630746416
4 0.850340136054
1 0.408163265306
3 0.795123244103
5 1.14285714286
5 1.27125
5 1.07211895911
3 0.911854103343
4 0.839102160688
3 0.917101648352
5 1.494321578
1 0.337418831169
1 0.367612524462
4 0.864491030906
3 0.740239912759
4 0.89324853229
1 0.353778644564
5 1.54133738602
126 1.46735143067
41 1.89868848905
34 2.17127530494
1 0.375714285714
11 1.76683982684
1 0.369444444444
1 0.359973666886
1 0.278021978022
1 0.372945638432
8 1.38205244123
50 2.66732438832
5 1.05402653502
1 0.339028406752
1 0.331735985533
14 1.52555301297
1 0.401284109149
1 0.334277384423
1 0.346485260771
1 0.311554078996
2 0.54839594187
1 0.388699360341
115 2.02871961331
4 0.873087557604
1 0.418987341772
1 0.392464678179
2 0.566893424036
2 0.518483412322
2 0.646412411118
1 0.377928949358
5 1.2315270936
1 0.425170068027
50 2.74298735119
8 1.6831474858
6 1.56688486715
60 2.19150579151
6 1.17478991597
1 0.330687830688
150 1.92374283406
79 2.38598610692
1 0.304324151185
1 0.329790115098
2 0.865476190476
8 1.51773856953
1 0.353444920202
44 1.98246383878
1 0.378993855607
13 1.5419008587
1 0.309214594929
31 2.12197960162
1 0.307219662058
8 2.05891218873
1 0.414078674948
1 0.324115334207
16 1.47655961609
1 0.346740638003
1 0.320566502463
1 0.363443543356
1 0.399063899064
1 0.341898954704
1 0.356669535284
1 0.390825688073
4 1.05914285714
10 1.90948379352
5 1.17674746999
1 0.2983014862
4 1.37805383023
14 1.36239782016
1 0.388198757764
10 1.51492198152
101 2.20924382615
137 2.91458355494
12 2.47122390503
2 0.685515181682
1 0.37619047619
2 0.576036866359
1 0.328291316527
1 0.315357931252
