2 0.696378830084
5 1.21595330739
3 1.10619469027
4 1.07066381156
2 0.560538116592
2 0.584112149533
5 1.20656370656
1 0.359195402299
5 1.00960451977
4 0.98814229249
5 1.37362637363
4 1.1655011655
5 1.08506944444
4 1.23456790123
1 0.336021505376
1 0.307125307125
2 0.8103125
3 0.874459459459
5 1.17702448211
4 1.1135857461
1 0.330687830688
1 0.455208333333
5 1.08630617978
2 0.686813186813
1 0.42178030303
5 1.24501992032
2 0.615763546798
2 0.714285714286
5 1.35869565217
2 0.596658711217
2 0.715055555556
2 0.692520775623
2 0.679347826087
5 1.07944732297
5 1.9240625
4 0.963391136802
1 0.399361022364
4 1.20481927711
4 0.866551126516
3 0.94696969697
1 0.350342465753
3 0.961538461538
3 0.786163522013
5 1.06758893281
2 0.689966555184
5 1.11209964413
5 2.06164772727
2 0.65274151436
3 0.966494845361
4 1.08932461874
1 0.444839857651
5 1.02459016393
1 0.331564986737
5 1.27365771812
1 0.389970930233
5 1.19961612284
2 0.580046403712
3 1.02459016393
3 0.897129186603
5 1.4367816092
3 0.689338235294
1 0.373102678571
4 1.23456790123
4 0.996015936255
4 1.22549019608
5 1.10424028269
2 0.553097345133
2 0.593824228029
3 1.01754587156
3 1.03986111111
5 1.02291325696
3 0.832841823056
2 0.726744186047
3 0.988125
2 0.65445026178
3 1.175
3 0.766871165644
5 1.21359223301
3 0.729571984436
4 0.784929356358
3 0.844594594595
2 0.582750582751
3 0.964169381107
5 1.03820598007
3 1.16046195652
5 1.13224637681
1 0.343406593407
4 1.0101010101
2 0.620994208494
3 1.17445652174
5 1.43348623853
4 1.14815891473
2 0.586854460094
2 0.702247191011
2 0.658898305085
5 1.204238921
2 0.712250712251
5 1.07944732297
4 1.02040816327
5 1.2278978389
1 0.375375375375
4 1.06837606838
2 0.679347826087
2 0.598086124402
3 1.10619469027
1 0.384615384615
1 0.407166123779
3 0.882352941176
5 1.01132686084
2 0.65963060686
5 1.14051094891
5 1.19743589744
5 1.18821292776
1 0.380030959752
5 1.675
2 0.718390804598
1 0.312318313953
5 1.12612612613
3 0.656637931034
3 0.754527162978
2 0.592417061611
4 1.08932461874
1 0.392281879195
4 0.986193293886
1 0.36023054755
1 0.425170068027
2 0.50916496945
1 0.44014084507
2 0.720461095101
3 0.804721030043
4 0.917431192661
1 0.331990131579
3 1.21607862903
4 1.03092783505
3 0.933284457478
1 0.428082191781
4 0.954198473282
4 1.11111111111
4 0.943396226415
3 0.79685
2 0.681198910082
5 1.53562653563
4 1.03398058252
1 0.382262996942
4 1.22249388753
4 1.10823442136
1 0.351123595506
4 0.965250965251
1 0.451263537906
2 0.667796610169
3 1.01841216216
4 1.22824675325
4 1.09987654321
2 0.715625
5 1.13636363636
1 0.466319444444
5 1.30753138075
3 0.831485587583
2 0.610952380952
1 0.357853982301
1 0.365976331361
2 0.555555555556
1 0.338753387534
5 1.46370023419
1 0.319693094629
3 0.770020533881
4 1.02459016393
3 0.919117647059
2 0.615391791045
4 0.88772172949
2 0.611246943765
5 1.1927480916
5 1.2278978389
1 0.377643504532
4 1.36789772727
4 1.35080645161
5 1.25502008032
4 1.01415264423
1 0.331875
5 1.17481203008
5 1.27032520325
1 0.452777777778
1 0.389408099688
1 0.34435261708
69 2.50508277665
1 0.409836065574
1 0.42097826087
30 2.18786464411
89 3.18220823799
13 1.50602409639
25 2.21474131821
1 0.3696875
4 0.815837104072
1 0.33692722372
1 0.428082191781
2 0.712250712251
1 0.437630208333
4 0.925925925926
1 0.374251497006
11 2.02205882353
15 2.20070422535
1 0.412009803922
2 0.565610859729
6 1.17034700315
1 0.400641025641
6 1.87438888889
3 1.0775862069
9 1.37530562347
23 2.61363636364
40 2.88683602771
3 1.01351351351
1 0.385784313725
1 0.3484
1 0.36443148688
32 2.59732796486
1 0.366568914956
11 1.77190721649
2 0.620833333333
44 2.32558139535
3 0.801282051282
33 2.536900369
47 1.76373461423
1 0.476851851852
1 0.376506024096
12 1.96259881423
2 0.68306010929
1 0.416853932584
1 0.377643504532
1 0.433552631579
43 2.2574548509
1 0.354107648725
1 0.357142857143
28 3.37154605263
1 0.314861460957
1 0.350663716814
40 2.17675228559
1 0.415073529412
44 4.96968562874
10 1.77304964539
2 0.586854460094
1 0.372023809524
16 1.90476190476
4 1.38433098592
5 1.21359223301
1 0.36953125
1 0.33305785124
3 0.760649087221
18 1.71363290175
9 1.97022767075
52 2.90233622351
1 0.315525936599
1 0.414955357143
1 0.343406593407
1 0.481385869565
1 0.353107344633
1 0.36023054755
5 1.51334586466
94 3.3229638009
5 1.12612612613
103 2.42147827722
