1 1.0
2 1.0
1 1.0
1 1.0
2 1.0
1 1.0
1 1.0
2 1.0
3 1.0
1 1.0
2 1.0
1 1.0
1 1.0
1 1.0
1 0.999650122457
1 1.0
1 1.0
3 1.0
2 1.0
1 1.0
2 1.0
1 1.0
2 1.0
3 1.0
2 1.0
1 1.0
3 1.0
1 1.0
2 1.0
2 1.0
2 1.0
2 1.0
2 1.0
1 1.0
3 1.0
3 1.0
1 1.0
1 1.0
2 1.0
2 1.0
2 1.0
2 1.0
2 1.0
1 1.0
1 0.999650122457
2 1.0
1 1.0
1 1.0
1 1.0
2 1.0
1 1.0
2 1.0
1 1.0
2 1.0
1 1.0
1 1.0
2 1.0
1 1.0
1 1.0
1 1.0
2 1.0
1 1.0
1 1.0
1 1.0
2 1.0
1 1.0
2 1.0
2 1.0
1 1.0
2 1.0
1 1.0
3 1.0
2 1.0
1 1.0
1 1.0
3 1.0
1 1.0
2 1.0
1 1.0
1 1.0
3 1.0
2 0.99976941068
1 1.0
3 1.0
2 1.0
2 1.0
3 1.0
1 1.0
1 1.0
2 1.0
1 1.0
2 1.0
1 1.0
1 1.0
1 1.0
1 1.0
2 1.0
1 1.0
1 1.0
2 1.0
2 1.0
3 1.0
1 1.0
1 1.0
1 1.0
3 1.0
1 1.0
2 1.0
2 1.0
2 1.0
3 1.0
3 1.0
1 1.0
1 1.0
2 1.0
1 1.0
2 1.0
2 1.0
2 1.0
3 1.0
2 1.0
2 1.0
2 1.0
2 1.0
1 1.0
1 1.0
1 1.0
2 1.0
2 1.0
1 1.0
1 1.0
2 1.0
1 1.0
1 1.0
1 1.0
1 1.0
1 1.0
2 1.0
2 1.0
2 1.0
2 1.0
2 1.0
2 1.0
2 1.0
1 1.0
3 1.0
3 1.0
1 1.0
1 1.0
2 1.0
2 1.0
1 1.0
2 1.0
1 1.0
2 1.0
1 1.0
2 1.0
2 1.0
1 1.0
1 1.0
1 1.0
2 1.0
2 1.0
2 1.0
1 1.0
2 1.0
2 1.0
2 1.0
1 1.0
1 1.0
2 1.0
1 1.0
2 1.0
1 1.0
1 1.0
2 1.0
2 1.0
2 1.0
2 1.0
2 1.0
3 1.0
1 0.999650122457
1 1.0
1 1.0
2 1.0
1 1.0
1 1.0
11 1.0
32 1.0
66 1.0
28 1.0
1 0.999650122457
1 1.0
1 1.0
20 1.0
11 1.0
1 1.0
1 1.0
1 1.0
1 1.0
44 1.0
1 1.0
1 1.0
1 1.0
1 1.0
7 1.0
1 1.0
1 1.0
1 1.0
1 1.0
1 1.0
4 1.0
1 1.0
3 1.0
65 1.0
14 1.0
3 1.0
1 1.0
6 1.0
51 1.0
1 1.0
2 1.0
1 0.999650122457
72 1.0
4 1.0
1 1.0
2 1.0
8 1.0
1 1.0
1 1.0
1 1.0
1 1.0
20 1.0
34 1.0
6 1.0
1 1.0
1 1.0
1 1.0
13 1.0
11 1.0
13 1.0
12 1.0
1 1.0
4 1.0
37 1.0
1 1.0
1 1.0
1 1.0
1 1.0
7 1.0
1 1.0
1 1.0
16 1.0
17 1.0
3 1.0
33 1.0
25 1.0
23 1.0
1 0.999650122457
13 1.0
