2 43 2014 12084 0
1 25 1292 7752 0
2 9 416 2496 0
1 10 718 4308 0
1 21 1084 6504 0
1 18 739 4434 0
2 9 616 3696 0
2 19 1035 6210 0
1 13 497 2982 0
2 4 306 1836 0
1 13 477 2862 0
2 23 1354 8124 0
2 88 3334 20000 1
2 7 504 3024 0
3 22 1760 10560 0
1 21 1144 6864 0
2 30 1478 8868 0
3 45 2167 13002 0
2 31 2291 13744 0
3 56 4775 28646 0
3 1 75 450 0
1 20 888 5328 0
2 39 2492 14950 0
2 24 1377 8262 0
2 34 1806 10836 0
2 25 977 5862 0
1 17 682 4092 0
1 24 1257 7542 0
3 66 3617 21700 0
2 1 58 348 0
1 33 1161 6966 0
2 1 132 792 0
1 14 552 3312 0
2 21 1043 6258 0
2 19 1323 7938 0
1 37 1667 10000 1
1 29 1247 7482 0
1 19 1008 6048 0
3 20 1340 8040 0
3 37 2423 14538 0
2 25 1610 9660 0
2 27 1400 8400 0
1 18 646 3876 0
2 8 799 4794 0
2 17 1667 10002 0
1 26 1071 6426 0
2 28 1828 10968 0
3 48 4550 27296 0
2 21 1213 7278 0
1 30 1068 6408 0
1 24 988 5928 0
1 22 1142 6852 0
1 22 1217 7302 0
1 28 1333 7998 0
1 18 606 3636 0
3 37 3654 21922 0
2 32 2691 16144 0
2 31 1398 8388 0
2 28 1669 10014 0
3 5 439 2634 0
2 21 1984 11904 0
2 4 342 2052 0
1 39 1237 7422 0
1 9 562 3372 0
1 25 1302 7812 0
2 16 1184 7104 0
2 34 2666 15994 0
2 44 2741 16444 0
2 26 1245 7470 0
1 29 1035 6210 0
2 39 2610 15658 0
1 6 671 4026 0
1 7 515 3090 0
1 21 719 4314 0
1 13 457 2742 0
1 17 1244 7464 0
1 20 698 4188 0
2 12 735 4410 0
1 27 1303 7818 0
3 23 2055 12330 0
1 13 988 5928 0
2 12 494 2964 0
1 36 1593 9558 0
2 26 1849 11094 0
3 14 966 5796 0
2 24 2415 14488 0
2 19 864 5184 0
2 47 3232 19390 0
2 57 3334 20000 1
1 38 1486 8916 0
1 19 752 4512 0
2 24 1327 7962 0
2 17 1206 7236 0
2 7 627 3762 0
1 1 49 294 0
3 19 1202 7212 0
1 20 1005 6030 0
1 44 1418 8508 0
1 21 730 4380 0
2 26 1511 9066 0
1 14 761 4566 0
3 17 1195 7170 0
3 15 1054 6324 0
2 37 2418 14506 0
2 23 1262 7572 0
2 33 2361 14164 0
2 31 2301 13804 0
1 22 938 5628 0
1 18 662 3972 0
1 15 963 5778 0
3 27 1607 9642 0
2 22 1518 9108 0
2 18 921 5526 0
1 9 300 1800 0
2 28 1918 11508 0
1 16 663 3978 0
3 99 5001 30000 1
1 12 375 2250 0
3 22 1340 8040 0
1 3 192 1152 0
1 19 839 5034 0
1 37 1285 7710 0
1 24 1177 7062 0
2 10 933 5598 0
1 25 1283 7698 0
2 72 3334 20000 1
1 17 952 5712 0
2 1 137 822 0
1 29 1430 8580 0
2 4 271 1626 0
2 1 64 384 0
1 19 733 4398 0
1 20 1035 6210 0
1 13 820 4920 0
3 19 1100 6600 0
2 26 2159 12954 0
1 19 1450 8700 0
2 20 727 4362 0
1 5 416 2496 0
1 39 1528 9168 0
1 20 886 5316 0
1 11 429 2574 0
2 20 874 5244 0
1 44 1667 10000 1
2 32 1725 10350 0
1 32 1353 8118 0
2 41 2918 17506 0
1 28 1092 6552 0
3 35 2445 14670 0
2 26 1222 7332 0
1 5 151 906 0
3 62 5001 30000 1
2 30 1788 10728 0
2 19 1261 7566 0
2 68 3334 20000 1
1 20 850 5100 0
1 8 306 1836 0
2 8 895 5370 0
2 27 2191 13144 0
1 25 768 4608 0
1 12 579 3474 0
2 34 2324 13944 0
1 43 1421 8526 0
1 16 961 5766 0
2 27 1914 11484 0
2 36 1842 11052 0
1 3 134 804 0
1 8 407 2442 0
2 21 991 5946 0
1 25 1066 6396 0
1 17 719 4314 0
2 47 3334 20000 1
1 28 1223 7338 0
2 41 2648 15886 0
2 76 3334 20000 1
2 81 3334 20000 1
2 33 1840 11040 0
2 9 456 2736 0
1 23 905 5430 0
2 12 990 5940 0
2 42 2671 16024 0
2 19 1203 7218 0
1 32 1589 9534 0
4 13 713 4278 0
1 30 1260 7560 0
1 11 557 3342 0
1 6 375 2250 0
15 9 1036 6216 0
57 38 6687 40120 0
1 26 1150 6900 0
37 24 1591 9546 0
17 56 10440 62636 0
1 32 1667 10000 1
1 16 610 3660 0
1 12 410 2460 0
9 27 3856 23136 0
14 10 1764 10584 0
1 12 1146 6876 0
1 44 1667 10000 1
1 4 183 1098 0
1 17 542 3252 0
3 5 374 2244 0
1 1 68 408 0
19 45 2760 16560 0
4 27 2636 15816 0
1 23 880 5280 0
3 50 3388 20326 0
1 24 1667 10000 1
1 21 687 4122 0
2 16 1330 7980 0
8 29 4145 24868 0
3 18 1558 9348 0
1 7 347 2082 0
2 44 1862 11172 0
1 31 917 5502 0
1 29 1185 7110 0
1 19 578 3468 0
49 30 2431 14586 0
1 40 1667 10000 1
1 50 1601 9606 0
2 6 603 3618 0
21 41 3500 20998 0
2 20 1102 6612 0
30 35 3089 18532 0
1 27 1493 8958 0
1 28 1667 10000 1
1 10 543 3258 0
1 27 1245 7470 0
1 46 1386 8316 0
1 2 116 696 0
1 5 407 2442 0
4 19 1992 11952 0
1 12 662 3972 0
75 12 981 5886 0
1 11 699 4194 0
9 8 670 4020 0
3 16 1648 9888 0
1 13 412 2472 0
39 34 4763 28576 0
42 24 1880 11280 0
1 18 738 4428 0
23 13 2272 13632 0
1 1 69 414 0
1 22 1093 6558 0
3 49 3800 22798 0
3 25 1471 8826 0
1 28 1617 9702 0
2 10 984 5904 0
6 38 5204 31222 0
1 11 523 3138 0
7 17 2007 12042 0
1 11 667 4002 0
7 17 2872 17232 0
1 34 1202 7212 0
2 11 450 2700 0
1 137 1667 10000 1
1 7 402 2412 0
16 22 1754 10524 0
2 31 1798 10788 0
1 21 1096 6576 0
