2 1.0
1 1.0
2 1.0
1 1.0
1 1.0
1 1.0
2 1.0
2 1.0
1 1.0
2 1.0
1 1.0
2 1.0
2 0.999800039992
2 1.0
3 1.0
1 1.0
2 1.0
3 1.0
2 0.999854503128
3 0.999860383944
3 1.0
1 1.0
2 0.99986623863
2 1.0
2 1.0
2 1.0
1 1.0
1 1.0
3 0.999907842595
2 1.0
1 1.0
2 1.0
1 1.0
2 1.0
2 1.0
1 0.999800039992
1 1.0
1 1.0
3 1.0
3 1.0
2 1.0
2 1.0
1 1.0
2 1.0
2 1.0
1 1.0
2 1.0
3 0.999853479853
2 1.0
1 1.0
1 1.0
1 1.0
1 1.0
1 1.0
1 1.0
3 0.999908775771
2 0.999876130311
2 1.0
2 1.0
3 1.0
2 1.0
2 1.0
1 1.0
1 1.0
1 1.0
2 1.0
2 0.999874968742
2 0.999878389882
2 1.0
1 1.0
2 0.999872286079
1 1.0
1 1.0
1 1.0
1 1.0
1 1.0
1 1.0
2 1.0
1 1.0
3 1.0
1 1.0
2 1.0
1 1.0
2 1.0
3 1.0
2 0.999861973775
2 1.0
2 0.999896864686
2 0.999800039992
1 1.0
1 1.0
2 1.0
2 1.0
2 1.0
1 1.0
3 1.0
1 1.0
1 1.0
1 1.0
2 1.0
1 1.0
3 1.0
3 1.0
2 0.999862145023
2 1.0
2 0.999858816886
2 0.999855135448
1 1.0
1 1.0
1 1.0
3 1.0
2 1.0
2 1.0
1 1.0
2 1.0
1 1.0
3 0.999800039992
1 1.0
3 1.0
1 1.0
1 1.0
1 1.0
1 1.0
2 1.0
1 1.0
2 0.999800039992
1 1.0
2 1.0
1 1.0
2 1.0
2 1.0
1 1.0
1 1.0
1 1.0
3 1.0
2 1.0
1 1.0
2 1.0
1 1.0
1 1.0
1 1.0
1 1.0
2 1.0
1 0.999800039992
2 1.0
1 1.0
2 0.999885766507
1 1.0
3 1.0
2 1.0
1 1.0
3 0.999800039992
2 1.0
2 1.0
2 0.999800039992
1 1.0
1 1.0
2 1.0
2 0.999847862468
1 1.0
1 1.0
2 1.0
1 1.0
1 1.0
2 1.0
2 1.0
1 1.0
1 1.0
2 1.0
1 1.0
1 1.0
2 0.999800039992
1 1.0
2 0.999874118832
2 0.999800039992
2 0.999800039992
2 1.0
2 1.0
1 1.0
2 1.0
2 0.999875202795
2 1.0
1 1.0
4 1.0
1 1.0
1 1.0
1 1.0
15 1.0
57 0.999950152036
1 1.0
37 1.0
17 0.99993614304
1 0.999800039992
1 1.0
1 1.0
9 1.0
14 1.0
1 1.0
1 0.999800039992
1 1.0
1 1.0
3 1.0
1 1.0
19 1.0
4 1.0
1 1.0
3 0.999901613538
1 0.999800039992
1 1.0
2 1.0
8 0.999919581825
3 1.0
1 1.0
2 1.0
1 1.0
1 1.0
1 1.0
49 1.0
1 0.999800039992
1 1.0
2 1.0
21 0.999904761905
2 1.0
30 0.999892090213
1 1.0
1 0.999800039992
1 1.0
1 1.0
1 1.0
1 1.0
1 1.0
4 1.0
1 1.0
75 1.0
1 1.0
9 1.0
3 1.0
1 1.0
39 0.999930016096
42 1.0
1 1.0
23 1.0
1 1.0
1 1.0
3 0.999912280702
3 1.0
1 1.0
2 1.0
6 0.999935946708
1 1.0
7 1.0
1 1.0
7 1.0
1 1.0
2 1.0
1 0.999800039992
1 1.0
16 1.0
2 1.0
1 1.0
