2 1.0
1 1.0
2 1.0
2 1.0
2 1.0
2 1.0
2 1.0
3 1.0
1 1.0
2 1.0
1 1.0
1 1.0
2 1.0
2 1.0
2 1.0
2 1.0
1 1.0
2 1.0
1 1.0
2 1.0
1 1.0
2 1.0
1 1.0
1 1.0
2 1.0
1 1.0
2 1.0
2 1.0
1 1.0
2 1.0
2 1.0
2 1.0
2 1.0
1 1.0
2 1.0
2 1.0
1 1.0
2 1.0
3 1.0
3 1.0
1 1.0
1 1.0
3 1.0
2 1.0
2 1.0
2 1.0
3 1.0
2 1.0
2 1.0
2 1.0
1 1.0
1 1.0
1 1.0
3 1.0
2 1.0
1 1.0
1 1.0
2 1.0
1 1.0
1 1.0
1 1.0
1 1.0
1 1.0
1 1.0
3 1.0
2 1.0
2 1.0
1 1.0
3 1.0
1 1.0
2 1.0
2 1.0
1 1.0
1 1.0
2 1.0
1 1.0
2 1.0
3 1.0
2 1.0
2 1.0
2 1.0
2 1.0
2 1.0
2 1.0
2 1.0
2 1.0
2 1.0
2 1.0
3 1.0
2 1.0
2 1.0
1 1.0
2 1.0
1 1.0
3 1.0
2 1.0
1 1.0
2 1.0
2 1.0
2 1.0
2 1.0
1 1.0
1 1.0
2 1.0
1 1.0
2 1.0
2 1.0
2 1.0
3 1.0
1 1.0
3 1.0
1 1.0
2 1.0
2 1.0
2 1.0
1 1.0
2 1.0
2 1.0
2 1.0
1 1.0
2 1.0
2 1.0
2 1.0
2 1.0
2 1.0
2 1.0
2 1.0
1 1.0
2 1.0
3 1.0
1 1.0
1 1.0
2 1.0
1 1.0
2 1.0
1 1.0
2 1.0
3 1.0
2 1.0
1 1.0
2 1.0
1 1.0
3 1.0
2 1.0
2 1.0
3 1.0
1 1.0
3 1.0
2 1.0
1 1.0
3 1.0
1 1.0
2 1.0
1 1.0
1 1.0
1 1.0
2 1.0
1 1.0
2 1.0
1 1.0
2 1.0
2 1.0
3 1.0
1 1.0
2 1.0
1 1.0
1 1.0
1 1.0
2 1.0
1 1.0
1 1.0
2 1.0
2 1.0
1 1.0
2 1.0
2 1.0
1 1.0
2 1.0
3 1.0
3 1.0
1 1.0
59 1.0
1 1.0
1 1.0
4 1.0
1 1.0
15 1.0
1 1.0
42 1.0
5 1.0
1 1.0
1 1.0
1 1.0
1 1.0
1 1.0
1 1.0
2 1.0
1 1.0
1 1.0
1 1.0
5 1.0
16 1.0
7 1.0
1 1.0
15 1.0
53 1.0
3 1.0
4 1.0
1 1.0
7 1.0
2 1.0
4 1.0
1 1.0
7 1.0
8 1.0
11 1.0
1 1.0
7 1.0
5 1.0
9 1.0
1 1.0
22 1.0
1 1.0
1 1.0
1 1.0
8 1.0
1 1.0
1 1.0
14 1.0
1 1.0
1 1.0
7 1.0
2 1.0
1 1.0
2 1.0
1 1.0
4 1.0
1 1.0
1 1.0
11 1.0
2 1.0
2 1.0
1 1.0
1 1.0
2 1.0
1 1.0
1 1.0
1 1.0
1 1.0
9 1.0
2 1.0
1 1.0
1 1.0
70 1.0
1 1.0
58 1.0
20 1.0
1 1.0
1 1.0
1 1.0
