1 11 165 9900 0
1 16 167 10000 1
1 22 167 10000 1
1 16 167 10000 1
2 4 68 4080 0
2 16 285 17080 0
1 3 53 3180 0
2 21 230 13800 0
2 14 222 13320 0
2 16 293 17560 0
1 40 167 10000 1
2 20 333 19960 0
2 20 334 20000 1
2 7 95 5700 0
2 53 334 20000 1
1 31 167 10000 1
1 23 167 10000 1
2 24 334 20000 1
2 11 334 20000 1
1 12 149 8940 0
1 23 167 10000 1
2 19 334 20000 1
1 29 167 10000 1
1 6 167 10000 1
1 3 51 3060 0
2 4 59 3540 0
1 10 167 10000 1
2 15 212 12700 0
2 29 334 20000 1
2 20 334 20000 1
3 16 258 15480 0
1 15 167 10000 1
1 27 167 10000 1
1 1 30 1800 0
1 13 167 10000 1
1 18 167 10000 1
3 11 187 11220 0
2 4 88 5280 0
2 19 298 17860 0
2 49 334 20000 1
2 21 334 20000 1
2 16 334 20000 1
1 44 167 10000 1
2 16 334 20000 1
2 15 256 15340 0
1 14 167 10000 1
1 27 167 10000 1
2 30 334 20000 1
2 8 159 9540 0
1 2 30 1800 0
1 34 167 10000 1
1 5 103 6180 0
2 9 256 15360 0
3 12 197 11820 0
1 36 167 10000 1
1 3 66 3960 0
3 23 336 20140 0
1 38 167 10000 1
1 17 167 10000 1
1 9 167 10000 1
2 25 334 20000 1
1 28 167 10000 1
2 22 334 20000 1
2 32 334 20000 1
1 6 90 5400 0
1 6 71 4260 0
2 13 244 14640 0
2 4 69 4140 0
2 22 334 20000 1
1 2 28 1680 0
2 10 160 9600 0
2 60 334 20000 1
1 29 167 10000 1
2 24 334 20000 1
2 6 69 4140 0
2 26 313 18760 0
1 28 167 10000 1
1 3 56 3360 0
2 21 334 20000 1
3 21 298 17880 0
3 21 319 19120 0
1 25 167 10000 1
3 7 148 8880 0
2 26 334 20000 1
2 23 334 20000 1
2 49 334 20000 1
1 12 160 9600 0
2 8 155 9300 0
2 31 334 20000 1
1 12 167 10000 1
2 38 334 20000 1
2 34 334 20000 1
2 41 334 20000 1
2 35 334 20000 1
1 11 167 10000 1
2 49 334 20000 1
3 30 501 30000 1
2 22 334 20000 1
1 5 77 4620 0
3 12 341 20440 0
3 92 501 30000 1
2 20 293 17560 0
1 10 167 10000 1
2 22 230 13800 0
1 7 109 6540 0
2 14 225 13480 0
2 12 125 7500 0
1 28 167 10000 1
1 10 167 10000 1
1 14 167 10000 1
1 21 167 10000 1
1 26 167 10000 1
2 1 13 780 0
1 19 167 10000 1
2 22 303 18160 0
1 1 16 960 0
2 7 159 9540 0
1 12 147 8820 0
2 33 334 20000 1
2 59 334 20000 1
1 18 167 10000 1
3 36 501 30000 1
2 41 334 20000 1
3 17 255 15280 0
2 26 334 20000 1
2 29 334 20000 1
2 23 334 20000 1
1 14 166 9960 0
1 40 167 10000 1
2 6 86 5160 0
1 20 167 10000 1
3 14 296 17740 0
1 28 167 10000 1
1 22 167 10000 1
2 17 334 20000 1
2 25 334 20000 1
3 19 203 12180 0
1 51 167 10000 1
1 1 23 1380 0
3 31 482 28880 0
1 40 167 10000 1
3 2 39 2340 0
1 11 161 9660 0
1 2 63 3780 0
2 36 334 20000 1
3 27 501 30000 1
1 22 167 10000 1
1 4 50 3000 0
2 9 129 7740 0
2 34 334 20000 1
1 42 167 10000 1
1 47 167 10000 1
2 1 20 1200 0
3 36 501 30000 1
1 20 167 10000 1
1 22 167 10000 1
2 12 334 20000 1
1 6 154 9240 0
1 1 13 780 0
2 18 192 11520 0
2 30 334 20000 1
2 33 334 20000 1
1 17 167 10000 1
1 6 78 4680 0
1 14 167 10000 1
1 8 167 10000 1
2 28 334 20000 1
2 10 142 8520 0
1 13 167 10000 1
3 25 501 30000 1
1 31 167 10000 1
1 29 167 10000 1
1 21 167 10000 1
3 26 501 30000 1
1 1 22 1320 0
2 36 334 20000 1
1 23 167 10000 1
1 18 167 10000 1
1 8 167 10000 1
1 19 167 10000 1
3 16 297 17800 0
1 30 167 10000 1
5 34 470 28200 0
1 30 167 10000 1
10 37 1139 68300 0
3 22 456 27320 0
1 26 167 10000 1
75 27 461 27660 0
1 1 14 840 0
5 18 323 19380 0
1 14 167 10000 1
6 18 285 17100 0
1 17 167 10000 1
1 16 167 10000 1
4 30 668 40000 1
2 26 334 20000 1
1 7 80 4800 0
7 8 182 10920 0
1 15 167 10000 1
11 18 227 13620 0
1 10 167 10000 1
11 22 254 15240 0
6 44 1002 60000 1
1 34 167 10000 1
3 16 209 12540 0
69 13 341 20460 0
1 8 167 10000 1
1 4 49 2940 0
1 1 21 1260 0
1 28 167 10000 1
1 10 167 10000 1
69 30 579 34720 0
11 10 153 9180 0
3 46 501 30000 1
8 3 39 2340 0
1 16 167 10000 1
1 10 149 8940 0
7 36 1169 70000 1
1 50 167 10000 1
1 23 167 10000 1
35 24 323 19380 0
1 4 99 5940 0
1 2 61 3660 0
1 13 167 10000 1
1 5 80 4800 0
3 4 78 4680 0
31 3 45 2700 0
17 17 265 15900 0
1 28 167 10000 1
1 28 167 10000 1
1 13 167 10000 1
1 19 167 10000 1
1 25 167 10000 1
1 17 167 10000 1
7 17 362 21700 0
1 9 167 10000 1
3 16 330 19780 0
1 3 47 2820 0
61 1 27 1620 0
1 2 34 2040 0
1 27 167 10000 1
1 1 26 1560 0
42 23 701 42040 0
26 18 450 26980 0
2 13 217 13000 0
1 1 25 1500 0
1 18 167 10000 1
1 26 167 10000 1
1 13 167 10000 1
1 12 167 10000 1
3 28 472 28280 0
4 3 73 4380 0
9 32 617 37020 0
1 3 42 2520 0
1 2 30 1800 0
1 7 100 6000 0
27 6 118 7080 0
1 37 167 10000 1
1 17 167 10000 1
1 13 167 10000 1
