1 1.0
1 0.998003992016
1 0.998003992016
1 0.998003992016
2 1.0
2 0.998830409357
1 1.0
2 1.0
2 1.0
2 0.998862343572
1 0.998003992016
2 0.998998998999
2 0.998003992016
2 1.0
2 0.998003992016
1 0.998003992016
1 0.998003992016
2 0.998003992016
2 0.998003992016
1 1.0
1 0.998003992016
2 0.998003992016
1 0.998003992016
1 0.998003992016
1 1.0
2 1.0
1 0.998003992016
2 0.998427672956
2 0.998003992016
2 0.998003992016
3 1.0
1 0.998003992016
1 0.998003992016
1 1.0
1 0.998003992016
1 0.998003992016
3 1.0
2 1.0
2 0.998881431767
2 0.998003992016
2 0.998003992016
2 0.998003992016
1 0.998003992016
2 0.998003992016
2 0.998697916667
1 0.998003992016
1 0.998003992016
2 0.998003992016
2 1.0
1 1.0
1 0.998003992016
1 1.0
2 1.0
3 1.0
1 0.998003992016
1 1.0
3 0.999007936508
1 0.998003992016
1 0.998003992016
1 0.998003992016
2 0.998003992016
1 0.998003992016
2 0.998003992016
2 0.998003992016
1 1.0
1 1.0
2 1.0
2 1.0
2 0.998003992016
1 1.0
2 1.0
2 0.998003992016
1 0.998003992016
2 0.998003992016
2 1.0
2 0.998935037274
1 0.998003992016
1 1.0
2 0.998003992016
3 1.0
3 0.998955067921
1 0.998003992016
3 1.0
2 0.998003992016
2 0.998003992016
2 0.998003992016
1 1.0
2 1.0
2 0.998003992016
1 0.998003992016
2 0.998003992016
2 0.998003992016
2 0.998003992016
2 0.998003992016
1 0.998003992016
2 0.998003992016
3 0.998003992016
2 0.998003992016
1 1.0
3 0.999022482893
3 0.998003992016
2 0.998862343572
1 0.998003992016
2 1.0
1 1.0
2 0.998518518519
2 1.0
1 0.998003992016
1 0.998003992016
1 0.998003992016
1 0.998003992016
1 0.998003992016
2 1.0
1 0.998003992016
2 0.998899889989
1 1.0
2 1.0
1 1.0
2 0.998003992016
2 0.998003992016
1 0.998003992016
3 0.998003992016
2 0.998003992016
3 0.998692810458
2 0.998003992016
2 0.998003992016
2 0.998003992016
1 1.0
1 0.998003992016
2 1.0
1 0.998003992016
3 0.998873873874
1 0.998003992016
1 0.998003992016
2 0.998003992016
2 0.998003992016
3 1.0
1 0.998003992016
1 1.0
3 0.998616874136
1 0.998003992016
3 1.0
1 1.0
1 1.0
2 0.998003992016
3 0.998003992016
1 0.998003992016
1 1.0
2 1.0
2 0.998003992016
1 0.998003992016
1 0.998003992016
2 1.0
3 0.998003992016
1 0.998003992016
1 0.998003992016
2 0.998003992016
1 1.0
1 1.0
2 1.0
2 0.998003992016
2 0.998003992016
1 0.998003992016
1 1.0
1 0.998003992016
1 0.998003992016
2 0.998003992016
2 1.0
1 0.998003992016
3 0.998003992016
1 0.998003992016
1 0.998003992016
1 0.998003992016
3 0.998003992016
1 1.0
2 0.998003992016
1 0.998003992016
1 0.998003992016
1 0.998003992016
1 0.998003992016
3 0.998877665544
1 0.998003992016
5 1.0
1 0.998003992016
10 0.99941469125
3 0.998538011696
1 0.998003992016
75 1.0
1 1.0
5 1.0
1 0.998003992016
6 1.0
1 0.998003992016
1 0.998003992016
4 0.998003992016
2 0.998003992016
1 1.0
7 1.0
1 0.998003992016
11 1.0
1 0.998003992016
11 1.0
6 0.998003992016
1 0.998003992016
3 1.0
69 1.0
1 0.998003992016
1 1.0
1 1.0
1 0.998003992016
1 0.998003992016
69 0.999424294761
11 1.0
3 0.998003992016
8 1.0
1 0.998003992016
1 1.0
7 0.998003992016
1 0.998003992016
1 0.998003992016
35 1.0
1 1.0
1 1.0
1 0.998003992016
1 1.0
3 1.0
31 1.0
17 1.0
1 0.998003992016
1 0.998003992016
1 0.998003992016
1 0.998003992016
1 0.998003992016
1 0.998003992016
7 0.999079189687
1 0.998003992016
3 0.99898989899
1 1.0
61 1.0
1 1.0
1 0.998003992016
1 1.0
42 0.999524488825
26 0.999259259259
2 0.99846390169
1 1.0
1 0.998003992016
1 0.998003992016
1 0.998003992016
1 0.998003992016
3 0.998587570621
4 1.0
9 1.0
1 1.0
1 1.0
1 1.0
27 1.0
1 0.998003992016
1 0.998003992016
1 0.998003992016
