2 20 62 2356 0
1 45 110 4180 0
2 31 132 5016 0
1 42 105 3990 0
2 32 110 4180 0
2 18 66 2508 0
2 26 143 5434 0
2 30 109 4142 0
2 26 114 4332 0
2 11 39 1482 0
1 35 107 4066 0
2 14 62 2356 0
1 63 172 6536 0
2 20 60 2280 0
1 25 66 2508 0
1 25 72 2736 0
2 26 118 4484 0
1 27 86 3268 0
2 28 100 3800 0
2 18 74 2812 0
1 8 20 760 0
1 4 17 646 0
1 25 52 1976 0
2 25 98 3724 0
2 17 70 2660 0
2 31 111 4218 0
1 72 215 8170 0
2 21 92 3496 0
1 7 12 456 0
2 20 81 3078 0
2 122 463 17562 0
2 18 58 2204 0
3 65 280 10640 0
1 22 49 1862 0
1 15 43 1634 0
2 7 22 836 0
2 11 45 1710 0
2 24 101 3838 0
1 27 73 2774 0
1 13 34 1292 0
2 12 49 1862 0
1 32 70 2660 0
2 30 155 5890 0
3 37 217 8246 0
3 24 128 4864 0
1 11 32 1216 0
3 24 116 4408 0
2 23 117 4446 0
1 10 21 798 0
1 20 47 1786 0
2 17 77 2926 0
1 20 37 1406 0
1 18 53 2014 0
1 13 36 1368 0
3 35 152 5776 0
2 2 15 570 0
2 12 45 1710 0
3 26 110 4180 0
2 21 71 2698 0
2 35 156 5928 0
2 15 45 1710 0
1 17 42 1596 0
2 33 110 4180 0
1 37 76 2888 0
3 20 107 4066 0
2 12 46 1748 0
1 25 51 1938 0
3 3 14 532 0
1 11 21 798 0
2 37 155 5890 0
2 32 98 3724 0
1 21 54 2052 0
1 25 75 2850 0
1 1 5 190 0
3 26 138 5244 0
1 32 66 2508 0
3 2 7 266 0
1 1 5 190 0
1 1 4 152 0
1 32 67 2546 0
2 27 94 3572 0
1 16 52 1976 0
1 9 14 532 0
2 19 76 2888 0
2 31 141 5358 0
2 11 57 2166 0
2 29 142 5396 0
3 26 174 6612 0
1 124 264 10000 1
2 29 124 4712 0
2 11 37 1406 0
1 23 50 1900 0
2 17 58 2204 0
2 34 152 5776 0
2 34 126 4788 0
1 70 224 8512 0
2 42 155 5890 0
2 23 82 3116 0
1 13 26 988 0
3 25 167 6346 0
1 17 52 1976 0
1 17 54 2052 0
1 15 37 1406 0
2 20 71 2698 0
1 18 53 2014 0
1 7 20 760 0
2 10 36 1368 0
2 87 338 12844 0
2 24 81 3078 0
2 21 66 2508 0
1 20 84 3192 0
1 7 21 798 0
3 10 48 1824 0
3 15 64 2432 0
1 28 82 3116 0
1 34 70 2660 0
1 13 31 1178 0
1 14 36 1368 0
1 40 94 3572 0
1 12 29 1102 0
1 43 121 4598 0
1 35 117 4446 0
3 16 66 2508 0
2 9 23 874 0
2 22 103 3914 0
2 23 75 2850 0
1 23 45 1710 0
2 13 57 2166 0
1 14 35 1330 0
1 21 40 1520 0
1 26 61 2318 0
1 33 101 3838 0
1 31 75 2850 0
2 14 55 2090 0
1 41 112 4256 0
3 10 48 1824 0
1 24 57 2166 0
1 12 23 874 0
2 22 83 3154 0
2 16 49 1862 0
1 23 57 2166 0
2 11 73 2774 0
3 13 60 2280 0
1 24 89 3382 0
2 26 94 3572 0
1 18 46 1748 0
1 25 63 2394 0
2 93 427 16226 0
1 17 29 1102 0
2 23 84 3192 0
1 20 53 2014 0
2 18 63 2394 0
1 8 34 1292 0
1 29 55 2090 0
2 73 364 13832 0
1 9 19 722 0
1 7 19 722 0
2 14 58 2204 0
2 37 207 7866 0
2 11 42 1596 0
1 44 90 3420 0
2 19 94 3572 0
2 8 37 1406 0
3 24 105 3990 0
2 35 176 6688 0
1 17 48 1824 0
1 7 16 608 0
2 35 129 4902 0
2 51 198 7524 0
2 15 51 1938 0
1 27 60 2280 0
1 33 75 2850 0
2 19 51 1938 0
2 35 122 4636 0
2 12 48 1824 0
1 53 132 5016 0
2 25 91 3458 0
2 75 243 9234 0
2 27 113 4294 0
1 28 61 2318 0
3 26 163 6194 0
14 8 111 4218 0
15 33 333 12654 0
1 20 49 1862 0
1 26 63 2394 0
1 29 76 2888 0
1 18 57 2166 0
1 43 95 3610 0
1 31 70 2660 0
12 18 102 3876 0
1 32 80 3040 0
1 26 70 2660 0
5 25 179 6802 0
1 15 36 1368 0
69 22 212 8056 0
1 20 59 2242 0
1 13 28 1064 0
6 23 206 7828 0
19 6 53 2014 0
1 29 63 2394 0
1 22 57 2166 0
1 23 50 1900 0
8 43 429 16302 0
1 38 106 4028 0
16 4 39 1482 0
1 19 43 1634 0
18 24 149 5662 0
26 16 157 5966 0
3 20 137 5206 0
6 8 94 3572 0
1 15 39 1482 0
1 23 47 1786 0
2 25 79 3002 0
1 71 149 5662 0
31 35 301 11438 0
1 26 85 3230 0
21 12 104 3952 0
1 67 184 6992 0
4 23 123 4674 0
1 26 92 3496 0
1 21 36 1368 0
1 24 72 2736 0
12 33 454 17256 0
40 36 412 15656 0
1 10 22 836 0
11 28 327 12426 0
1 9 20 760 0
34 55 357 13566 0
53 22 112 4256 0
1 26 86 3268 0
1 32 74 2812 0
49 25 260 9880 0
32 9 75 2850 0
6 12 95 3610 0
1 19 38 1444 0
5 11 54 2052 0
1 32 107 4066 0
1 6 16 608 0
16 40 420 15960 0
2 23 85 3230 0
6 46 322 12236 0
2 43 149 5662 0
1 10 27 1026 0
1 18 46 1748 0
1 44 123 4674 0
31 9 46 1748 0
1 24 56 2128 0
11 17 118 4484 0
2 7 22 836 0
1 19 40 1520 0
3 92 461 17518 0
66 4 67 2546 0
1 11 23 874 0
1 23 51 1938 0
1 36 115 4370 0
1 25 83 3154 0
2 30 114 4332 0
3 34 160 6080 0
1 27 73 2774 0
46 38 404 15352 0
