2 1.01333333333
1 1.01333333333
2 1.01333333333
1 1.01333333333
2 1.01333333333
2 1.01333333333
2 1.01333333333
2 1.01333333333
2 1.01333333333
2 1.01333333333
1 1.01333333333
2 1.01333333333
1 1.01333333333
2 1.01333333333
1 1.01333333333
1 1.01333333333
2 1.01333333333
1 1.01333333333
2 1.01333333333
2 1.01333333333
1 1.01333333333
1 1.01333333333
1 1.01333333333
2 1.01333333333
2 1.01333333333
2 1.01333333333
1 1.01333333333
2 1.01333333333
1 1.01333333333
2 1.01333333333
2 1.01149028078
2 1.01333333333
3 1.01333333333
1 1.01333333333
1 1.01333333333
2 1.01333333333
2 1.01333333333
2 1.01333333333
1 1.01333333333
1 1.01333333333
2 1.01333333333
1 1.01333333333
2 1.01333333333
3 1.01333333333
3 1.01333333333
1 1.01333333333
3 1.01333333333
2 1.01333333333
1 1.01333333333
1 1.01333333333
2 1.01333333333
1 1.01333333333
1 1.01333333333
1 1.01333333333
3 1.01333333333
2 1.01333333333
2 1.01333333333
3 1.01333333333
2 1.01333333333
2 1.01333333333
2 1.01333333333
1 1.01333333333
2 1.01333333333
1 1.01333333333
3 1.01333333333
2 1.01333333333
1 1.01333333333
3 1.01333333333
1 1.01333333333
2 1.01333333333
2 1.01333333333
1 1.01333333333
1 1.01333333333
1 1.01333333333
3 1.01333333333
1 1.01333333333
3 1.01333333333
1 1.01333333333
1 1.01333333333
1 1.01333333333
2 1.01333333333
1 1.01333333333
1 1.01333333333
2 1.01333333333
2 1.01333333333
2 1.01333333333
2 1.01333333333
3 1.01333333333
1 1.0101010101
2 1.01333333333
2 1.01333333333
1 1.01333333333
2 1.01333333333
2 1.01333333333
2 1.01333333333
1 1.01333333333
2 1.01333333333
2 1.01333333333
1 1.01333333333
3 1.01333333333
1 1.01333333333
1 1.01333333333
1 1.01333333333
2 1.01333333333
1 1.01333333333
1 1.01333333333
2 1.01333333333
2 1.01333333333
2 1.01333333333
2 1.01333333333
1 1.01333333333
1 1.01333333333
3 1.01333333333
3 1.01333333333
1 1.01333333333
1 1.01333333333
1 1.01333333333
1 1.01333333333
1 1.01333333333
1 1.01333333333
1 1.01333333333
1 1.01333333333
3 1.01333333333
2 1.01333333333
2 1.01333333333
2 1.01333333333
1 1.01333333333
2 1.01333333333
1 1.01333333333
1 1.01333333333
1 1.01333333333
1 1.01333333333
1 1.01333333333
2 1.01333333333
1 1.01333333333
3 1.01333333333
1 1.01333333333
1 1.01333333333
2 1.01333333333
2 1.01333333333
1 1.01333333333
2 1.01333333333
3 1.01333333333
1 1.01333333333
2 1.01333333333
1 1.01333333333
1 1.01333333333
2 1.01333333333
1 1.01333333333
2 1.01333333333
1 1.01333333333
2 1.01333333333
1 1.01333333333
1 1.01333333333
2 1.01333333333
1 1.01333333333
1 1.01333333333
2 1.01333333333
2 1.01333333333
2 1.01333333333
1 1.01333333333
2 1.01333333333
2 1.01333333333
3 1.01333333333
2 1.01333333333
1 1.01333333333
1 1.01333333333
2 1.01333333333
2 1.01333333333
2 1.01333333333
1 1.01333333333
1 1.01333333333
2 1.01333333333
2 1.01333333333
2 1.01333333333
1 1.01333333333
2 1.01333333333
2 1.01333333333
2 1.01333333333
1 1.01333333333
3 1.01333333333
14 1.01333333333
15 1.01333333333
1 1.01333333333
1 1.01333333333
1 1.01333333333
1 1.01333333333
1 1.01333333333
1 1.01333333333
12 1.01333333333
1 1.01333333333
1 1.01333333333
5 1.01333333333
1 1.01333333333
69 1.01333333333
1 1.01333333333
1 1.01333333333
6 1.01333333333
19 1.01333333333
1 1.01333333333
1 1.01333333333
1 1.01333333333
8 1.01333333333
1 1.01333333333
16 1.01333333333
1 1.01333333333
18 1.01333333333
26 1.01333333333
3 1.01333333333
6 1.01333333333
1 1.01333333333
1 1.01333333333
2 1.01333333333
1 1.01333333333
31 1.01333333333
1 1.01333333333
21 1.01333333333
1 1.01333333333
4 1.01333333333
1 1.01333333333
1 1.01333333333
1 1.01333333333
12 1.01356828194
40 1.01333333333
1 1.01333333333
11 1.01333333333
1 1.01333333333
34 1.01333333333
53 1.01333333333
1 1.01333333333
1 1.01333333333
49 1.01333333333
32 1.01333333333
6 1.01333333333
1 1.01333333333
5 1.01333333333
1 1.01333333333
1 1.01333333333
16 1.01333333333
2 1.01333333333
6 1.01333333333
2 1.01333333333
1 1.01333333333
1 1.01333333333
1 1.01333333333
31 1.01333333333
1 1.01333333333
11 1.01333333333
2 1.01333333333
1 1.01333333333
3 1.01333333333
66 1.01333333333
1 1.01333333333
1 1.01333333333
1 1.01333333333
1 1.01333333333
2 1.01333333333
3 1.01333333333
1 1.01333333333
46 1.01333333333
