2 98 312 20000 1
2 17 91 5874 0
3 21 102 6528 0
1 42 157 10000 1
1 26 97 6208 0
1 32 122 7808 0
2 10 53 3403 0
3 53 417 26867 0
2 4 29 1881 0
2 39 159 10176 0
2 30 101 6464 0
2 9 46 2976 0
1 25 102 6528 0
2 27 169 10816 0
1 38 86 5504 0
2 18 73 4672 0
1 17 49 3136 0
2 21 106 6784 0
1 15 32 2048 0
2 139 313 20000 1
2 39 262 16819 0
1 17 55 3520 0
1 33 132 8448 0
1 27 105 6720 0
1 52 150 9600 0
2 18 85 5481 0
2 12 53 3416 0
1 31 84 5376 0
2 10 42 2688 0
1 74 157 10000 1
2 35 186 11952 0
2 32 189 12129 0
3 11 58 3712 0
1 23 59 3776 0
1 24 76 4864 0
1 16 39 2496 0
1 30 68 4352 0
2 24 122 7835 0
3 8 74 4736 0
1 22 82 5248 0
2 20 82 5298 0
2 28 129 8256 0
2 13 57 3648 0
3 33 200 12800 0
2 27 99 6338 0
2 30 127 8140 0
2 79 314 20000 1
2 18 75 4821 0
3 17 90 5760 0
2 11 67 4318 0
1 9 31 1984 0
2 29 101 6464 0
2 34 190 12182 0
2 30 135 8664 0
2 24 116 7499 0
2 24 95 6090 0
1 25 70 4480 0
1 54 157 10000 1
1 14 37 2368 0
2 19 104 6664 0
2 2 14 896 0
2 17 89 5696 0
2 28 113 7267 0
3 10 63 4085 0
1 43 131 8384 0
3 22 125 8000 0
2 16 76 4864 0
1 17 70 4480 0
1 5 15 960 0
1 18 40 2560 0
2 14 59 3776 0
2 17 90 5788 0
1 25 97 6208 0
2 5 45 2885 0
1 61 157 10000 1
1 11 32 2048 0
2 28 125 8000 0
3 19 137 8768 0
2 18 99 6361 0
1 21 63 4032 0
2 27 131 8406 0
3 21 131 8447 0
1 15 41 2624 0
1 33 95 6080 0
2 23 102 6598 0
2 30 184 11833 0
3 11 138 8910 0
1 37 148 9472 0
1 22 59 3776 0
2 112 314 20000 1
3 23 134 8632 0
1 33 87 5568 0
2 32 173 11107 0
1 3 11 704 0
1 21 72 4608 0
1 15 38 2432 0
2 23 90 5760 0
2 10 73 4689 0
2 24 107 6848 0
2 1 7 448 0
2 19 101 6506 0
2 20 104 6656 0
1 11 27 1728 0
1 29 101 6464 0
2 33 160 10280 0
2 21 129 8384 0
1 30 86 5504 0
2 27 147 9481 0
2 43 207 13253 0
1 27 63 4032 0
1 21 89 5696 0
2 39 188 12040 0
1 29 115 7360 0
2 15 84 5389 0
3 116 471 30000 1
2 18 79 5098 0
1 29 75 4800 0
2 19 149 9548 0
3 25 131 8486 0
2 17 87 5576 0
2 18 73 4686 0
2 6 31 1984 0
1 24 75 4800 0
3 5 40 2560 0
1 68 157 10000 1
2 13 59 3776 0
2 22 153 9806 0
1 1 3 192 0
1 30 96 6144 0
1 23 54 3456 0
1 26 67 4288 0
1 28 79 5056 0
1 30 72 4608 0
1 3 18 1152 0
1 13 38 2432 0
2 14 64 4099 0
2 22 113 7232 0
2 11 57 3660 0
2 23 83 5312 0
2 5 21 1357 0
2 20 110 7040 0
2 11 79 5092 0
1 25 55 3520 0
2 24 123 7914 0
1 20 51 3264 0
1 27 69 4416 0
2 18 95 6085 0
1 33 88 5632 0
2 43 227 14732 0
2 33 224 14483 0
1 24 73 4672 0
1 18 76 4864 0
3 41 288 18432 0
2 44 226 14491 0
1 35 87 5568 0
1 14 47 3008 0
3 20 169 10990 0
1 56 157 10000 1
2 21 84 5383 0
2 4 39 2508 0
1 26 93 5952 0
1 17 45 2880 0
1 81 157 10000 1
2 19 88 5670 0
3 27 163 10432 0
2 51 251 16098 0
2 85 314 20000 1
3 18 102 6624 0
2 20 170 10947 0
2 22 112 7227 0
1 4 20 1280 0
1 16 51 3264 0
2 10 67 4310 0
2 17 70 4480 0
2 13 59 3789 0
1 10 28 1792 0
3 24 145 9364 0
2 19 95 6080 0
3 24 154 9881 0
2 17 70 4480 0
2 25 131 8429 0
1 25 64 4096 0
1 26 70 4480 0
56 18 177 11340 0
1 15 30 1920 0
8 26 368 23698 0
1 14 30 1920 0
1 20 60 3840 0
5 29 218 13952 0
1 17 34 2176 0
2 5 35 2252 0
21 24 199 12736 0
1 25 89 5696 0
1 34 102 6528 0
73 5 43 2752 0
1 37 93 5952 0
1 7 20 1280 0
33 6 61 3904 0
1 32 144 9216 0
4 30 293 18986 0
1 46 157 10000 1
2 9 39 2496 0
11 10 76 4864 0
1 14 46 2944 0
9 32 278 18250 0
6 1 9 603 0
7 25 212 13568 0
1 22 99 6336 0
1 25 77 4928 0
12 22 206 13184 0
1 26 71 4544 0
1 7 29 1856 0
1 140 157 10000 1
1 26 72 4608 0
2 26 116 7433 0
2 16 105 6759 0
1 24 95 6080 0
52 7 44 2817 0
1 19 62 3968 0
1 24 51 3264 0
1 42 109 6976 0
2 21 120 7723 0
18 9 60 3861 0
4 34 247 15824 0
19 27 242 15741 0
1 1 5 320 0
8 24 249 16309 0
11 10 181 11647 0
1 14 40 2560 0
1 23 75 4800 0
1 26 122 7808 0
1 7 27 1728 0
1 48 118 7552 0
11 13 207 13255 0
44 5 96 6346 0
24 41 482 30848 0
1 11 25 1600 0
3 1 5 324 0
2 15 70 4504 0
8 2 16 1034 0
1 56 157 10000 1
1 113 157 10000 1
3 15 81 5263 0
1 7 13 832 0
62 21 309 19908 0
1 27 85 5440 0
9 6 90 6020 0
2 17 94 6016 0
2 9 34 2176 0
14 22 249 16032 0
53 21 153 9792 0
9 24 309 20235 0
1 31 103 6592 0
1 4 16 1024 0
1 8 38 2432 0
32 31 382 25466 0
1 26 83 5312 0
1 1 5 320 0
11 14 89 5953 0
8 43 390 25693 0
