2 0.99649122807
2 0.99649122807
1 0.995396292149
1 0.995396292149
1 0.99649122807
1 0.99649122807
3 0.99649122807
2 0.99649122807
2 1.00581655481
2 0.99649122807
3 0.995396292149
3 0.99649122807
1 0.99649122807
3 0.99649122807
3 1.00582306831
1 0.99649122807
2 1.00867959372
1 0.99649122807
1 0.99649122807
2 0.99649122807
2 1.02270381837
1 0.99649122807
1 0.99649122807
1 0.99649122807
1 0.99649122807
2 1.00125786164
1 0.99649122807
3 0.99649122807
1 0.99649122807
1 0.99649122807
1 0.995396292149
1 0.99649122807
2 1.01374748346
2 0.99649122807
2 1.00173666489
2 0.998781163435
3 0.99649122807
1 0.995396292149
1 0.99649122807
2 1.00370927318
3 0.998798365777
2 0.99649122807
1 0.99649122807
3 1.00489888205
2 0.99649122807
2 1.00250626566
2 1.02708052182
2 0.99649122807
3 1.00302811824
2 1.02468784574
1 0.99649122807
3 0.995396292149
2 1.02282867663
2 1.02825484765
2 0.99649122807
2 1.01333333333
2 1.00029735355
3 0.995396292149
1 0.99649122807
1 0.99649122807
2 1.00521089959
3 1.00250626566
1 0.99649122807
1 0.99649122807
1 0.99649122807
1 0.99649122807
3 0.996052631579
1 0.99649122807
1 0.99649122807
1 0.99649122807
2 0.99649122807
3 0.99649122807
2 1.00803118908
2 0.99649122807
1 0.99649122807
2 0.99649122807
2 1.01452170572
3 1.03107769424
3 0.998602701444
1 0.99649122807
1 0.995396292149
2 1.00161213845
2 0.99649122807
1 0.99649122807
1 0.99649122807
2 1.00361351139
1 0.99649122807
2 1.0173541963
3 1.00966113915
2 0.999977651134
3 0.99649122807
2 0.995396292149
1 0.99649122807
2 1.00141582025
1 0.99649122807
2 0.99649122807
2 1.02049122807
2 0.99649122807
2 1.00153295861
2 1.00947607113
1 0.99649122807
1 0.99649122807
2 0.998938627708
3 0.999856784819
3 1.00053737948
1 0.99649122807
2 0.99649122807
1 0.99649122807
1 0.99649122807
2 0.99649122807
1 0.99649122807
2 0.99649122807
2 1.00397660819
1 0.99649122807
2 1.00430457587
1 0.99649122807
1 0.99649122807
3 0.995396292149
1 0.99649122807
2 1.00956665167
2 1.00342992312
2 0.995396292149
2 0.99649122807
2 1.00012682308
1 0.99649122807
2 0.99649122807
1 0.995396292149
2 0.99649122807
3 0.99649122807
2 1.00372142477
2 1.00245384704
1 0.99649122807
2 1.00261922412
1 0.99649122807
1 0.99649122807
1 0.99649122807
2 1.00167810831
1 0.99649122807
2 0.99649122807
2 0.99649122807
2 1.00413057961
2 1.01052631579
3 1.01181987226
2 0.999061032864
2 0.99649122807
2 1.00116959064
3 1.04862155388
2 1.005355494
1 0.99649122807
1 0.995396292149
2 0.99649122807
1 0.99649122807
1 0.99649122807
3 1.01531878477
1 0.99649122807
2 1.01411483254
3 0.99649122807
2 0.995396292149
2 0.99649122807
1 0.99649122807
1 0.99649122807
1 0.99649122807
2 1.00767861683
1 0.99649122807
3 1.04212980002
2 0.99649122807
3 1.03738358241
2 0.99649122807
2 0.99649122807
2 0.99649122807
2 0.99649122807
2 0.99649122807
1 0.99649122807
3 1.01447872555
2 0.99649122807
2 0.999060150376
2 0.99649122807
1 0.99649122807
1 0.99649122807
2 0.99649122807
2 0.99649122807
1 0.99649122807
1 0.99649122807
19 1.04500033353
1 0.995396292149
1 0.99649122807
1 0.99649122807
1 0.99649122807
1 0.99649122807
1 0.99649122807
1 0.995396292149
2 0.99649122807
35 0.99649122807
11 1.06315789474
30 0.995794450666
74 1.02867746289
2 0.99649122807
3 1.026957638
2 0.99649122807
12 1.06276803119
1 0.99649122807
1 0.99649122807
16 1.01048898843
1 0.995396292149
1 0.99649122807
2 1.00643842616
26 1.01328320802
22 1.040943997
6 1.07373506229
53 1.05090318389
26 1.00669856459
1 0.99649122807
1 0.99649122807
1 0.99649122807
6 1.01475748194
1 0.99649122807
69 0.99649122807
1 0.99649122807
1 0.99649122807
1 0.99649122807
1 0.99649122807
54 1.03004638032
53 1.00010025063
15 0.99649122807
1 0.99649122807
1 0.99649122807
3 1.00730294636
8 1.02923976608
62 1.00391902834
1 0.99649122807
4 0.99649122807
1 0.99649122807
1 0.99649122807
1 0.99649122807
66 1.01062446326
1 0.99649122807
2 1.00152267461
6 1.03417048846
8 1.02456140351
1 0.995396292149
1 0.99649122807
10 1.03778155065
1 0.99649122807
17 0.99649122807
22 0.99649122807
1 0.99649122807
1 0.99649122807
67 1.00086718698
1 0.99649122807
2 1.0166012045
5 1.0459833795
4 1.03741209564
1 0.99649122807
1 0.99649122807
1 0.99649122807
42 1.00912798602
8 0.998707294552
1 0.99649122807
14 1.00958562626
2 0.998390092879
