1 1.0
2 1.04729559748
1 1.0
2 1.05627329193
2 1.03934545455
2 1.0403030303
2 1.01781170483
1 1.0
2 1.00761904762
2 1.00371134021
1 1.0
1 1.0
1 1.0
2 1.02301790281
2 1.07185185185
3 1.07494252874
1 1.0
1 1.0
2 1.04055299539
2 1.0
1 1.0
1 1.0
2 1.04596774194
2 1.0439893617
2 1.02040816327
3 1.1281300813
1 1.0
1 1.0
1 1.0
1 1.0
1 1.0
1 1.0
3 1.1473015873
1 1.0
2 1.04801223242
2 1.0582010582
1 1.0
2 1.03410358566
2 1.06032608696
2 1.0101010101
3 1.05221843003
2 1.05720930233
2 1.03301435407
2 1.06751824818
1 1.0
1 1.0
2 1.04378531073
2 1.05943661972
1 1.0
2 1.04134831461
1 1.0
1 1.0
1 1.0
2 1.01711111111
2 1.06142372881
2 1.01677419355
1 1.0
3 1.15559322034
2 1.07654320988
1 1.0
2 1.02899598394
2 1.04782287823
1 1.0
3 1.11524229075
2 1.04
2 1.01785714286
2 1.07921568627
2 1.038
3 1.11774774775
2 1.09619047619
1 1.0
1 1.0
2 1.03841269841
1 1.0
1 1.0
2 1.02492211838
3 1.0805955335
2 1.04459259259
2 1.06127659574
2 1.03431034483
2 1.04342007435
1 1.0
2 1.04416107383
1 1.0
1 1.0
2 1.00115702479
2 1.034375
1 1.0
2 1.0312987013
2 1.032
1 1.0
1 1.0
2 1.08769230769
2 1.05900497512
2 1.04292682927
2 1.0101010101
1 1.0
1 1.0
3 1.186875
1 1.0
3 1.04571428571
1 1.0
1 1.0
1 1.0
3 1.09076923077
2 1.07288135593
2 1.06133333333
2 1.06614173228
1 1.0
3 1.10041450777
2 1.03666666667
1 1.0
1 1.0
2 1.00942760943
2 1.04245231608
2 1.03592592593
1 1.0
1 1.0
2 1.05054945055
2 1.05808988764
1 1.0
2 1.01909090909
3 1.06731391586
1 1.0
1 1.0
2 1.0391954023
2 1.03359173127
2 1.0152284264
2 1.0208
2 1.00975609756
3 1.08033755274
1 1.0
2 1.085
2 1.04070588235
1 1.0
2 1.04274509804
2 1.01562005277
2 1.06572463768
1 1.0
2 1.01517426273
2 1.01308641975
2 1.08672566372
1 1.0
1 1.0
1 1.0
3 1.08199288256
2 1.0152284264
2 1.02851851852
1 1.0
2 1.03266666667
3 1.07714285714
1 1.0
1 1.0
1 1.0
1 1.0
1 1.0
2 1.00816326531
1 1.0
2 1.04303030303
1 1.0
1 1.0
2 1.04935064935
1 1.0
1 1.0
2 1.09714285714
1 1.0
2 1.01265822785
1 1.0
3 1.12561797753
3 1.05163636364
1 1.0
2 1.02
1 1.0
1 1.0
1 1.0
1 1.0
1 1.0
2 1.025
1 1.0
2 1.03757142857
1 1.0
1 1.0
1 1.0
1 1.0
1 1.0
10 1.23259541985
1 1.0
50 1.14299319728
1 1.0
40 1.11598290598
38 1.31128205128
74 1.04755555556
1 1.0
1 1.0
1 1.0
1 1.0
1 1.0
1 1.0
1 1.0
1 1.0
73 1.11407114625
5 1.22388059701
1 1.0
60 1.315
2 1.00419354839
1 1.0
9 1.09945679012
1 1.0
36 1.4244047619
1 1.0
2 1.07430051813
1 1.0
3 1.09064039409
1 1.0
1 1.0
2 1.06796296296
1 1.0
16 1.29888059701
15 1.29439814815
5 1.2197235023
7 1.24792951542
1 1.0
1 1.0
1 1.0
1 1.0
1 1.0
60 1.28293706294
2 1.01265822785
1 1.0
53 1.3419760479
1 1.0
1 1.0
1 1.0
1 1.0
1 1.0
1 1.0
1 1.0
1 1.0
1 1.0
1 1.0
1 1.0
1 1.0
1 1.0
1 1.0
1 1.0
1 1.0
3 1.09755102041
3 1.07762162162
1 1.0
1 1.0
1 1.0
2 1.0131122449
1 1.0
1 1.0
2 1.0575
1 1.0
3 1.10380952381
1 1.0
1 1.0
3 1.09635036496
