2 1.26585117227
1 1.0
2 1.01471334348
3 1.56206140351
2 1.01936799185
1 0.992063492063
2 1.08401084011
2 1.07353730542
2 1.28537271449
1 0.992063492063
2 1.100110011
1 1.0
1 0.992063492063
2 1.10558319514
2 1.14547537228
3 1.3559687787
1 0.992063492063
3 1.27226463104
2 1.2383290267
2 1.12233445567
1 0.992063492063
1 1.0
2 1.10558319514
1 0.992063492063
1 0.992063492063
1 0.992063492063
2 1.21481481481
2 1.07874865156
1 0.992063492063
2 1.10558319514
2 1.12233445567
1 1.0
2 1.2802832244
1 0.992063492063
1 1.0
2 1.2797979798
1 1.0
3 1.32802124834
1 1.0
1 1.0
1 1.0
3 1.43168091168
2 1.07353730542
2 1.1396011396
2 1.06837606838
2 1.25515873016
3 1.26262626263
1 0.992063492063
3 1.19904076739
1 0.992063492063
1 1.0
3 1.44777777778
1 0.992063492063
3 1.23915737299
2 1.100110011
1 0.992063492063
1 0.992063492063
2 1.14547537228
2 1.15740740741
3 1.27226463104
3 1.43706240487
1 0.992063492063
2 1.13956326268
2 1.18021978022
1 0.992063492063
3 1.287001287
2 1.16963383838
1 1.0
2 1.27796934866
2 1.12803158488
3 1.4866836302
1 1.0
2 1.11111111111
1 0.992063492063
1 1.0
1 0.992063492063
1 0.992063492063
2 1.10558319514
1 1.0
2 1.0101010101
1 1.0
2 1.12233445567
2 1.13030831879
2 1.13378684807
2 1.13378684807
2 1.04329681794
3 1.27226463104
1 0.992063492063
1 1.0
2 1.11669458403
1 1.0
1 1.0
2 1.32456140351
2 1.2547008547
1 0.992063492063
1 0.992063492063
1 0.992063492063
2 1.100110011
2 1.05318588731
1 1.0
2 1.07874865156
1 0.992063492063
2 1.26740740741
1 0.992063492063
1 1.0
1 0.992063492063
3 1.1862396204
3 1.30718954248
2 1.12191358025
1 0.992063492063
1 0.992063492063
1 0.992063492063
2 1.08932461874
1 0.992063492063
1 1.0
1 0.992063492063
2 1.16585971446
1 1.0
1 0.992063492063
3 1.24378109453
3 1.22549019608
2 1.17040998217
1 1.0
2 1.23611111111
2 1.12233445567
1 0.992063492063
1 0.992063492063
2 1.11669458403
2 1.16959064327
2 1.11669458403
1 0.992063492063
1 0.992063492063
2 1.0582010582
2 1.21787037037
2 1.28361823362
3 1.31233595801
2 1.26875
1 0.992063492063
1 1.0
2 1.15259697567
2 1.10558319514
2 1.16346713205
1 1.0
1 0.992063492063
2 1.15141047784
1 1.0
2 1.11111111111
2 1.07353730542
1 0.992063492063
3 1.07874865156
2 1.15740740741
1 0.992063492063
2 1.10558319514
1 1.0
2 1.3
1 1.0
1 1.0
2 1.24160206718
2 1.20950950951
1 0.992063492063
3 1.19904076739
2 1.06326422116
1 0.992063492063
1 1.0
2 1.25694444444
1 1.0
2 1.13378684807
2 1.28475177305
1 1.0
1 1.0
2 1.08932461874
2 1.09469074986
2 1.10558319514
2 1.05318588731
3 1.26742712294
1 0.992063492063
1 0.992063492063
1 0.992063492063
1 0.992063492063
3 1.31324965132
2 1.11669458403
1 0.992063492063
27 2.08913649025
4 1.46198830409
3 1.43080505655
1 0.992063492063
1 1.0
41 2.07599850691
5 1.53204365079
1 0.992063492063
1 1.0
36 1.48929292929
1 0.992063492063
1 1.0
1 1.0
1 0.992063492063
2 1.14382716049
1 0.992063492063
1 0.992063492063
1 0.992063492063
23 1.78010288066
1 0.992063492063
6 1.44613159798
1 0.992063492063
1 1.0
7 1.43384057971
1 1.0
8 1.48548387097
1 1.0
1 0.992063492063
23 1.86593536211
12 1.88582375479
1 1.0
1 1.0
1 1.0
1 0.992063492063
1 0.992063492063
1 1.0
3 1.25786163522
1 0.992063492063
2 1.04329681794
1 0.992063492063
40 1.02430155438
58 1.80481809243
3 1.38888888889
1 0.992063492063
1 1.0
6 1.75179012346
1 0.992063492063
1 0.992063492063
1 1.0
1 0.992063492063
1 0.992063492063
1 1.0
41 1.51111111111
2 1.11669458403
1 0.992063492063
1 1.0
1 0.992063492063
1 0.992063492063
1 1.0
1 0.992063492063
29 1.57194899818
1 1.0
33 2.11546052632
1 0.992063492063
1 0.992063492063
1 1.0
2 1.14547537228
1 0.992063492063
29 1.5783625731
1 0.992063492063
1 0.992063492063
1 0.992063492063
1 0.992063492063
3 1.31676082863
1 0.992063492063
2 1.06837606838
1 0.992063492063
1 0.992063492063
