3 26 297 29700 0
1 41 100 10000 1
1 15 100 10000 1
3 28 300 30000 1
1 25 100 10000 1
1 1 15 1500 0
3 75 300 30000 1
1 26 100 10000 1
2 23 200 20000 1
2 16 152 15200 0
2 28 200 20000 1
2 32 200 20000 1
1 12 100 10000 1
2 4 62 6200 0
1 5 68 6800 0
2 25 172 17200 0
2 5 76 7600 0
2 63 200 20000 1
2 20 155 15500 0
2 26 200 20000 1
2 24 200 20000 1
2 41 200 20000 1
1 42 100 10000 1
1 14 100 10000 1
3 1 23 2300 0
1 7 71 7100 0
1 20 100 10000 1
2 15 200 20000 1
2 7 59 5900 0
2 23 200 20000 1
1 9 100 10000 1
1 20 100 10000 1
2 7 104 10400 0
2 4 50 5000 0
1 18 100 10000 1
2 1 16 1600 0
2 5 67 6700 0
2 33 200 20000 1
1 4 67 6700 0
1 5 55 5500 0
2 8 169 16900 0
2 7 70 7000 0
1 18 100 10000 1
2 72 200 20000 1
2 24 200 20000 1
2 16 197 19700 0
1 29 100 10000 1
3 13 118 11800 0
3 38 300 30000 1
1 51 100 10000 1
1 21 100 10000 1
3 31 300 30000 1
1 14 100 10000 1
2 11 119 11900 0
2 19 200 20000 1
2 12 150 15000 0
2 9 89 8900 0
2 5 54 5400 0
1 4 63 6300 0
2 15 178 17800 0
2 15 145 14500 0
2 35 200 20000 1
1 5 48 4800 0
2 11 98 9800 0
2 13 155 15500 0
2 38 200 20000 1
2 1 13 1300 0
2 3 63 6300 0
2 14 133 13300 0
1 37 100 10000 1
1 2 35 3500 0
1 44 100 10000 1
2 20 194 19400 0
1 6 77 7700 0
2 26 200 20000 1
2 36 200 20000 1
1 9 100 10000 1
1 8 93 9300 0
2 4 69 6900 0
3 19 287 28700 0
2 1 17 1700 0
1 17 100 10000 1
2 59 200 20000 1
3 17 300 30000 1
1 8 100 10000 1
2 19 200 20000 1
1 4 34 3400 0
1 25 100 10000 1
1 1 13 1300 0
2 13 129 12900 0
1 46 100 10000 1
2 26 200 20000 1
3 27 300 30000 1
1 20 100 10000 1
2 29 200 20000 1
3 22 276 27600 0
2 7 84 8400 0
3 32 300 30000 1
1 18 100 10000 1
2 35 200 20000 1
1 5 54 5400 0
2 10 178 17800 0
2 20 200 20000 1
3 13 163 16300 0
2 6 107 10700 0
2 29 200 20000 1
2 2 29 2900 0
3 3 46 4600 0
3 2 28 2800 0
1 50 100 10000 1
1 13 100 10000 1
2 2 34 3400 0
1 36 100 10000 1
2 37 200 20000 1
2 15 151 15100 0
1 1 9 900 0
2 21 200 20000 1
1 10 100 10000 1
1 4 52 5200 0
2 35 200 20000 1
2 1 23 2300 0
1 15 100 10000 1
1 14 100 10000 1
2 24 200 20000 1
3 38 300 30000 1
1 12 100 10000 1
2 17 200 20000 1
3 7 88 8800 0
2 13 197 19700 0
2 31 200 20000 1
2 30 200 20000 1
2 53 200 20000 1
1 20 100 10000 1
2 9 168 16800 0
2 7 98 9800 0
2 61 200 20000 1
2 7 200 20000 1
2 19 179 17900 0
1 14 100 10000 1
3 16 199 19900 0
2 1 19 1900 0
2 6 87 8700 0
2 9 89 8900 0
1 26 100 10000 1
3 35 300 30000 1
1 21 100 10000 1
2 38 200 20000 1
1 26 100 10000 1
3 27 300 30000 1
3 28 300 30000 1
2 19 166 16600 0
1 12 100 10000 1
1 6 46 4600 0
1 36 100 10000 1
1 20 100 10000 1
2 13 185 18500 0
3 14 139 13900 0
1 4 34 3400 0
2 21 188 18800 0
3 29 300 30000 1
1 30 100 10000 1
1 15 100 10000 1
2 5 59 5900 0
2 17 200 20000 1
2 19 200 20000 1
2 32 200 20000 1
1 7 100 10000 1
2 16 200 20000 1
2 19 154 15400 0
2 7 73 7300 0
3 16 174 17400 0
2 32 200 20000 1
3 32 300 30000 1
2 6 82 8200 0
1 23 100 10000 1
2 8 129 12900 0
1 49 100 10000 1
1 20 100 10000 1
2 3 33 3300 0
2 2 43 4300 0
1 11 62 6200 0
1 9 70 7000 0
1 3 47 4700 0
9 20 448 44800 0
7 9 132 13200 0
1 5 62 6200 0
1 20 100 10000 1
1 37 100 10000 1
1 8 65 6500 0
1 39 100 10000 1
1 10 90 9000 0
1 20 100 10000 1
24 19 357 35700 0
1 20 100 10000 1
37 18 367 36700 0
21 13 187 18700 0
41 11 231 23100 0
1 15 100 10000 1
1 5 65 6500 0
1 35 100 10000 1
11 14 310 31000 0
1 2 35 3500 0
1 24 100 10000 1
1 10 77 7700 0
2 4 53 5300 0
16 1 15 1500 0
2 10 75 7500 0
1 20 100 10000 1
3 7 111 11100 0
10 22 331 33100 0
14 12 106 10600 0
1 37 100 10000 1
4 30 400 40000 1
5 19 429 42900 0
1 8 52 5200 0
1 4 32 3200 0
1 33 100 10000 1
1 57 100 10000 1
1 37 100 10000 1
1 15 100 10000 1
4 11 130 13000 0
1 31 100 10000 1
1 27 100 10000 1
3 19 300 30000 1
4 32 400 40000 1
1 24 100 10000 1
1 32 100 10000 1
1 41 100 10000 1
1 22 100 10000 1
65 15 270 27000 0
1 4 39 3900 0
27 23 668 66800 0
1 10 100 10000 1
18 15 234 23400 0
6 23 444 44400 0
3 34 300 30000 1
38 32 1063 106300 0
1 13 97 9700 0
1 14 100 10000 1
1 40 100 10000 1
1 8 69 6900 0
1 3 31 3100 0
1 6 50 5000 0
6 8 94 9400 0
1 17 100 10000 1
4 17 239 23900 0
3 38 300 30000 1
1 18 100 10000 1
1 11 95 9500 0
58 2 33 3300 0
46 29 1036 103600 0
1 28 100 10000 1
9 41 724 72400 0
1 28 100 10000 1
1 1 16 1600 0
1 4 34 3400 0
1 19 100 10000 1
22 20 274 27400 0
1 20 100 10000 1
9 4 105 10500 0
