3 1.0
1 1.0
1 1.0
3 1.0
1 1.0
1 1.0
3 1.0
1 1.0
2 1.0
2 1.0
2 1.0
2 1.0
1 1.0
2 1.0
1 1.0
2 1.0
2 1.0
2 1.0
2 1.0
2 1.0
2 1.0
2 1.0
1 1.0
1 1.0
3 1.0
1 1.0
1 1.0
2 1.0
2 1.0
2 1.0
1 1.0
1 1.0
2 1.0
2 1.0
1 1.0
2 1.0
2 1.0
2 1.0
1 1.0
1 1.0
2 1.0
2 1.0
1 1.0
2 1.0
2 1.0
2 1.0
1 1.0
3 1.0
3 1.0
1 1.0
1 1.0
3 1.0
1 1.0
2 1.0
2 1.0
2 1.0
2 1.0
2 1.0
1 1.0
2 1.0
2 1.0
2 1.0
1 1.0
2 1.0
2 1.0
2 1.0
2 1.0
2 1.0
2 1.0
1 1.0
1 1.0
1 1.0
2 1.0
1 1.0
2 1.0
2 1.0
1 1.0
1 1.0
2 1.0
3 1.0
2 1.0
1 1.0
2 1.0
3 1.0
1 1.0
2 1.0
1 1.0
1 1.0
1 1.0
2 1.0
1 1.0
2 1.0
3 1.0
1 1.0
2 1.0
3 1.0
2 1.0
3 1.0
1 1.0
2 1.0
1 1.0
2 1.0
2 1.0
3 1.0
2 1.0
2 1.0
2 1.0
3 1.0
3 1.0
1 1.0
1 1.0
2 1.0
1 1.0
2 1.0
2 1.0
1 1.0
2 1.0
1 1.0
1 1.0
2 1.0
2 1.0
1 1.0
1 1.0
2 1.0
3 1.0
1 1.0
2 1.0
3 1.0
2 1.0
2 1.0
2 1.0
2 1.0
1 1.0
2 1.0
2 1.0
2 1.0
2 1.0
2 1.0
1 1.0
3 1.0
2 1.0
2 1.0
2 1.0
1 1.0
3 1.0
1 1.0
2 1.0
1 1.0
3 1.0
3 1.0
2 1.0
1 1.0
1 1.0
1 1.0
1 1.0
2 1.0
3 1.0
1 1.0
2 1.0
3 1.0
1 1.0
1 1.0
2 1.0
2 1.0
2 1.0
2 1.0
1 1.0
2 1.0
2 1.0
2 1.0
3 1.0
2 1.0
3 1.0
2 1.0
1 1.0
2 1.0
1 1.0
1 1.0
2 1.0
2 1.0
1 1.0
1 1.0
1 1.0
9 1.0
7 1.0
1 1.0
1 1.0
1 1.0
1 1.0
1 1.0
1 1.0
1 1.0
24 1.0
1 1.0
37 1.0
21 1.0
41 1.0
1 1.0
1 1.0
1 1.0
11 1.0
1 1.0
1 1.0
1 1.0
2 1.0
16 1.0
2 1.0
1 1.0
3 1.0
10 1.0
14 1.0
1 1.0
4 1.0
5 1.0
1 1.0
1 1.0
1 1.0
1 1.0
1 1.0
1 1.0
4 1.0
1 1.0
1 1.0
3 1.0
4 1.0
1 1.0
1 1.0
1 1.0
1 1.0
65 1.0
1 1.0
27 1.0
1 1.0
18 1.0
6 1.0
3 1.0
38 1.0
1 1.0
1 1.0
1 1.0
1 1.0
1 1.0
1 1.0
6 1.0
1 1.0
4 1.0
3 1.0
1 1.0
1 1.0
58 1.0
46 1.0
1 1.0
9 1.0
1 1.0
1 1.0
1 1.0
1 1.0
22 1.0
1 1.0
9 1.0
