2 5 336 16166 0
1 11 264 10000 1
2 13 410 20000 1
1 2 63 2603 0
2 4 193 10284 0
2 16 383 20000 1
1 18 322 10000 1
3 1 114 5641 0
1 15 303 10000 1
2 5 211 9582 0
1 11 246 10000 1
3 17 582 30000 1
1 24 314 10000 1
2 2 110 7516 0
1 24 247 10000 1
2 2 97 5833 0
2 11 442 20000 1
3 1 110 5945 0
3 8 528 30000 1
3 4 224 13861 0
3 11 534 30000 1
2 18 450 20000 1
2 1 83 3594 0
2 13 439 20000 1
1 17 256 10000 1
3 2 95 5402 0
2 9 458 18939 0
1 16 252 10000 1
2 1 107 4415 0
1 3 193 7526 0
2 1 87 4406 0
2 16 441 20000 1
3 9 670 30000 1
2 13 431 20000 1
2 1 63 2705 0
2 7 461 20000 1
2 8 366 20000 1
1 1 62 2380 0
3 13 692 30000 1
1 19 282 10000 1
2 6 328 17393 0
1 10 256 10000 1
2 5 501 20000 1
1 9 227 10000 1
2 3 202 10552 0
1 13 294 10000 1
2 1 61 4062 0
2 4 368 17137 0
2 14 447 20000 1
2 11 467 20000 1
3 17 644 30000 1
3 4 248 9116 0
3 1 106 5188 0
2 14 481 20000 1
2 1 66 3166 0
2 15 599 20000 1
3 13 543 30000 1
2 2 117 5285 0
1 28 315 10000 1
2 8 500 20000 1
2 16 506 20000 1
3 1 66 4344 0
3 14 682 30000 1
2 4 325 14876 0
1 11 292 10000 1
2 4 332 17004 0
3 1 86 5235 0
2 4 285 14084 0
2 15 457 20000 1
1 4 129 5276 0
1 24 359 10000 1
2 1 97 4996 0
2 8 397 20000 1
2 8 446 20000 1
2 5 259 13778 0
1 18 272 10000 1
1 18 270 10000 1
2 18 404 20000 1
3 4 388 20337 0
2 1 50 2842 0
1 13 339 9553 0
1 16 272 10000 1
2 1 61 4302 0
2 8 473 20000 1
1 5 191 7315 0
1 8 205 5388 0
2 4 271 13651 0
2 6 335 17694 0
1 8 226 9256 0
2 2 152 9986 0
3 8 487 25603 0
2 1 69 4062 0
1 7 259 10000 1
2 14 462 20000 1
1 3 87 3041 0
1 14 262 10000 1
1 8 206 7007 0
1 29 301 10000 1
1 14 281 10000 1
2 12 494 20000 1
1 13 251 10000 1
3 4 174 12035 0
2 16 455 20000 1
2 6 385 20000 1
2 1 86 4394 0
2 1 75 4565 0
2 9 425 20000 1
2 10 453 20000 1
1 28 301 10000 1
1 1 48 2231 0
1 1 36 1504 0
2 6 311 17074 0
2 5 198 7853 0
2 9 452 20000 1
1 5 266 9408 0
1 14 274 10000 1
2 7 314 16813 0
2 13 401 20000 1
1 2 66 2988 0
1 7 274 10000 1
2 9 447 18680 0
1 19 283 10000 1
2 5 405 19648 0
1 30 276 10000 1
1 12 256 10000 1
2 8 372 20000 1
1 10 275 10000 1
2 14 428 20000 1
3 1 66 4344 0
2 1 63 4070 0
3 5 325 21611 0
2 9 422 20000 1
2 3 206 8224 0
1 11 271 10000 1
1 17 307 10000 1
3 10 490 30000 1
2 1 75 4456 0
1 18 330 10000 1
1 15 303 10000 1
3 2 143 7684 0
2 2 115 7079 0
2 5 210 6365 0
1 27 308 10000 1
2 12 416 20000 1
1 1 74 2554 0
2 14 475 20000 1
2 6 179 6634 0
3 5 395 21113 0
2 6 389 20000 1
2 19 417 20000 1
1 1 43 1634 0
1 18 288 10000 1
1 26 279 10000 1
2 13 405 20000 1
3 6 392 21517 0
1 12 281 10000 1
2 7 378 20000 1
2 14 515 20000 1
1 3 91 3458 0
2 9 418 20000 1
2 12 406 20000 1
1 18 293 10000 1
1 7 255 8559 0
1 6 269 10000 1
3 2 139 9528 0
1 1 50 1504 0
1 21 275 10000 1
2 16 415 20000 1
2 10 392 20000 1
2 4 224 8927 0
1 5 120 2850 0
1 9 296 9521 0
1 3 174 6467 0
2 9 435 20000 1
1 17 317 10000 1
2 5 227 8962 0
1 7 265 10000 1
2 2 115 7080 0
2 2 166 7258 0
2 8 385 20000 1
1 19 264 10000 1
52 12 7556 520000 1
8 1 57 4650 0
4 4 311 17851 0
4 9 676 40000 1
1 4 173 6695 0
38 3 765 62538 0
65 4 357 31690 0
1 9 263 8410 0
3 5 374 26364 0
1 10 249 10000 1
1 6 245 7712 0
26 1 76 4776 0
63 2 218 15062 0
1 6 229 10000 1
1 2 36 906 0
57 9 8519 570000 1
6 14 1183 60000 1
17 4 713 76546 0
60 7 7133 600000 1
22 1 58 4087 0
1 21 281 10000 1
1 5 230 7778 0
8 3 494 32717 0
1 30 274 10000 1
1 1 64 2240 0
4 4 496 32800 0
8 1 125 16320 0
2 1 85 4694 0
1 7 220 8799 0
1 7 232 8765 0
2 2 162 9360 0
1 18 319 10000 1
1 1 55 2201 0
1 1 51 2215 0
1 19 313 10000 1
1 21 243 10000 1
1 4 135 5341 0
1 1 32 1393 0
1 27 276 10000 1
22 1 127 12485 0
20 3 345 25136 0
1 4 197 7177 0
71 1 87 7817 0
1 15 259 10000 1
1 23 299 10000 1
1 17 244 10000 1
1 25 269 10000 1
1 1 61 1636 0
1 9 315 9710 0
1 25 234 10000 1
2 18 440 20000 1
1 2 119 4689 0
2 14 428 20000 1
10 11 1577 100000 1
1 8 207 7117 0
1 9 277 10000 1
2 12 358 20000 1
26 6 2725 260000 1
1 19 255 10000 1
1 28 321 10000 1
22 13 2952 220000 1
8 13 1432 80000 1
26 3 136 9626 0
51 7 6035 510000 1
3 1 79 6702 0
1 19 265 10000 1
5 1 146 12087 0
1 1 45 2159 0
17 6 1800 170000 1
7 2 154 8170 0
4 16 780 40000 1
1 14 325 10000 1
1 2 159 5227 0
1 12 284 10000 1
1 1 63 2166 0
7 4 620 41255 0
6 5 602 42239 0
1 8 272 10000 1
1 14 317 9882 0
