1 2 98 6038 0
2 12 277 20000 1
1 3 193 10000 1
2 9 397 20000 1
1 10 193 10000 1
2 2 117 10754 0
2 1 74 7368 0
1 1 94 4260 0
2 2 171 12800 0
1 6 193 10000 1
1 2 109 5952 0
1 19 191 10000 1
2 12 356 20000 1
2 1 58 6092 0
2 8 257 20000 1
1 13 172 10000 1
1 10 197 10000 1
1 1 46 2845 0
3 4 368 30000 1
1 1 65 3786 0
2 9 364 20000 1
1 8 167 10000 1
1 2 100 6381 0
1 1 101 4095 0
2 5 304 20000 1
2 11 338 20000 1
1 7 201 10000 1
1 2 83 5409 0
3 12 403 30000 1
1 3 197 10000 1
1 2 135 6495 0
3 2 266 21549 0
1 1 55 3772 0
2 5 317 20000 1
2 1 62 5550 0
2 2 182 16306 0
2 8 264 20000 1
2 8 243 20000 1
1 2 91 5516 0
2 2 122 11980 0
2 11 318 20000 1
1 6 185 10000 1
1 17 211 10000 1
2 5 259 20000 1
1 11 215 10000 1
2 5 246 20000 1
1 20 216 10000 1
2 7 272 20000 1
1 1 61 2826 0
1 15 184 10000 1
2 5 366 20000 1
1 13 177 10000 1
3 2 243 20419 0
2 2 197 15181 0
1 6 181 10000 1
2 5 266 20000 1
1 8 184 10000 1
1 14 211 10000 1
2 1 49 4934 0
1 19 256 10000 1
1 1 45 3652 0
1 12 184 10000 1
2 1 81 7484 0
1 15 170 10000 1
3 1 68 7782 0
3 1 95 10302 0
2 3 270 20000 1
2 2 226 17066 0
2 1 146 9324 0
1 4 164 10000 1
2 3 174 15861 0
1 17 213 10000 1
1 10 169 10000 1
1 1 80 4728 0
2 2 144 14630 0
2 7 218 20000 1
1 15 179 10000 1
3 4 283 30000 1
1 16 211 10000 1
1 8 157 10000 1
3 3 309 30000 1
2 5 250 20000 1
1 16 218 10000 1
2 8 272 20000 1
1 12 197 10000 1
2 3 236 20000 1
3 1 90 11904 0
3 10 356 30000 1
2 1 83 8111 0
1 1 77 4585 0
1 4 174 10000 1
2 1 56 5288 0
2 2 119 9585 0
1 6 196 10000 1
2 5 319 20000 1
2 8 238 20000 1
1 17 160 10000 1
1 1 67 4541 0
1 1 69 4237 0
1 7 174 10000 1
3 10 334 30000 1
1 3 172 8739 0
2 1 119 9164 0
3 7 376 30000 1
1 1 67 4122 0
1 1 102 5369 0
1 10 190 10000 1
3 5 338 30000 1
1 1 57 3532 0
1 10 156 10000 1
2 3 202 17312 0
3 11 272 30000 1
1 1 75 4556 0
1 4 191 10000 1
2 10 343 20000 1
1 2 154 7942 0
2 6 309 20000 1
1 12 158 10000 1
1 4 234 10000 1
1 8 220 10000 1
1 8 191 10000 1
2 1 109 9962 0
1 3 174 10000 1
3 5 390 30000 1
1 9 195 10000 1
1 3 175 8105 0
2 6 249 20000 1
2 2 243 20000 1
2 2 163 12142 0
1 1 62 2824 0
3 9 456 30000 1
3 9 387 30000 1
2 1 93 7154 0
1 9 178 10000 1
1 20 198 10000 1
1 15 205 10000 1
3 5 360 30000 1
1 2 88 4820 0
2 3 205 20000 1
2 7 367 20000 1
2 3 191 14389 0
1 3 150 8675 0
1 1 50 3494 0
2 6 278 20000 1
1 1 58 3515 0
1 1 69 4033 0
2 11 277 20000 1
2 5 308 20000 1
1 16 182 10000 1
2 2 128 10748 0
3 2 203 25929 0
2 1 115 8177 0
1 5 157 10000 1
1 2 96 6623 0
1 5 177 10000 1
1 2 149 8527 0
1 10 195 10000 1
1 1 42 2994 0
1 5 168 10000 1
2 1 92 9452 0
1 4 148 10000 1
1 2 170 9000 0
3 6 428 30000 1
2 1 58 4240 0
2 1 101 8870 0
1 2 78 5337 0
2 2 83 8533 0
1 14 238 10000 1
1 7 155 10000 1
3 1 61 7742 0
2 1 67 8116 0
1 8 206 10000 1
1 3 206 10000 1
1 4 149 10000 1
1 8 221 10000 1
2 5 241 20000 1
2 4 314 20000 1
1 1 42 2679 0
2 10 386 20000 1
2 13 268 20000 1
2 1 54 4430 0
38 5 3195 380000 1
57 4 3942 570000 1
2 10 303 20000 1
2 2 244 20000 1
1 14 181 10000 1
2 4 223 20000 1
1 6 156 10000 1
1 16 180 10000 1
1 18 226 10000 1
15 1 98 14100 0
1 13 202 10000 1
26 3 756 73992 0
3 4 360 30000 1
1 2 91 5288 0
1 3 126 7702 0
3 1 100 9018 0
1 3 186 10000 1
1 12 207 10000 1
1 13 165 10000 1
1 5 228 10000 1
12 1 87 14046 0
19 9 2544 190000 1
1 1 63 2948 0
1 1 77 4701 0
1 1 65 3328 0
1 5 167 10000 1
43 1 163 35133 0
2 6 252 20000 1
1 9 208 10000 1
74 2 116 17644 0
1 13 164 10000 1
1 2 117 6197 0
1 19 167 10000 1
44 9 5038 440000 1
2 4 265 20000 1
1 14 188 10000 1
1 6 224 10000 1
2 3 307 20000 1
1 1 64 4101 0
7 4 598 70000 1
1 14 209 10000 1
1 7 171 10000 1
1 3 153 10000 1
1 13 145 10000 1
3 7 314 30000 1
5 1 109 17853 0
1 17 179 10000 1
5 4 431 50000 1
1 3 154 10000 1
1 2 120 7851 0
16 3 452 78177 0
1 13 191 10000 1
7 6 675 70000 1
1 1 45 2940 0
4 11 585 40000 1
2 13 312 20000 1
1 4 187 10000 1
1 1 71 3724 0
8 1 135 20951 0
4 4 414 40000 1
4 7 517 40000 1
24 3 1422 240000 1
1 2 147 8431 0
18 3 322 48383 0
1 15 170 10000 1
1 4 192 10000 1
1 1 71 4191 0
2 1 112 6576 0
1 10 195 10000 1
1 2 108 7344 0
3 8 377 30000 1
10 1 213 30487 0
2 5 246 20000 1
4 6 460 40000 1
1 19 175 10000 1
1 1 66 4542 0
1 1 76 4584 0
3 6 348 30000 1
1 2 100 4603 0
