1 0.440087463557
2 0.515729757607
1 0.370096225019
2 0.359841669665
1 0.370096225019
2 0.656532356532
2 0.711196911197
1 0.323708206687
2 0.534670008354
1 0.370096225019
1 0.39003931848
1 0.37397157816
2 0.401284109149
2 0.750246305419
2 0.555864369094
1 0.415282392027
1 0.362581580856
1 0.441770186335
3 0.582298136646
1 0.416043956044
2 0.392464678179
1 0.427715996578
1 0.455785714286
1 0.289603960396
2 0.46992481203
2 0.422654268808
1 0.355366027008
1 0.465490533563
3 0.531726338178
1 0.362581580856
1 0.343650793651
3 0.578651987111
1 0.48987012987
2 0.450653447499
2 0.639400921659
2 0.639952904239
2 0.541125541126
2 0.587889476778
1 0.432967032967
2 0.701405152225
2 0.449236298293
1 0.3861003861
1 0.338524035206
2 0.551571980143
1 0.332225913621
2 0.580720092915
1 0.330687830688
2 0.525210084034
1 0.330913348946
1 0.388198757764
2 0.390320062451
1 0.403551251009
3 0.600205761317
2 0.550435097897
1 0.394632991318
2 0.537056928034
1 0.388198757764
1 0.338524035206
2 0.719241982507
1 0.279017857143
1 0.579682539683
1 0.388198757764
2 0.659964726631
1 0.420168067227
3 0.81743697479
3 0.774586466165
2 0.529100529101
2 0.539380530973
2 0.456164383562
1 0.435540069686
2 0.651108374384
1 0.335345405768
1 0.422654268808
1 0.422142857143
2 0.725694444444
2 0.655307994758
1 0.399042298484
3 0.757193336699
1 0.338524035206
1 0.454959053685
3 0.693481276006
2 0.571428571429
1 0.327653997379
2 0.525210084034
1 0.362581580856
2 0.605326876513
3 0.944761904762
3 0.601926163724
2 0.698020654045
1 0.425324675325
1 0.410509031199
2 0.674489795918
2 0.575330132053
1 0.36443148688
2 0.447828034035
2 0.600240096038
1 0.446428571429
1 0.484115138593
1 0.438612836439
1 0.410509031199
3 0.641573994867
1 0.362915282392
2 0.55006002401
3 0.56990881459
1 0.439445628998
1 0.375980392157
1 0.375939849624
3 0.633981403212
1 0.442606516291
1 0.457875457875
2 0.61216407355
3 0.78781512605
1 0.433904761905
1 0.37397157816
2 0.416493127863
1 0.368367346939
2 0.46232085067
1 0.452079566004
1 0.30525030525
1 0.324675324675
1 0.37397157816
2 0.652817824377
1 0.410509031199
3 0.549450549451
1 0.3663003663
1 0.330816326531
2 0.57372346529
2 0.587889476778
2 0.532077125329
1 0.32534562212
3 0.46992481203
3 0.553709856035
2 0.549462365591
1 0.401284109149
1 0.36075036075
1 0.348432055749
3 0.595238095238
1 0.391233766234
2 0.696864111498
2 0.389256520047
2 0.538107703815
1 0.413095238095
1 0.499142857143
2 0.513874614594
1 0.432881773399
1 0.417494824017
2 0.515729757607
2 0.463821892393
1 0.392464678179
2 0.599776785714
3 0.912350457424
2 0.507888198758
1 0.454959053685
1 0.492782738095
1 0.403551251009
1 0.408772770853
1 0.3663003663
1 0.509183673469
1 0.425170068027
2 0.733850931677
1 0.482625482625
1 0.378151260504
3 0.500667556742
2 0.522167487685
2 0.62729844413
1 0.488736263736
2 0.734337349398
1 0.300120048019
1 0.460829493088
3 0.906557377049
2 0.865245202559
1 0.346740638003
1 0.346740638003
1 0.479386385427
1 0.323206205559
2 0.592768227623
2 0.454959053685
1 0.455612244898
2 0.370096225019
2 0.533049040512
2 0.585978835979
38 0.849541694612
57 1.03283322461
2 0.471475719
2 0.585480093677
1 0.394632991318
2 0.640614990391
1 0.457875457875
1 0.396825396825
1 0.31605562579
15 1.027696793
1 0.35360678925
26 0.699092970522
3 0.595238095238
1 0.415070643642
1 0.436621315193
3 0.644142857143
1 0.384024577573
1 0.345065562457
1 0.4329004329
1 0.31328320802
12 1.15320197044
19 0.533468104223
1 0.334240362812
1 0.436085343228
1 0.365714285714
1 0.427715996578
43 1.53957055215
2 0.566893424036
1 0.343406593407
74 1.08645320197
1 0.435540069686
1 0.378327228327
1 0.427715996578
44 0.623830318153
2 0.539083557951
1 0.379939209726
1 0.31887755102
2 0.46533271289
1 0.457700892857
7 0.836120401338
1 0.341763499658
1 0.417710944027
1 0.46685340803
1 0.492610837438
3 0.682438580528
5 1.16992136304
1 0.399042298484
5 0.828637719589
1 0.463821892393
1 0.467321428571
16 1.23541403287
1 0.37397157816
7 0.740740740741
1 0.466666666667
4 0.4884004884
2 0.457875457875
1 0.381970970206
1 0.374647887324
8 1.10851851852
4 0.690131124914
4 0.552638850511
24 1.20554550934
1 0.409669582119
18 1.07326974268
1 0.420168067227
1 0.372023809524
1 0.421629778672
2 0.419387755102
1 0.3663003663
1 0.485714285714
3 0.568397120121
10 1.02236753856
2 0.580720092915
4 0.621118012422
1 0.408163265306
1 0.491558441558
1 0.430827067669
3 0.615763546798
1 0.328785714286
