2 0.686813186813
1 0.390625
1 0.45661407767
2 0.581395348837
2 0.405844155844
1 0.49255952381
1 0.352711397059
1 0.369822485207
3 0.610749185668
2 0.624934895833
2 0.437062937063
2 0.592417061611
2 0.771604938272
1 0.438888888889
2 0.558035714286
1 0.459558823529
2 0.451263537906
1 0.383435582822
1 0.446428571429
1 0.395569620253
2 0.553476821192
2 0.891527777778
2 0.494071146245
3 0.729571984436
2 0.574590163934
2 0.694444444444
1 0.285388127854
3 0.526685393258
1 0.48130787037
2 0.51867219917
1 0.390625
1 0.411184210526
2 0.563063063063
3 0.576923076923
1 0.466417910448
2 0.468164794007
1 0.393081761006
2 0.808059210526
2 0.683988764045
3 1.21600378788
1 0.508130081301
1 0.372023809524
2 0.6038647343
3 0.637755102041
2 0.419463087248
2 0.725227272727
1 0.408496732026
2 0.639594414894
1 0.367647058824
2 0.446428571429
1 0.398181818182
2 0.578703703704
1 0.349162011173
1 0.393081761006
1 0.38769379845
2 0.65445026178
1 0.355113636364
1 0.343406593407
2 0.374251497006
2 0.884652777778
2 0.586854460094
2 0.675675675676
2 0.62484939759
2 0.70467032967
2 0.65445026178
1 0.3125
3 1.13734756098
2 0.694444444444
1 0.473484848485
1 0.51845703125
2 0.62764084507
2 0.874125874126
1 0.45859375
3 0.629194630872
2 0.441696113074
1 0.40436746988
1 0.5446875
2 0.510204081633
2 0.623327464789
1 0.357142857143
2 0.640654761905
3 0.587774294671
2 0.93515625
3 0.637755102041
1 0.398089171975
2 0.520833333333
2 0.637755102041
2 0.512295081967
1 0.387039473684
2 0.477099236641
1 0.500907258065
1 0.385802469136
1 0.378787878788
2 0.820656779661
3 0.747011952191
2 0.388198757764
2 0.563063063063
1 0.411184210526
2 0.94580078125
2 0.581395348837
1 0.359195402299
3 0.531161473088
2 0.612745098039
2 0.51652892562
3 0.566465256798
1 0.335232843137
3 0.784518828452
2 0.848258196721
1 0.351123595506
2 0.444839857651
2 0.598086124402
2 0.764375
1 0.422297297297
1 0.41326754386
1 0.323834196891
2 0.46992481203
1 0.434027777778
1 0.357142857143
1 0.336021505376
1 0.434027777778
1 0.400641025641
2 0.400641025641
2 0.794262295082
1 0.289351851852
3 0.573394495413
2 0.484496124031
1 0.408496732026
1 0.314070351759
1 0.452898550725
1 0.421169354839
1 0.408496732026
2 0.65445026178
2 0.7625
1 0.46697761194
3 1.0647606383
2 0.853040540541
2 0.42662116041
2 0.384615384615
1 0.425170068027
2 0.8575
2 0.490196078431
1 0.408806818182
2 0.735294117647
2 0.727965328467
1 0.452898550725
1 0.28801843318
1 0.419186046512
1 0.393081761006
1 0.48828125
2 0.634517766497
2 0.759451219512
1 0.477099236641
1 0.462962962963
2 0.606796116505
3 0.884433962264
2 0.702247191011
1 0.383435582822
3 0.608766233766
1 0.396527777778
1 0.400641025641
2 0.369207317073
2 0.621890547264
1 0.332446808511
2 0.753012048193
1 0.48828125
2 0.492125984252
1 0.339673913043
2 0.519004065041
2 0.36023054755
2 0.56582278481
2 0.598086124402
1 0.532069672131
1 0.443534482759
1 0.475892857143
1 0.51652892562
3 0.554733727811
1 0.414362980769
3 0.629194630872
1 0.459810126582
1 0.376506024096
1 0.444467213115
3 1.01009615385
32 1.30923295455
1 0.395569620253
21 0.737774030354
1 0.44014084507
14 1.13104166667
1 0.381097560976
2 0.651041666667
7 0.669984686064
2 0.508130081301
1 0.307164634146
2 0.728153669725
10 0.843454790823
1 0.5
9 0.89003164557
10 0.724217844728
17 0.817307692308
1 0.376506024096
1 0.45
24 1.10805
14 0.630403458213
5 1.17041198502
1 0.372023809524
47 0.649314765694
1 0.534188034188
1 0.322164948454
62 1.27132545932
1 0.415669014085
2 0.830238970588
11 1.40306122449
61 1.10164473684
1 0.473767605634
1 0.48828125
9 1.75255
1 0.383630952381
3 0.616776315789
1 0.393081761006
1 0.428082191781
1 0.388198757764
7 0.62769010043
1 0.428082191781
1 0.425170068027
18 1.66174298375
1 0.376506024096
1 0.425170068027
3 0.43808411215
1 0.383435582822
2 0.548245614035
4 0.739644970414
3 0.758482142857
2 0.657894736842
1 0.410164141414
1 0.411184210526
1 0.44014084507
1 0.422297297297
1 0.394544491525
1 0.444930555556
1 0.484496124031
3 0.821853741497
1 0.388198757764
51 0.955772113943
49 1.37547348485
1 0.525210084034
1 0.499563953488
27 0.913149350649
1 0.330687830688
1 0.391290983607
1 0.477099236641
1 0.471130952381
6 0.443786982249
1 0.48828125
1 0.4175
1 0.291270380435
1 0.460361842105
1 0.354140625
31 1.57905460473
1 0.413907284768
1 0.395569620253
30 1.40862831858
