1.54374899437
1.42913440235
1.96262975779
2.5
1.78571428571
1.47058823529
4.52751358789
4.04626838235
4.15456897007
3.76796973518
3.86348720193
2.3533387402
2.94935390335
2.98516320475
2.18218218218
0.387946649271
0.402416603215
0.324400754003
1.47381857686
1.28386407959
1.84243883682
1.8615431534
2.38095238095
1.96078431373
2.14354598328
2.00983569205
2.74541068581
3.29331674383
2.88106492718
2.61155851852
2.54648716952
1.72181980803
1.51837230282
0.394274312076
0.519508271415
0.467546495445
1.33333333333
1.1917083188
1.6443653706
2.65243004418
1.82892249527
2.94117647059
1.31547619048
1.09942600031
1.56107434849
2.1821040962
2.46283125371
2.13738132499
5.0
3.33333333333
2.7027027027
0.238461987429
0.302056842835
0.278016574927
1.0
0.893358686898
1.28125565224
2.60904522613
1.81290524995
2.94117647059
1.90795682596
1.95198139026
3.01373537256
4.86634793492
4.90533562823
5.02092050209
6.69401904762
4.45227095517
3.71233020254
0.410854704769
0.425096071822
0.391823377899
1.0
0.894073432254
1.30959053265
1.33333333333
1.20031126386
1.96078431373
1.45384514779
1.25243575587
1.94056470693
4.11805533244
5.03505724987
4.87516744289
10.0
6.66666666667
5.40540540541
0.279777782976
0.307742441637
0.333469730996
0.5
0.349918857708
0.4674512201
1.0
0.817769970414
1.04166666667
1.44404354682
1.52782432225
2.32150687923
4.80267081448
6.47430839002
6.17214873604
5.74308207705
5.63441077441
4.5948536194
0.240238006302
0.299104386823
0.271941171448
0.5
0.349950486636
0.468338705432
1.0
0.818024398428
1.04166666667
1.34152819287
1.28562200187
1.9401165353
5.59349217063
8.13171583851
9.02739423524
5.017897474
4.29850877193
4.6119115877
0.283639780328
0.310383395658
0.263579966798
0.499974577441
0.349738623435
0.467872983275
0.985726590378
0.80657175556
0.997905188246
1.86145290424
1.82906717629
2.99094109093
6.53559447983
9.17420198849
8.25696830851
4.30123915737
3.91308868502
4.62895870323
0.125222539351
0.150832404872
0.144785145298
0.8
0.559978709067
0.749920990999
2.0
1.65982639872
2.08333333333
2.68643125655
2.53690406898
3.64743438979
8.06604681689
10.5857786358
11.6356741206
5.02981947623
5.12990541052
5.44811651029
0.0878830992907
0.096986991698
0.0953982342152
